155 162 0 20 1.0 
139 143 0 20 0.988913231455 
138 143 0 20 0.95412232046 
95 126 0 20 0.933633089963 
94 126 0 20 0.908172708823 
214 217 0 20 0.84540179613 
95 162 0 20 0.837239998319 
154 162 0 20 0.818939045417 
104 126 0 20 0.813615254427 
151 166 0 20 0.807537882443 
101 166 0 20 0.807490152999 
94 162 0 20 0.769790413693 
95 107 0 20 0.766882070694 
121 126 0 20 0.754447360924 
101 167 0 20 0.726346335821 
97 181 0 20 0.702427575761 
151 167 0 20 0.693113438007 
92 126 0 20 0.689967116003 
162 174 0 20 0.672272299488 
95 108 0 20 0.654452092592 
152 166 0 20 0.641761726797 
92 125 0 20 0.628844650804 
155 166 0 20 0.619373538054 
125 131 0 20 0.619326593672 
102 131 0 20 0.608943550217 
97 170 0 20 0.606061523737 
101 165 0 20 0.585593544678 
94 107 0 20 0.584519922362 
101 184 0 20 0.579588613759 
94 158 0 20 0.572323603369 
94 108 0 20 0.572142593548 
92 123 0 20 0.566243761932 
151 157 0 20 0.560508033877 
166 236 0 20 0.560292780576 
108 126 0 20 0.560229404616 
101 164 0 20 0.554882267861 
93 107 0 20 0.550292447467 
108 114 0 20 0.545362013178 
139 145 0 20 0.539325531608 
214 216 0 20 0.530224962946 
97 183 0 20 0.516203216962 
126 132 0 20 0.512749775519 
101 181 0 20 0.512303919584 
95 158 0 20 0.501847124818 
92 108 0 20 0.498288376719 
89 108 0 20 0.498197050909 
101 186 0 20 0.492181706068 
97 184 0 20 0.490003930129 
144 166 0 20 0.487021164967 
93 108 0 20 0.485104859078 
97 169 0 20 0.477414526908 
91 158 0 20 0.46554391187 
97 177 0 20 0.465109958535 
20 126 0 20 0.46464515858 
162 170 0 20 0.461896562409 
162 178 0 20 0.43912052485 
103 126 0 20 0.438029407271 
93 126 0 20 0.435913672292 
97 175 0 20 0.43368928867 
101 174 0 20 0.432109338716 
95 106 0 20 0.42746669759 
92 124 0 20 0.426689629673 
108 125 0 20 0.422391443332 
108 128 0 20 0.416752554217 
97 185 0 20 0.413575781748 
90 113 0 20 0.411922301891 
27 28 0 20 0.411706202691 
97 173 0 20 0.405247535503 
91 108 0 20 0.404752402897 
107 129 0 20 0.403390951686 
162 169 0 20 0.402143129526 
214 219 0 20 0.39778834976 
208 210 0 20 0.394698692542 
101 128 0 20 0.394505528696 
105 126 0 20 0.391629909153 
107 123 0 20 0.3795438822 
151 159 0 20 0.378253733162 
25 126 0 20 0.375999846014 
107 126 0 20 0.375754427872 
151 163 0 20 0.372231064016 
105 166 0 20 0.36831724491 
208 226 0 20 0.363293333803 
159 162 0 20 0.36107537261 
162 181 0 20 0.357058044088 
154 166 0 20 0.350638952321 
151 165 0 20 0.349403848183 
166 238 0 20 0.348508016635 
92 157 0 20 0.348326045588 
97 174 0 20 0.347396927903 
162 175 0 20 0.346090325314 
91 162 0 20 0.342628266041 
101 163 0 20 0.339450812905 
104 131 0 20 0.335232560426 
89 107 0 20 0.334919255674 
94 156 0 20 0.334396498449 
90 107 0 20 0.334253089895 
94 106 0 20 0.329104101916 
106 129 0 20 0.328791896989 
97 182 0 20 0.327594527417 
107 127 0 20 0.325367962521 
208 224 0 20 0.321673792286 
102 126 0 20 0.320495090443 
214 221 0 20 0.320141916757 
97 176 0 20 0.319489999462 
92 161 0 20 0.318691523357 
149 166 0 20 0.316742656222 
100 166 0 20 0.314963741673 
166 231 0 20 0.314325821239 
91 156 0 20 0.311974896161 
106 127 0 20 0.311316457736 
208 230 0 20 0.310564450617 
139 156 0 20 0.299658574603 
101 169 0 20 0.295437232249 
101 178 0 20 0.294746713063 
103 131 0 20 0.293602134781 
90 108 0 20 0.292468789165 
108 127 0 20 0.292214354598 
101 182 0 20 0.29129462401 
99 182 0 20 0.291085782801 
118 127 0 20 0.287267541821 
101 170 0 20 0.285806322167 
162 184 0 20 0.280878254496 
97 171 0 20 0.279683559496 
162 185 0 20 0.27743569596 
91 106 0 20 0.27582240656 
139 151 0 20 0.273692602014 
101 179 0 20 0.273143429874 
167 175 0 20 0.27083328127 
159 175 0 20 0.270114901337 
161 182 0 20 0.269519326268 
92 159 0 20 0.269456149575 
91 101 0 20 0.266576497249 
50 76 0 20 0.266268498882 
101 177 0 20 0.265484510949 
162 179 0 20 0.265367881043 
160 182 0 20 0.26410517813 
92 158 0 20 0.263463958252 
108 129 0 20 0.263260815524 
162 182 0 20 0.263112395741 
101 183 0 20 0.262395476191 
102 182 0 20 0.259292983157 
101 180 0 20 0.258759099351 
127 156 0 20 0.258398636168 
109 126 0 20 0.258284165608 
21 126 0 20 0.257343425182 
160 175 0 20 0.255112711442 
95 97 0 20 0.255021571051 
150 166 0 20 0.252336142806 
107 128 0 20 0.247835784285 
93 101 0 20 0.247773601638 
101 123 0 20 0.247089521445 
146 166 0 20 0.2459469601 
106 186 0 20 0.244048051438 
98 175 0 20 0.243284832814 
92 156 0 20 0.23997544295 
141 156 0 20 0.237392004724 
145 166 0 20 0.237386869069 
106 126 0 20 0.231173770652 
151 160 0 20 0.230925599701 
154 158 0 20 0.229964482738 
111 126 0 20 0.223482390864 
208 238 0 20 0.222114294874 
101 124 0 20 0.218177183514 
97 186 0 20 0.216964924414 
91 107 0 20 0.216672042584 
144 158 0 20 0.214840733929 
145 167 0 20 0.213838290385 
74 167 0 20 0.208754620569 
90 162 0 20 0.206784700726 
89 158 0 20 0.20600454808 
104 166 0 20 0.205150766969 
143 157 0 20 0.202823676881 
99 175 0 20 0.201152954179 
95 101 0 20 0.199134818598 
102 166 0 20 0.195139259161 
101 175 0 20 0.195065058029 
98 186 0 20 0.194381832358 
50 130 0 20 0.193084996843 
49 130 0 20 0.193084996843 
138 147 0 20 0.192906844875 
90 158 0 20 0.191769728723 
108 124 0 20 0.180200543814 
203 224 0 20 0.179072394372 
97 172 0 20 0.177887123109 
102 175 0 20 0.177496932517 
157 238 0 20 0.175933062359 
197 238 0 20 0.169194313566 
145 165 0 20 0.16709032468 
87 143 0 20 0.166594599347 
92 160 0 20 0.165676385545 
93 106 0 20 0.16496321024 
47 86 0 20 0.164115775322 
197 237 0 20 0.160977475916 
106 114 0 20 0.160963588713 
89 162 0 20 0.158737944982 
28 84 0 20 0.155597246586 
76 151 0 20 0.152747275487 
106 142 0 20 0.149379912162 
203 238 0 20 0.1488563612 
106 213 0 20 0.145436573118 
92 99 0 20 0.143462051934 
100 101 0 20 0.142396724174 
97 190 0 20 0.142272200253 
84 97 0 20 0.140749242037 
136 143 0 20 0.139856828483 
101 172 0 20 0.136001255899 
46 86 0 20 0.135556793428 
101 194 0 20 0.13211983147 
15 28 0 20 0.131896511524 
1 98 0 20 0.131481683841 
74 115 0 20 0.129789723346 
79 109 0 20 0.128243108309 
101 176 0 20 0.127848302085 
86 100 0 20 0.123513411667 
92 141 0 20 0.12321036326 
5 108 0 20 0.122741688132 
115 145 0 20 0.121462687123 
100 186 0 20 0.119247478742 
46 107 0 20 0.11634531464 
101 193 0 20 0.112501921861 
155 158 0 20 0.111017299452 
99 186 0 20 0.110111902076 
92 98 0 20 0.105920358782 
85 132 0 20 0.104395369071 
145 212 0 20 0.103378186276 
74 161 0 20 0.103133152414 
108 116 0 20 0.101037921268 
42 145 0 20 0.0972402917267 
106 232 0 20 0.0940864896819 
77 166 0 20 0.0917564402061 
130 143 0 20 0.0906767333722 
142 156 0 20 0.0901715391636 
74 120 0 20 0.0898719378703 
51 86 0 20 0.0898098306177 
81 107 0 20 0.0857611206137 
119 145 0 20 0.0846618829232 
92 100 0 20 0.0842780043278 
113 148 0 20 0.0829264832521 
89 147 0 20 0.0824177884501 
115 143 0 20 0.0780745382609 
129 143 0 20 0.0746435267491 
103 151 0 20 0.0732380273839 
74 102 0 20 0.071299057576 
79 124 0 20 0.0707914109989 
106 217 0 20 0.0683812356292 
9 31 0 20 0.0683400676277 
108 149 0 20 0.0682786783658 
