26 78 0 20 1.0 
26 28 0 20 0.983653792345 
25 78 0 20 0.975983744307 
1 28 0 20 0.942181161231 
1 29 0 20 0.896345114198 
2 28 0 20 0.864045974492 
2 29 0 20 0.838432170166 
25 191 0 20 0.836580707979 
124 126 0 20 0.805751036789 
25 28 0 20 0.787530286598 
7 111 0 20 0.787261042905 
1 84 0 20 0.772419024079 
33 36 0 20 0.75042978271 
2 27 0 20 0.749472014469 
8 111 0 20 0.726411092511 
7 113 0 20 0.725371585803 
34 40 0 20 0.720323307838 
26 191 0 20 0.714776644988 
117 120 0 20 0.712532971154 
25 192 0 20 0.693636297398 
23 78 0 20 0.68698887649 
25 33 0 20 0.676982343852 
23 28 0 20 0.669449608876 
1 78 0 20 0.659421874984 
26 192 0 20 0.658835928378 
24 191 0 20 0.654159118935 
1 30 0 20 0.64635577465 
24 28 0 20 0.638515339375 
190 194 0 20 0.622356917424 
22 78 0 20 0.620411850096 
24 192 0 20 0.619421952618 
4 28 0 20 0.602121941839 
180 184 0 20 0.591543872814 
6 113 0 20 0.578395446998 
36 45 0 20 0.566433222946 
2 81 0 20 0.55675090574 
33 37 0 20 0.550972360782 
2 33 0 20 0.539424686644 
183 194 0 20 0.534729530834 
190 192 0 20 0.532440782365 
1 77 0 20 0.532279505921 
23 193 0 20 0.531809102896 
22 192 0 20 0.525749305152 
24 78 0 20 0.521909577763 
8 113 0 20 0.519220317807 
27 191 0 20 0.518707018301 
1 25 0 20 0.518469976077 
7 10 0 20 0.514532392728 
87 91 0 20 0.513112434546 
23 79 0 20 0.508679194633 
23 191 0 20 0.506398925074 
1 27 0 20 0.504566747395 
31 40 0 20 0.501908078217 
22 191 0 20 0.490236842948 
109 125 0 20 0.48942731697 
21 78 0 20 0.48615300683 
7 112 0 20 0.485565974931 
110 125 0 20 0.483719018616 
2 32 0 20 0.481390252612 
29 78 0 20 0.480855089977 
2 26 0 20 0.476387377724 
1 26 0 20 0.476131434826 
20 192 0 20 0.474120618338 
20 191 0 20 0.473258988455 
189 194 0 20 0.472311889004 
1 81 0 20 0.464870262604 
101 125 0 20 0.46296421672 
36 44 0 20 0.462002542401 
2 30 0 20 0.455145331448 
26 33 0 20 0.452243144047 
112 125 0 20 0.446776948772 
23 81 0 20 0.443915580885 
180 183 0 20 0.442629772816 
1 34 0 20 0.437039912113 
30 40 0 20 0.417451860799 
23 77 0 20 0.412633459335 
27 80 0 20 0.410283673096 
23 188 0 20 0.409442857328 
23 80 0 20 0.409373535028 
20 78 0 20 0.408255166064 
11 36 0 20 0.406133011647 
23 192 0 20 0.405513817416 
2 78 0 20 0.40544117507 
2 34 0 20 0.402878281643 
26 74 0 20 0.402105964293 
23 29 0 20 0.40147109539 
1 23 0 20 0.399553171979 
33 41 0 20 0.395279069805 
23 189 0 20 0.390262053098 
108 125 0 20 0.388099777316 
6 111 0 20 0.386184975674 
21 192 0 20 0.382402531256 
100 125 0 20 0.381106288766 
27 193 0 20 0.379465074708 
32 40 0 20 0.377435474642 
2 86 0 20 0.375484330241 
11 37 0 20 0.37310088902 
27 78 0 20 0.372865314224 
23 190 0 20 0.370276511104 
34 78 0 20 0.365589003718 
4 78 0 20 0.364494372925 
58 65 0 20 0.359366212569 
33 40 0 20 0.357422862992 
2 25 0 20 0.351963148173 
111 125 0 20 0.345457837755 
188 194 0 20 0.342755847711 
190 196 0 20 0.341737446224 
184 194 0 20 0.338087394922 
19 78 0 20 0.337870207147 
19 180 0 20 0.327031354208 
4 11 0 20 0.32621935078 
22 74 0 20 0.325100627949 
28 71 0 20 0.324352289819 
189 196 0 20 0.323309401492 
1 33 0 20 0.321834842199 
28 39 0 20 0.3185946571 
8 112 0 20 0.314471615485 
100 124 0 20 0.309438458419 
87 90 0 20 0.307906577019 
2 11 0 20 0.306670513075 
1 79 0 20 0.304787441629 
41 45 0 20 0.304161560543 
33 39 0 20 0.303784657894 
22 28 0 20 0.298105808469 
19 74 0 20 0.296771933594 
32 78 0 20 0.291470232452 
1 83 0 20 0.286445921172 
7 114 0 20 0.2846613501 
33 81 0 20 0.27575941282 
102 125 0 20 0.275596499321 
74 89 0 20 0.274057127624 
5 28 0 20 0.271837885525 
1 32 0 20 0.271597922054 
185 194 0 20 0.270714783544 
33 78 0 20 0.268151603417 
6 11 0 20 0.26366981781 
7 84 0 20 0.2629267605 
27 192 0 20 0.261790128586 
187 192 0 20 0.26110733754 
33 38 0 20 0.260983112716 
27 38 0 20 0.260600570125 
2 36 0 20 0.260079601937 
21 191 0 20 0.259906456624 
39 44 0 20 0.257812656521 
39 45 0 20 0.257812656521 
99 125 0 20 0.251927256127 
28 38 0 20 0.250533094498 
29 40 0 20 0.248768463593 
119 126 0 20 0.248567707213 
1 86 0 20 0.248482880555 
28 36 0 20 0.244093352355 
27 189 0 20 0.243533032723 
27 75 0 20 0.240495025951 
23 76 0 20 0.240167806319 
112 114 0 20 0.239842555302 
117 126 0 20 0.236860465573 
107 124 0 20 0.236818356135 
95 125 0 20 0.232358380205 
27 39 0 20 0.230810268645 
23 30 0 20 0.228975020153 
1 80 0 20 0.227165090266 
2 80 0 20 0.223526213436 
28 37 0 20 0.219895326383 
187 194 0 20 0.219275688411 
74 133 0 20 0.21845203262 
1 37 0 20 0.218149306113 
1 24 0 20 0.217236248063 
7 82 0 20 0.214205241225 
5 27 0 20 0.21341920474 
5 113 0 20 0.212620059826 
4 33 0 20 0.210294681808 
68 128 0 20 0.210072698724 
28 191 0 20 0.206392992314 
28 40 0 20 0.204738048622 
189 192 0 20 0.204307418992 
23 82 0 20 0.20078427072 
28 41 0 20 0.200147164288 
2 76 0 20 0.198898006827 
28 70 0 20 0.198451287734 
2 82 0 20 0.197734858498 
29 191 0 20 0.197426934681 
6 112 0 20 0.195547718424 
3 33 0 20 0.192639376722 
27 77 0 20 0.192298666451 
33 193 0 20 0.191340555804 
33 79 0 20 0.191203682993 
31 191 0 20 0.190709199187 
1 126 0 20 0.189941058636 
7 11 0 20 0.18851132464 
82 113 0 20 0.185714097813 
36 68 0 20 0.183858858499 
27 82 0 20 0.18269754497 
78 109 0 20 0.17993789599 
7 28 0 20 0.179306452234 
29 192 0 20 0.179190536735 
23 83 0 20 0.178282448561 
37 191 0 20 0.177489885318 
93 122 0 20 0.177485059414 
115 125 0 20 0.176855934501 
33 83 0 20 0.175068517447 
28 190 0 20 0.174658935489 
3 28 0 20 0.168221202552 
113 116 0 20 0.167826406819 
32 192 0 20 0.167549852337 
20 28 0 20 0.166549135222 
31 78 0 20 0.166505615112 
33 84 0 20 0.166190956204 
33 43 0 20 0.164746376026 
34 192 0 20 0.161216500049 
72 124 0 20 0.161024972812 
72 125 0 20 0.161024972812 
120 125 0 20 0.160786454274 
1 118 0 20 0.159280782631 
117 122 0 20 0.158355290334 
28 107 0 20 0.158067232357 
10 28 0 20 0.156875409723 
56 66 0 20 0.155306334054 
28 43 0 20 0.154598514067 
23 36 0 20 0.154054238471 
23 38 0 20 0.153405193763 
28 127 0 20 0.152175409249 
27 79 0 20 0.150498145821 
40 83 0 20 0.149876417647 
112 116 0 20 0.149324694085 
7 126 0 20 0.148301132846 
23 86 0 20 0.145803551662 
6 23 0 20 0.142697378452 
23 187 0 20 0.139294230071 
33 121 0 20 0.139181796417 
11 126 0 20 0.137547714327 
65 112 0 20 0.136977493513 
80 93 0 20 0.136943606472 
34 191 0 20 0.136603286383 
78 114 0 20 0.13420475697 
124 128 0 20 0.13096977652 
125 128 0 20 0.13096977652 
5 23 0 20 0.129412498113 
65 87 0 20 0.127556468316 
29 66 0 20 0.126593380639 
36 104 0 20 0.126251785528 
7 218 0 20 0.125849650648 
36 78 0 20 0.124530783893 
33 80 0 20 0.123068980269 
36 107 0 20 0.12156653549 
21 28 0 20 0.120619182817 
36 66 0 20 0.118883925813 
19 40 0 20 0.118403176392 
67 112 0 20 0.118142893848 
11 128 0 20 0.115631737597 
1 74 0 20 0.115474481107 
12 74 0 20 0.113941936966 
68 72 0 20 0.113179912446 
41 113 0 20 0.112056815126 
28 67 0 20 0.11129559451 
40 82 0 20 0.109902753806 
17 128 0 20 0.109766021506 
87 133 0 20 0.109697659659 
74 126 0 20 0.109255411421 
28 187 0 20 0.106216286735 
87 127 0 20 0.10574621193 
17 129 0 20 0.105614993317 
13 74 0 20 0.105513786285 
36 131 0 20 0.102459870887 
125 126 0 20 0.101871863878 
10 33 0 20 0.100657638937 
7 30 0 20 0.100128968195 
107 126 0 20 0.0989329466507 
36 87 0 20 0.09680849429 
39 192 0 20 0.096488331905 
32 74 0 20 0.0964810181995 
73 87 0 20 0.0956413093497 
84 93 0 20 0.0948400391171 
17 80 0 20 0.0944740040586 
7 34 0 20 0.0941893868874 
33 82 0 20 0.0937483785179 
36 191 0 20 0.0935440725594 
2 10 0 20 0.0934125174392 
111 133 0 20 0.0928656801741 
28 116 0 20 0.0924956159397 
5 33 0 20 0.092320347585 
107 127 0 20 0.0919154903923 
30 78 0 20 0.0917720294039 
70 93 0 20 0.0917488454528 
80 124 0 20 0.0914586005919 
65 66 0 20 0.0913500072085 
