13 158 0 20 0.000709139227315 
13 157 0 20 0.000708334705873 
14 158 0 20 0.000696142134055 
15 158 0 20 0.000692232899063 
9 158 0 20 0.00068730645833 
7 158 0 20 0.000681428525353 
12 158 0 20 0.000679611681274 
13 155 0 20 0.000677551172184 
9 157 0 20 0.000676405014091 
10 158 0 20 0.000676334292807 
15 155 0 20 0.000675787109869 
14 155 0 20 0.000673705544247 
10 157 0 20 0.00067334118764 
12 155 0 20 0.000671645648649 
14 157 0 20 0.000669052067737 
11 158 0 20 0.000668968088949 
15 157 0 20 0.0006617334877 
9 155 0 20 0.000659665854732 
11 157 0 20 0.000654354841353 
12 157 0 20 0.000649566201931 
11 155 0 20 0.000647595402969 
10 155 0 20 0.000641783786594 
8 158 0 20 0.000639296414519 
7 157 0 20 0.000633044158854 
7 155 0 20 0.000632068252256 
8 157 0 20 0.000632055673161 
417 471 0 20 0.000629653595383 
8 154 0 20 0.000627152427447 
8 155 0 20 0.000612379289145 
8 156 0 20 0.000611366886654 
1 154 0 20 0.000607160955407 
12 162 0 20 0.000597428847945 
203 347 0 20 0.000594272260397 
205 347 0 20 0.000593338389458 
207 347 0 20 0.000592878594413 
206 347 0 20 0.000587946166225 
131 158 0 20 0.000577493584425 
202 347 0 20 0.000573889668054 
229 259 0 20 0.000570005150138 
130 157 0 20 0.000569212312097 
134 157 0 20 0.000569166543614 
133 157 0 20 0.000569166543614 
131 157 0 20 0.000567950382774 
204 347 0 20 0.000567412790509 
334 374 0 20 0.000561472373854 
208 346 0 20 0.000560467296235 
127 157 0 20 0.00055895743795 
127 158 0 20 0.000558115808436 
134 158 0 20 0.00055793542562 
491 536 0 20 0.000557728082529 
95 201 0 20 0.000556082288759 
130 158 0 20 0.000555752271873 
338 369 0 20 0.000555217290237 
129 158 0 20 0.000553356697631 
128 157 0 20 0.00054954034207 
135 158 0 20 0.000547953608255 
337 369 0 20 0.000547090686862 
144 438 0 20 0.000542425370411 
339 374 0 20 0.00054227637819 
491 534 0 20 0.000542186532925 
337 374 0 20 0.000541853695813 
488 537 0 20 0.000540365587809 
229 260 0 20 0.000539617858136 
338 373 0 20 0.000536314222564 
492 535 0 20 0.000533654337741 
230 259 0 20 0.000533651922288 
422 470 0 20 0.00053364703471 
422 471 0 20 0.00053364703471 
132 157 0 20 0.000533568645033 
333 374 0 20 0.000533278561339 
34 134 0 20 0.000532712655892 
411 476 0 20 0.000530928742882 
36 134 0 20 0.000528851050598 
422 474 0 20 0.000528748449129 
337 373 0 20 0.000528532852735 
421 470 0 20 0.00052754011742 
129 152 0 20 0.000526861295391 
128 158 0 20 0.000526069949231 
488 536 0 20 0.000526069058202 
208 345 0 20 0.000525480496105 
31 134 0 20 0.000522995447154 
95 195 0 20 0.000522970607338 
205 349 0 20 0.000522911950904 
35 133 0 20 0.000522792662165 
202 348 0 20 0.000522578858119 
423 467 0 20 0.000520197702301 
203 349 0 20 0.000519411399912 
213 347 0 20 0.000518939325685 
423 475 0 20 0.000518917041244 
423 473 0 20 0.000518011136693 
421 471 0 20 0.000517756376331 
205 348 0 20 0.000517008060222 
31 133 0 20 0.00051684416569 
96 195 0 20 0.000516070189886 
1 7 0 20 0.000515653746797 
5 8 0 20 0.000514577500613 
146 439 0 20 0.000514479370546 
493 535 0 20 0.000514026659656 
35 134 0 20 0.000513736420686 
36 133 0 20 0.000513413886277 
146 438 0 20 0.00051303962387 
421 474 0 20 0.000512766701739 
34 133 0 20 0.000511797184265 
123 158 0 20 0.00051173819364 
492 536 0 20 0.000511632765346 
337 440 0 20 0.000511364037766 
421 476 0 20 0.000510941784064 
490 536 0 20 0.000510627626508 
127 155 0 20 0.000510369810018 
203 348 0 20 0.000509847519843 
422 476 0 20 0.000509764845676 
493 536 0 20 0.000509152495101 
129 140 0 20 0.000508976728724 
98 201 0 20 0.00050888166062 
207 348 0 20 0.000508518037027 
96 201 0 20 0.000508313103754 
208 350 0 20 0.00050686267317 
489 537 0 20 0.000506545894678 
423 472 0 20 0.000506070131877 
131 134 0 20 0.000505958954016 
125 155 0 20 0.000505570687309 
75 243 0 20 0.000505151634574 
226 259 0 20 0.000505139251745 
129 156 0 20 0.000505046897345 
490 534 0 20 0.000504975541876 
410 488 0 20 0.000504947945423 
423 470 0 20 0.000504570235643 
72 242 0 20 0.00050421179345 
228 260 0 20 0.000503295102432 
75 242 0 20 0.000503293843754 
149 195 0 20 0.000502894627257 
338 374 0 20 0.000502436306285 
492 533 0 20 0.000502434298269 
138 144 0 20 0.000502020685783 
489 536 0 20 0.00050135262918 
134 146 0 20 0.000500235914687 
495 532 0 20 0.000500116225401 
491 537 0 20 0.000499949273974 
410 481 0 20 0.000498955971469 
132 135 0 20 0.000498917739385 
135 146 0 20 0.000498380794475 
13 132 0 20 0.00049695447334 
409 482 0 20 0.000496946923224 
148 195 0 20 0.000496786589342 
492 531 0 20 0.000495830147864 
33 133 0 20 0.000495780125784 
336 440 0 20 0.000495487875971 
489 534 0 20 0.000494866245147 
492 532 0 20 0.000493748778382 
126 158 0 20 0.000493430395531 
493 531 0 20 0.000492345981009 
495 536 0 20 0.000491779959195 
492 540 0 20 0.000491255507905 
490 532 0 20 0.000491220847779 
338 371 0 20 0.000490486962033 
124 157 0 20 0.000490468715572 
410 482 0 20 0.000490465462939 
493 533 0 20 0.000490188645856 
124 155 0 20 0.00048997553466 
490 537 0 20 0.000489861565628 
410 485 0 20 0.000489599070978 
151 432 0 20 0.000489100484185 
27 134 0 20 0.000489034092586 
482 537 0 20 0.000488980924738 
1 9 0 20 0.000488303149431 
132 142 0 20 0.00048770863854 
337 371 0 20 0.000487614857424 
32 134 0 20 0.000487458323887 
492 539 0 20 0.000486991158643 
104 201 0 20 0.000486924737754 
3 8 0 20 0.000486908177756 
493 540 0 20 0.000486476789147 
338 372 0 20 0.000486074758155 
337 439 0 20 0.000485898472635 
208 228 0 20 0.00048570475935 
132 158 0 20 0.000484505721203 
4 8 0 20 0.000484144506372 
136 140 0 20 0.000483402511861 
152 195 0 20 0.000482263208594 
153 195 0 20 0.000482065706598 
134 142 0 20 0.000481861515863 
410 484 0 20 0.000481699291403 
335 374 0 20 0.000481678078838 
408 482 0 20 0.000481277107551 
29 133 0 20 0.000480955393501 
104 195 0 20 0.000480312156009 
189 421 0 20 0.000480206225682 
33 134 0 20 0.000479727085373 
125 158 0 20 0.000479398085309 
132 140 0 20 0.000479380967197 
411 485 0 20 0.000479269432131 
137 146 0 20 0.000479206732889 
75 249 0 20 0.000479121322708 
408 488 0 20 0.00047833171837 
493 539 0 20 0.000477964048768 
491 532 0 20 0.000477786894081 
61 70 0 20 0.00047657956127 
134 143 0 20 0.00047598999276 
484 537 0 20 0.000474173385982 
488 534 0 20 0.000474023267097 
134 145 0 20 0.000473910883802 
492 534 0 20 0.000473884402673 
137 144 0 20 0.000473803375478 
129 157 0 20 0.000472922788525 
72 249 0 20 0.000472081177545 
134 140 0 20 0.000472080332507 
124 158 0 20 0.000471564170171 
408 484 0 20 0.000471114564198 
128 155 0 20 0.000470468144684 
139 144 0 20 0.0004702835585 
101 195 0 20 0.000470097174926 
25 134 0 20 0.000469779748431 
154 195 0 20 0.000469576869479 
185 195 0 20 0.000469194534213 
409 488 0 20 0.000468242472358 
186 421 0 20 0.000468125870744 
151 195 0 20 0.000467873878854 
407 482 0 20 0.00046769425804 
494 536 0 20 0.00046686860276 
75 248 0 20 0.000466615064341 
338 439 0 20 0.000466446556674 
26 137 0 20 0.000466415891188 
188 195 0 20 0.000466181905186 
123 155 0 20 0.000465759043295 
1 8 0 20 0.000465683647038 
29 134 0 20 0.000465274403299 
186 195 0 20 0.000464916169254 
32 133 0 20 0.000464519303888 
150 195 0 20 0.000464037550243 
46 69 0 20 0.000463665713983 
105 201 0 20 0.000463603065999 
103 195 0 20 0.000463557291177 
396 428 0 20 0.000463094663507 
488 532 0 20 0.000462583845971 
126 155 0 20 0.000462131401712 
15 132 0 20 0.000461809316392 
131 155 0 20 0.000461498603516 
187 195 0 20 0.000460852782804 
44 69 0 20 0.000460640090227 
1 2 0 20 0.000460126451189 
130 155 0 20 0.000459683856903 
494 537 0 20 0.000459199112462 
26 134 0 20 0.000459031398187 
28 134 0 20 0.000458813840265 
27 133 0 20 0.00045821977605 
407 481 0 20 0.000457987738212 
99 201 0 20 0.000457949017407 
163 198 0 20 0.000457927346369 
123 157 0 20 0.000457896307669 
41 69 0 20 0.00045787571542 
64 70 0 20 0.000457782392427 
185 423 0 20 0.000457624817189 
167 198 0 20 0.000457587209965 
408 481 0 20 0.000456951900353 
407 488 0 20 0.000456332646109 
2 8 0 20 0.000455809152954 
408 485 0 20 0.000454551207355 
129 153 0 20 0.000454291809366 
409 481 0 20 0.000453979155744 
407 484 0 20 0.000453908211123 
125 157 0 20 0.00045377454369 
162 204 0 20 0.000453628922024 
80 255 0 20 0.000453483351756 
395 428 0 20 0.000452984606719 
409 484 0 20 0.000452944509365 
139 158 0 20 0.000452672103279 
208 232 0 20 0.000452531986126 
79 254 0 20 0.000452172799278 
80 254 0 20 0.000451987955905 
174 541 0 20 0.000451919769897 
190 195 0 20 0.000451268819748 
181 186 0 20 0.000451072070545 
201 206 0 20 0.000448885678961 
134 159 0 20 0.000448565884209 
337 438 0 20 0.000448485477965 
129 155 0 20 0.000448480722331 
186 423 0 20 0.000448356613988 
132 134 0 20 0.0004483546563 
179 195 0 20 0.000447712522333 
129 154 0 20 0.000446926009195 
46 64 0 20 0.000446913780953 
132 156 0 20 0.000446097728247 
397 521 0 20 0.000445939398588 
337 437 0 20 0.000445881087352 
188 421 0 20 0.000445751662269 
408 474 0 20 0.000445686501018 
129 135 0 20 0.000445598604606 
176 537 0 20 0.000445429751949 
176 541 0 20 0.000445338045664 
173 195 0 20 0.000444931369061 
139 157 0 20 0.000444482026555 
184 423 0 20 0.000444383123506 
408 479 0 20 0.000444362375708 
338 440 0 20 0.000444324553594 
195 209 0 20 0.000444186519777 
79 255 0 20 0.000443430976302 
139 155 0 20 0.000443376218731 
191 421 0 20 0.000443011795416 
343 440 0 20 0.000442754274204 
407 485 0 20 0.000442696599048 
397 429 0 20 0.000442626357943 
158 199 0 20 0.000442540333901 
192 423 0 20 0.000442364806457 
176 337 0 20 0.000442159926047 
191 210 0 20 0.00044187899916 
207 232 0 20 0.000441815011967 
337 436 0 20 0.000441689112799 
176 536 0 20 0.000441245747254 
158 192 0 20 0.000440931694815 
395 431 0 20 0.000440809500063 
397 427 0 20 0.000440754364239 
185 188 0 20 0.000440042118614 
40 69 0 20 0.000440026741128 
410 486 0 20 0.000439972020688 
189 422 0 20 0.000439592657919 
195 210 0 20 0.000439556677956 
144 195 0 20 0.000438786571948 
172 536 0 20 0.000438765531538 
124 134 0 20 0.000438546665727 
333 440 0 20 0.000438504667887 
204 208 0 20 0.00043844021331 
1 70 0 20 0.000438341593733 
143 162 0 20 0.000437905542596 
209 228 0 20 0.000437565900138 
158 200 0 20 0.000436895363381 
1 4 0 20 0.000436866035424 
148 198 0 20 0.000436774784827 
190 428 0 20 0.000436628312084 
158 194 0 20 0.000436584722224 
75 241 0 20 0.000435204158147 
195 427 0 20 0.000435040265891 
176 338 0 20 0.000435029964127 
186 422 0 20 0.000434884068788 
396 432 0 20 0.000434785316031 
130 134 0 20 0.000434473542288 
409 485 0 20 0.000434149011152 
183 423 0 20 0.000433848208354 
1 10 0 20 0.000433238448115 
201 421 0 20 0.000433223644732 
74 239 0 20 0.000433098674374 
235 248 0 20 0.000432880984377 
50 69 0 20 0.000432433974413 
75 238 0 20 0.000431835946199 
201 430 0 20 0.000431828272006 
189 192 0 20 0.000431677386793 
75 240 0 20 0.000431293399196 
198 430 0 20 0.000430966227008 
409 486 0 20 0.000430965165029 
408 486 0 20 0.000430965165029 
190 423 0 20 0.000430687095964 
178 195 0 20 0.000430350672766 
7 277 0 20 0.000430068143919 
142 195 0 20 0.000429685417929 
7 8 0 20 0.000429524978848 
398 429 0 20 0.000429286289968 
146 195 0 20 0.000429168852373 
201 423 0 20 0.00042903147235 
146 196 0 20 0.000429005778949 
183 432 0 20 0.000428456971149 
147 195 0 20 0.000428279191673 
149 198 0 20 0.000428245740815 
71 239 0 20 0.000428123219523 
12 132 0 20 0.000427936768565 
200 432 0 20 0.00042781158466 
178 186 0 20 0.000427630288921 
196 432 0 20 0.000427441202321 
198 433 0 20 0.000427345290125 
185 191 0 20 0.000427003377268 
134 163 0 20 0.000426720009574 
195 434 0 20 0.000426501609325 
350 431 0 20 0.000426457287135 
521 552 0 20 0.000426420720083 
208 230 0 20 0.000426202057092 
189 195 0 20 0.000425781746383 
232 538 0 20 0.000425487880339 
188 194 0 20 0.000425272664826 
185 418 0 20 0.000425259591105 
199 432 0 20 0.000425005629312 
62 69 0 20 0.000424894997476 
171 541 0 20 0.00042467518587 
131 136 0 20 0.000424637011024 
195 207 0 20 0.00042462734025 
189 423 0 20 0.000424600582299 
126 134 0 20 0.000424491737714 
197 431 0 20 0.000424487254534 
125 134 0 20 0.000424328845802 
282 559 0 20 0.000424277102794 
396 431 0 20 0.000424105986937 
235 252 0 20 0.000424071922099 
149 201 0 20 0.000423701781418 
171 537 0 20 0.000423688585035 
76 239 0 20 0.000423607427091 
339 440 0 20 0.000423459769331 
58 69 0 20 0.000423257595531 
10 132 0 20 0.000423187473381 
172 541 0 20 0.000422961077136 
283 559 0 20 0.000422929235464 
201 422 0 20 0.000422822177516 
201 207 0 20 0.000422687998765 
174 537 0 20 0.000422685286575 
14 132 0 20 0.000422539116824 
135 162 0 20 0.000422206909451 
42 69 0 20 0.000422010829494 
190 432 0 20 0.00042176948345 
121 158 0 20 0.00042163229463 
197 432 0 20 0.000421515184325 
83 258 0 20 0.000421453368697 
235 538 0 20 0.000421043279815 
133 162 0 20 0.000420988319556 
153 201 0 20 0.000420801227311 
175 537 0 20 0.000420656566804 
8 281 0 20 0.00042061264289 
195 206 0 20 0.000420440044611 
183 431 0 20 0.000420153775377 
84 258 0 20 0.000420148103592 
187 423 0 20 0.000419842853091 
349 434 0 20 0.000419687555604 
189 419 0 20 0.000419347366949 
398 427 0 20 0.000419281596228 
183 195 0 20 0.000419227712528 
185 428 0 20 0.000419103112743 
184 418 0 20 0.000419093267765 
159 474 0 20 0.000419047156634 
148 201 0 20 0.000418866074764 
52 64 0 20 0.000418854743394 
428 472 0 20 0.000418730159316 
155 200 0 20 0.000418402820789 
142 201 0 20 0.000418387443363 
407 486 0 20 0.000418343667062 
134 160 0 20 0.000418238239391 
338 438 0 20 0.000418053102146 
41 64 0 20 0.000417973768274 
235 539 0 20 0.000417848264745 
232 540 0 20 0.000417802228796 
348 429 0 20 0.000417604662931 
221 421 0 20 0.000417574996722 
127 134 0 20 0.000417566019112 
146 194 0 20 0.000417464061772 
235 540 0 20 0.000417457224071 
174 536 0 20 0.000417432040754 
75 250 0 20 0.000417215934845 
199 431 0 20 0.000416919961371 
85 258 0 20 0.000416782303018 
187 201 0 20 0.000416750277842 
192 432 0 20 0.000416686338999 
72 250 0 20 0.000416514184706 
75 252 0 20 0.000416393758718 
136 160 0 20 0.000416346801235 
129 134 0 20 0.000415981454751 
208 233 0 20 0.000415788116455 
123 134 0 20 0.000415717762302 
134 161 0 20 0.000415509516439 
8 280 0 20 0.000415443624978 
410 489 0 20 0.000415443160585 
207 228 0 20 0.000415405798799 
81 258 0 20 0.000415146301665 
144 194 0 20 0.000414888107678 
159 470 0 20 0.000414881754414 
188 422 0 20 0.000414740473648 
335 440 0 20 0.000414629125218 
82 258 0 20 0.000414615626107 
136 154 0 20 0.000414575885193 
198 422 0 20 0.00041436396062 
144 185 0 20 0.000414347062936 
337 430 0 20 0.000414067724257 
186 428 0 20 0.000414009496189 
159 471 0 20 0.000413985154893 
398 426 0 20 0.000413933327629 
13 129 0 20 0.000413810511256 
397 431 0 20 0.000413751715468 
1 61 0 20 0.000413656137067 
6 69 0 20 0.000413554964939 
180 423 0 20 0.000413337109124 
184 431 0 20 0.000413077476924 
191 423 0 20 0.000412892396614 
397 425 0 20 0.000412890389016 
374 386 0 20 0.0004128840794 
189 434 0 20 0.000412840802889 
9 132 0 20 0.000412826362512 
144 156 0 20 0.000412340760595 
397 428 0 20 0.000412189407131 
374 389 0 20 0.00041214430311 
183 188 0 20 0.000412024449904 
59 189 0 20 0.000412022184734 
69 135 0 20 0.000411804981773 
189 432 0 20 0.000411797519161 
181 188 0 20 0.000411794386382 
80 257 0 20 0.000411687153348 
1 67 0 20 0.00041123364387 
200 423 0 20 0.0004110352853 
159 476 0 20 0.00041073396467 
423 482 0 20 0.000410393951494 
190 431 0 20 0.000410366948617 
198 436 0 20 0.000410298082026 
410 495 0 20 0.000410043250339 
9 129 0 20 0.000409919557154 
14 129 0 20 0.000409835684881 
186 418 0 20 0.000409801913651 
180 418 0 20 0.000409714576736 
79 258 0 20 0.000409509384556 
189 433 0 20 0.000409483986559 
182 188 0 20 0.00040919149709 
176 189 0 20 0.000409052245803 
397 426 0 20 0.000408816044369 
188 423 0 20 0.000408552384156 
182 195 0 20 0.00040828067213 
208 235 0 20 0.000407963521708 
194 431 0 20 0.000407917072864 
80 91 0 20 0.000407895915582 
143 195 0 20 0.000407833542898 
186 201 0 20 0.000407742706038 
198 434 0 20 0.000407674895895 
159 330 0 20 0.00040763341544 
80 258 0 20 0.000407455404675 
182 432 0 20 0.000407444316363 
197 208 0 20 0.00040734202804 
232 252 0 20 0.000407299968697 
144 196 0 20 0.000407210760013 
144 201 0 20 0.000407105131531 
235 246 0 20 0.000407074756729 
180 186 0 20 0.000406743674352 
191 434 0 20 0.000406695477854 
145 195 0 20 0.000406666915194 
235 247 0 20 0.000406642937543 
398 425 0 20 0.000406481536715 
319 345 0 20 0.000406337001382 
398 522 0 20 0.000406269202291 
184 195 0 20 0.000406267246323 
191 432 0 20 0.000406230782324 
410 494 0 20 0.000406227123036 
427 471 0 20 0.000406141086928 
141 195 0 20 0.000406104742021 
192 431 0 20 0.00040603224243 
150 158 0 20 0.000405953042264 
189 420 0 20 0.000405585855171 
58 195 0 20 0.00040552523294 
80 90 0 20 0.000405515307403 
180 432 0 20 0.000405407049779 
407 491 0 20 0.000405245777104 
1 3 0 20 0.000405179232723 
409 491 0 20 0.000405029577949 
394 432 0 20 0.000404902610911 
3 258 0 20 0.000404832640015 
45 69 0 20 0.000404741185614 
428 473 0 20 0.000404671033187 
173 541 0 20 0.000404575516239 
86 258 0 20 0.000404362304609 
198 207 0 20 0.000404291771464 
183 201 0 20 0.000404156274919 
70 191 0 20 0.000404006948944 
172 537 0 20 0.000403918737299 
56 64 0 20 0.000403743493083 
61 71 0 20 0.000403352034818 
315 345 0 20 0.000403232652754 
185 189 0 20 0.000403139062622 
78 258 0 20 0.00040308249395 
199 435 0 20 0.000403014243247 
397 522 0 20 0.000402865262884 
186 425 0 20 0.000402676564357 
195 213 0 20 0.000402571673983 
201 210 0 20 0.00040252898705 
189 210 0 20 0.000402466657959 
282 557 0 20 0.000402182964899 
7 132 0 20 0.000402096704131 
129 139 0 20 0.000401960425677 
319 346 0 20 0.000401916954652 
283 554 0 20 0.000401866428761 
58 189 0 20 0.000401726274024 
180 195 0 20 0.000401680232503 
70 188 0 20 0.000401497421086 
398 523 0 20 0.000401467026653 
184 432 0 20 0.000401379099295 
64 71 0 20 0.00040135591796 
12 129 0 20 0.000401320818803 
70 189 0 20 0.000401178633686 
189 194 0 20 0.000401162139004 
186 194 0 20 0.00040114848263 
186 196 0 20 0.00040114359931 
336 431 0 20 0.00040112782395 
199 208 0 20 0.000400889109348 
80 256 0 20 0.000400740150367 
409 495 0 20 0.000400581490442 
374 387 0 20 0.000400520455849 
183 198 0 20 0.000400339045297 
203 208 0 20 0.000400117458977 
191 206 0 20 0.000400034057964 
409 493 0 20 0.000399724348288 
182 418 0 20 0.000399660049911 
59 69 0 20 0.000399655969505 
186 417 0 20 0.000399652578928 
9 133 0 20 0.000399599766079 
13 121 0 20 0.000399553952951 
58 64 0 20 0.000399318456604 
185 416 0 20 0.000399297516521 
143 201 0 20 0.000399083589958 
189 193 0 20 0.00039893426709 
40 64 0 20 0.000398792550755 
1 5 0 20 0.000398692466968 
186 197 0 20 0.000398437559149 
186 199 0 20 0.000398223014212 
186 419 0 20 0.000398157396264 
1 6 0 20 0.000398077709527 
188 192 0 20 0.000398044226847 
398 521 0 20 0.000397391621192 
283 557 0 20 0.000397271509228 
184 191 0 20 0.000397110298124 
7 64 0 20 0.000397053475921 
151 191 0 20 0.000396988461101 
7 121 0 20 0.000396921349449 
1 11 0 20 0.000396796680068 
179 432 0 20 0.000396792853008 
146 200 0 20 0.000396785432418 
122 158 0 20 0.000396762682181 
201 209 0 20 0.000396639107689 
408 490 0 20 0.000396574827265 
147 198 0 20 0.00039638701689 
128 134 0 20 0.00039636815717 
7 283 0 20 0.000396344495132 
186 187 0 20 0.000396331244625 
142 198 0 20 0.000396256470412 
182 423 0 20 0.000396005897399 
129 137 0 20 0.000395803572239 
398 542 0 20 0.000395648409162 
122 157 0 20 0.000395529666313 
195 205 0 20 0.000395473632531 
553 567 0 20 0.00039544488071 
89 95 0 20 0.000395071447114 
188 206 0 20 0.000394982934508 
235 237 0 20 0.000394935347403 
398 552 0 20 0.000394840926614 
186 200 0 20 0.000394267100509 
282 554 0 20 0.000394246366045 
186 202 0 20 0.000394244522816 
189 207 0 20 0.000394173910711 
186 203 0 20 0.000394156084819 
180 428 0 20 0.000394128904825 
150 198 0 20 0.000393975270652 
159 328 0 20 0.000393946302054 
179 188 0 20 0.000393905533874 
181 423 0 20 0.000393840540616 
235 238 0 20 0.00039382556591 
408 495 0 20 0.000393763747866 
187 431 0 20 0.000393476259987 
144 199 0 20 0.000393454072274 
407 495 0 20 0.000393384936031 
150 201 0 20 0.000393270088793 
188 419 0 20 0.000393123691145 
398 545 0 20 0.000393025644072 
179 186 0 20 0.000393016638128 
125 136 0 20 0.000392924576802 
126 136 0 20 0.00039281263045 
198 206 0 20 0.000392671579387 
176 186 0 20 0.000392642935769 
314 352 0 20 0.000392622681851 
180 188 0 20 0.00039250781103 
188 428 0 20 0.000392450069336 
179 418 0 20 0.000392432506552 
123 136 0 20 0.000392396599067 
181 432 0 20 0.000392255511076 
186 420 0 20 0.000392176347661 
232 539 0 20 0.000392110534931 
178 423 0 20 0.000392099486053 
55 61 0 20 0.000391985822924 
1 289 0 20 0.000391948604279 
553 557 0 20 0.000391911976728 
186 426 0 20 0.0003917872101 
186 198 0 20 0.00039166886325 
188 210 0 20 0.000391253040279 
410 490 0 20 0.000391070744604 
373 385 0 20 0.000391046664101 
187 418 0 20 0.000391035372524 
8 421 0 20 0.000390993054964 
186 204 0 20 0.000390622289846 
191 207 0 20 0.000390607938432 
221 419 0 20 0.000390497578228 
15 121 0 20 0.0003904224343 
7 134 0 20 0.000390120520897 
79 257 0 20 0.000390057965176 
53 64 0 20 0.00038994725521 
187 416 0 20 0.000389946406412 
41 61 0 20 0.000389895426531 
235 240 0 20 0.00038984152414 
54 200 0 20 0.000389759418452 
191 209 0 20 0.000389642466521 
89 96 0 20 0.000389633210501 
40 61 0 20 0.000389622393083 
54 65 0 20 0.000389573951194 
62 64 0 20 0.000389372788031 
191 195 0 20 0.000389352587254 
189 206 0 20 0.000389213221856 
188 193 0 20 0.000389134249237 
314 351 0 20 0.000389045080032 
553 568 0 20 0.000388985379333 
9 258 0 20 0.000388972509789 
63 69 0 20 0.000388959156001 
189 417 0 20 0.000388801785214 
186 427 0 20 0.000388469220145 
178 418 0 20 0.000388129765627 
8 132 0 20 0.000388103957881 
398 525 0 20 0.000387865268836 
188 199 0 20 0.000387784295344 
188 426 0 20 0.000387776246562 
191 419 0 20 0.000387753899571 
186 346 0 20 0.000387627458723 
61 62 0 20 0.000387538498789 
149 191 0 20 0.000387521608425 
398 543 0 20 0.000387511289389 
8 123 0 20 0.000387328975221 
185 198 0 20 0.000387309403185 
69 137 0 20 0.00038728914758 
178 191 0 20 0.000387235528214 
184 198 0 20 0.000387215305774 
70 195 0 20 0.000386895503571 
181 431 0 20 0.000386869547629 
200 208 0 20 0.000386782235492 
57 69 0 20 0.000386699816888 
48 135 0 20 0.000386694629376 
184 201 0 20 0.00038666922659 
178 189 0 20 0.000386520726281 
130 136 0 20 0.000386291026591 
188 420 0 20 0.000386178760406 
119 157 0 20 0.000386035628757 
282 558 0 20 0.000386032308212 
186 434 0 20 0.000385941724966 
5 134 0 20 0.000385917592248 
188 434 0 20 0.000385709406172 
181 189 0 20 0.000385688364688 
398 524 0 20 0.000385592100633 
237 537 0 20 0.00038554821754 
7 129 0 20 0.000385375021631 
69 139 0 20 0.000385327090933 
185 432 0 20 0.000385223919375 
43 59 0 20 0.000385118027942 
151 198 0 20 0.000385037068599 
411 493 0 20 0.000384809241557 
314 349 0 20 0.000384787541348 
186 415 0 20 0.000384672068686 
158 473 0 20 0.00038465540968 
132 139 0 20 0.000384470203118 
192 195 0 20 0.000384438993943 
190 201 0 20 0.000384398898638 
192 418 0 20 0.000384396905812 
58 198 0 20 0.000384391075511 
102 249 0 20 0.000384305939319 
149 158 0 20 0.000384151568909 
79 256 0 20 0.000384050574146 
319 354 0 20 0.000384045567169 
237 536 0 20 0.000383928818134 
83 259 0 20 0.000383875963607 
188 427 0 20 0.00038377586708 
188 418 0 20 0.000383658902571 
148 189 0 20 0.000383502573701 
319 353 0 20 0.000383441196329 
187 428 0 20 0.000383403394926 
70 198 0 20 0.000383358891952 
186 432 0 20 0.000383291073827 
54 63 0 20 0.00038324130387 
183 348 0 20 0.000383189455652 
153 471 0 20 0.00038308429761 
64 194 0 20 0.000383032076656 
129 138 0 20 0.000382840998941 
129 159 0 20 0.000382736747662 
59 64 0 20 0.00038264670279 
71 258 0 20 0.000382456763056 
189 209 0 20 0.000382308493378 
186 206 0 20 0.000382300912694 
188 433 0 20 0.000382235545501 
119 158 0 20 0.00038218982454 
187 432 0 20 0.000382155895803 
54 202 0 20 0.000382052285744 
553 558 0 20 0.000381912622598 
54 199 0 20 0.000381703612003 
121 157 0 20 0.00038165227302 
177 421 0 20 0.000381637827132 
235 243 0 20 0.00038156811262 
177 425 0 20 0.000381498272891 
320 352 0 20 0.000381456422722 
186 209 0 20 0.000381355709464 
54 62 0 20 0.000381305240452 
197 471 0 20 0.00038122305093 
314 348 0 20 0.000381099651272 
374 388 0 20 0.000381006579876 
38 69 0 20 0.000381003638352 
57 61 0 20 0.00038096245603 
184 188 0 20 0.000380948254429 
439 466 0 20 0.000380727182002 
194 198 0 20 0.000380604600138 
154 470 0 20 0.000380507749823 
183 418 0 20 0.000380481550869 
189 418 0 20 0.000380451706189 
177 183 0 20 0.000380116930106 
191 420 0 20 0.000380065726438 
195 203 0 20 0.000380028458698 
239 539 0 20 0.00037998450062 
321 347 0 20 0.000379939383024 
88 272 0 20 0.000379919079299 
195 202 0 20 0.000379739589702 
397 541 0 20 0.000379701390038 
158 478 0 20 0.000379692086106 
547 553 0 20 0.000379652210841 
61 72 0 20 0.000379614262254 
144 200 0 20 0.000379603544003 
409 494 0 20 0.000379426389768 
48 139 0 20 0.000379395999443 
158 472 0 20 0.00037936663492 
63 72 0 20 0.000379262089698 
188 197 0 20 0.000379150898376 
84 259 0 20 0.000379134909835 
188 429 0 20 0.000379117595252 
315 354 0 20 0.000379079828417 
140 186 0 20 0.000378907057428 
79 90 0 20 0.000378902180535 
180 431 0 20 0.000378585706181 
74 258 0 20 0.000378584798017 
187 198 0 20 0.000378377844159 
188 417 0 20 0.000378229300316 
440 473 0 20 0.000377849057212 
398 549 0 20 0.000377812059852 
89 101 0 20 0.000377728299147 
152 476 0 20 0.000377722690432 
176 188 0 20 0.000377660817746 
59 198 0 20 0.000377583581258 
192 416 0 20 0.000377543166319 
132 159 0 20 0.000377432088557 
188 430 0 20 0.000377302775997 
188 200 0 20 0.000377218353907 
5 258 0 20 0.000377151033275 
183 189 0 20 0.00037710428502 
63 188 0 20 0.000377069029566 
102 252 0 20 0.000377067072508 
207 435 0 20 0.000377060091712 
186 433 0 20 0.000376840013127 
188 204 0 20 0.000376824309595 
545 556 0 20 0.000376814450292 
185 431 0 20 0.000376674296782 
188 432 0 20 0.000376593745118 
195 211 0 20 0.000376574400209 
121 155 0 20 0.000376562142511 
315 346 0 20 0.000376549376617 
79 91 0 20 0.000376459305288 
132 162 0 20 0.000376425574451 
195 204 0 20 0.000375900634799 
131 133 0 20 0.000375839125573 
221 422 0 20 0.00037581977507 
179 191 0 20 0.000375662666264 
80 354 0 20 0.00037544613398 
433 466 0 20 0.00037535523231 
124 136 0 20 0.000375266609872 
176 198 0 20 0.000375181432933 
178 432 0 20 0.000375057662446 
145 198 0 20 0.000375026844723 
190 410 0 20 0.000374888788683 
178 188 0 20 0.000374842947736 
181 416 0 20 0.00037474274476 
221 423 0 20 0.000374710671283 
69 196 0 20 0.000374666631864 
195 200 0 20 0.000374627132259 
134 135 0 20 0.000374624187961 
181 191 0 20 0.000374595596632 
68 72 0 20 0.00037457734973 
174 423 0 20 0.000374427331062 
70 146 0 20 0.0003743632246 
190 418 0 20 0.000374332191079 
180 191 0 20 0.000374280400571 
176 201 0 20 0.000374071823046 
132 161 0 20 0.000374028013678 
148 188 0 20 0.000373968558724 
188 196 0 20 0.000373947054269 
238 537 0 20 0.000373912749398 
144 197 0 20 0.000373824517974 
127 162 0 20 0.000373819523972 
70 144 0 20 0.000373736402295 
431 473 0 20 0.000373706510317 
408 491 0 20 0.000373676035674 
192 415 0 20 0.000373673816021 
138 188 0 20 0.000373540874382 
515 522 0 20 0.000373469431466 
131 162 0 20 0.000373354949518 
421 428 0 20 0.000373314869761 
177 422 0 20 0.000373212320206 
320 347 0 20 0.000373211713012 
196 208 0 20 0.000373111146973 
183 416 0 20 0.000372844484655 
64 200 0 20 0.000372825219915 
232 542 0 20 0.000372762654744 
550 560 0 20 0.000372655219328 
61 63 0 20 0.000372609798252 
186 416 0 20 0.00037256268734 
184 208 0 20 0.000372560895789 
42 61 0 20 0.000372408909988 
407 490 0 20 0.000372341616818 
196 201 0 20 0.000372282558693 
242 537 0 20 0.000372233265386 
157 480 0 20 0.000372027149101 
121 153 0 20 0.000371594218488 
132 137 0 20 0.000371476372403 
196 471 0 20 0.000371405510505 
88 258 0 20 0.00037135575191 
319 350 0 20 0.000371328875003 
191 198 0 20 0.000371087611049 
186 413 0 20 0.000371027600074 
59 61 0 20 0.00037099086556 
162 469 0 20 0.000370962697895 
176 418 0 20 0.000370831561333 
553 565 0 20 0.000370798779594 
143 198 0 20 0.000370789127052 
39 69 0 20 0.000370748836146 
188 209 0 20 0.000370622987416 
197 470 0 20 0.00037047348026 
150 162 0 20 0.000370450585663 
319 347 0 20 0.000370253801376 
235 244 0 20 0.000370226577922 
180 189 0 20 0.000370150679378 
64 73 0 20 0.000370064364177 
41 72 0 20 0.000370055713221 
540 553 0 20 0.000370023859506 
190 198 0 20 0.00036994976927 
61 197 0 20 0.000369904595416 
202 208 0 20 0.000369901184163 
177 419 0 20 0.000369890327801 
178 431 0 20 0.000369829328709 
241 537 0 20 0.000369591774941 
4 431 0 20 0.000369563065438 
188 285 0 20 0.000369492020536 
177 420 0 20 0.000369439474688 
192 283 0 20 0.000369418505678 
398 540 0 20 0.000369379202313 
149 188 0 20 0.000369288968319 
243 537 0 20 0.000369105850542 
61 68 0 20 0.000368955315683 
187 435 0 20 0.000368917683901 
409 490 0 20 0.000368866344736 
80 88 0 20 0.000368752702566 
319 348 0 20 0.000368717589611 
176 191 0 20 0.000368549532165 
68 136 0 20 0.000368525862872 
188 284 0 20 0.000368496692649 
95 474 0 20 0.000368291165358 
239 540 0 20 0.000368223040176 
235 529 0 20 0.000368184230638 
136 192 0 20 0.000368150762052 
198 203 0 20 0.000368054863306 
122 155 0 20 0.000367987120931 
3 431 0 20 0.000367947868038 
396 553 0 20 0.000367765850853 
234 239 0 20 0.000367572410693 
80 92 0 20 0.000367544774859 
410 493 0 20 0.000367531346935 
179 431 0 20 0.000367466153838 
188 286 0 20 0.000367432196394 
43 67 0 20 0.000367427352373 
191 200 0 20 0.000367249824544 
189 199 0 20 0.000367241420511 
177 423 0 20 0.000367221437321 
7 54 0 20 0.000367198913942 
521 551 0 20 0.000367078583093 
191 197 0 20 0.000367061365179 
139 186 0 20 0.000367028581564 
177 427 0 20 0.000367018030779 
136 242 0 20 0.000367013699556 
136 139 0 20 0.000366924497086 
219 423 0 20 0.000366899331342 
119 155 0 20 0.000366835192513 
7 258 0 20 0.0003668017508 
64 72 0 20 0.000366747913806 
132 136 0 20 0.000366741864181 
87 258 0 20 0.000366734473172 
187 191 0 20 0.000366712833311 
133 139 0 20 0.000366703249499 
189 196 0 20 0.000366663108076 
198 202 0 20 0.00036646721448 
188 289 0 20 0.0003664248471 
128 162 0 20 0.000366375877782 
410 491 0 20 0.000366315197582 
195 219 0 20 0.00036623596543 
2 72 0 20 0.00036619939322 
238 536 0 20 0.00036603796008 
43 70 0 20 0.000365981750282 
151 188 0 20 0.000365945460353 
68 188 0 20 0.000365936044229 
222 537 0 20 0.000365933855786 
243 536 0 20 0.000365778603489 
430 476 0 20 0.000365778012792 
200 201 0 20 0.000365740794078 
398 547 0 20 0.000365678131324 
513 522 0 20 0.000365662841343 
121 156 0 20 0.000365579705202 
9 195 0 20 0.000365525146065 
521 550 0 20 0.000365394040698 
183 191 0 20 0.000365345085259 
191 199 0 20 0.000365305822454 
102 251 0 20 0.000365274659278 
184 283 0 20 0.000365179499651 
431 480 0 20 0.000365136113638 
242 536 0 20 0.000365081210881 
407 494 0 20 0.000365055873951 
136 138 0 20 0.000364895951009 
239 535 0 20 0.000364891682453 
72 149 0 20 0.000364768179398 
191 196 0 20 0.000364758995091 
196 198 0 20 0.000364721714222 
183 208 0 20 0.000364687598448 
553 559 0 20 0.000364662165122 
398 544 0 20 0.000364608875239 
245 534 0 20 0.000364534881829 
1 262 0 20 0.000364223078331 
523 545 0 20 0.000364094419093 
2 431 0 20 0.000364075211125 
235 245 0 20 0.000364055258133 
85 352 0 20 0.00036401510839 
72 136 0 20 0.000363908629781 
180 208 0 20 0.000363798160068 
75 148 0 20 0.000363716516706 
130 162 0 20 0.000363630735677 
188 439 0 20 0.000363245889196 
92 258 0 20 0.000363245490308 
89 100 0 20 0.000363229592358 
72 135 0 20 0.00036319422082 
177 187 0 20 0.000363114106479 
235 542 0 20 0.000363036582777 
144 179 0 20 0.000362914466141 
42 64 0 20 0.000362769242944 
136 241 0 20 0.000362748680498 
135 189 0 20 0.000362572555198 
89 99 0 20 0.000362560652835 
187 189 0 20 0.000362474030581 
408 493 0 20 0.000362355623516 
195 197 0 20 0.000362346966968 
550 562 0 20 0.000362318106428 
239 536 0 20 0.000362294157635 
89 255 0 20 0.000362225270674 
72 142 0 20 0.000362144912725 
1 260 0 20 0.000362115397495 
182 283 0 20 0.000362099140037 
194 201 0 20 0.000361998195934 
198 210 0 20 0.000361932715297 
43 65 0 20 0.000361851092836 
192 201 0 20 0.000361639152762 
89 479 0 20 0.000361589873642 
9 432 0 20 0.000361492134861 
553 554 0 20 0.000361408656288 
188 198 0 20 0.000361399656091 
192 198 0 20 0.000361390709159 
188 288 0 20 0.00036135883316 
201 212 0 20 0.000361350168919 
88 102 0 20 0.000361307130549 
240 536 0 20 0.000361297846054 
220 541 0 20 0.000361247807253 
138 435 0 20 0.000361228420741 
197 450 0 20 0.000361186588885 
390 553 0 20 0.000361180998674 
70 136 0 20 0.000361176515559 
431 477 0 20 0.000361124260284 
549 556 0 20 0.000361069478324 
69 197 0 20 0.000361027312578 
72 141 0 20 0.000360734143629 
93 272 0 20 0.000360678654217 
196 450 0 20 0.000360653684599 
514 521 0 20 0.000360607135275 
440 472 0 20 0.000360594456536 
423 427 0 20 0.000360549116809 
186 192 0 20 0.000360337483854 
397 545 0 20 0.000360280559095 
89 257 0 20 0.000360138755605 
191 201 0 20 0.000360125226242 
176 423 0 20 0.00036002762089 
134 138 0 20 0.000360014467099 
216 540 0 20 0.000359920447389 
9 198 0 20 0.000359874506512 
191 218 0 20 0.000359796120259 
139 188 0 20 0.000359771786919 
185 410 0 20 0.00035975780771 
121 154 0 20 0.000359679404662 
43 68 0 20 0.000359506634901 
228 230 0 20 0.000359232645934 
222 536 0 20 0.000359220243542 
435 472 0 20 0.000359145483088 
72 143 0 20 0.00035913158442 
194 283 0 20 0.000359106467488 
198 208 0 20 0.000358966607246 
5 431 0 20 0.000358938064017 
186 190 0 20 0.000358910737882 
188 294 0 20 0.000358864069 
134 174 0 20 0.000358855040552 
157 274 0 20 0.000358845144486 
180 440 0 20 0.000358438763192 
90 272 0 20 0.000358318919746 
198 472 0 20 0.000358305069432 
186 210 0 20 0.000358301706121 
128 136 0 20 0.0003582922787 
395 553 0 20 0.000358218850667 
397 543 0 20 0.000358197396877 
189 197 0 20 0.000358103911676 
180 435 0 20 0.000358039585549 
95 440 0 20 0.000357985482334 
134 137 0 20 0.00035798281812 
195 214 0 20 0.000357847856887 
181 435 0 20 0.000357777157305 
64 151 0 20 0.000357670988483 
186 411 0 20 0.000357653628199 
513 521 0 20 0.000357632924504 
200 450 0 20 0.000357506851063 
132 160 0 20 0.000357336655329 
82 352 0 20 0.000357254037734 
189 200 0 20 0.000357206650015 
76 144 0 20 0.000357082195982 
439 462 0 20 0.000356933755014 
195 199 0 20 0.000356890249427 
3 432 0 20 0.000356884216566 
240 258 0 20 0.000356707279928 
4 258 0 20 0.000356665548643 
176 432 0 20 0.000356623777219 
207 432 0 20 0.000356622876604 
2 428 0 20 0.000356611971473 
64 139 0 20 0.000356589200628 
430 474 0 20 0.000356504894199 
136 243 0 20 0.000356475151836 
398 546 0 20 0.000356312882069 
1 258 0 20 0.000356206132131 
553 561 0 20 0.000356108484392 
418 427 0 20 0.000356070714166 
431 475 0 20 0.000356022992069 
177 436 0 20 0.000355977920525 
64 245 0 20 0.000355862441759 
311 448 0 20 0.000355846469246 
553 560 0 20 0.000355712755751 
1 59 0 20 0.000355537531867 
188 190 0 20 0.000355504476099 
187 440 0 20 0.000355415130526 
176 435 0 20 0.000355359709241 
431 469 0 20 0.000355352844974 
551 560 0 20 0.000355326302496 
89 97 0 20 0.000355235165847 
72 147 0 20 0.000355201176921 
186 191 0 20 0.000355124194164 
159 189 0 20 0.000355051917533 
75 147 0 20 0.000355040411247 
136 204 0 20 0.00035503019769 
232 245 0 20 0.000354918105838 
67 136 0 20 0.000354824156003 
198 200 0 20 0.000354645549636 
3 259 0 20 0.0003546287697 
198 473 0 20 0.000354576541586 
200 471 0 20 0.000354563439708 
89 98 0 20 0.000354467134482 
133 314 0 20 0.000354341664091 
139 189 0 20 0.000354259844627 
129 161 0 20 0.000354258153047 
199 450 0 20 0.00035403595534 
398 541 0 20 0.000354004894636 
43 69 0 20 0.000353802578807 
201 356 0 20 0.000353740110029 
120 157 0 20 0.000353726259596 
216 541 0 20 0.000353574211464 
146 180 0 20 0.000353502095311 
64 68 0 20 0.00035325797108 
58 186 0 20 0.000353200337947 
197 201 0 20 0.0003529378032 
89 258 0 20 0.000352868118288 
120 133 0 20 0.00035280953401 
195 357 0 20 0.000352793514027 
227 239 0 20 0.000352748041123 
191 203 0 20 0.000352701077685 
10 258 0 20 0.000352376304286 
198 199 0 20 0.00035237131098 
408 489 0 20 0.00035236791156 
59 186 0 20 0.000352306912904 
194 195 0 20 0.00035216750057 
195 284 0 20 0.000352144972864 
193 198 0 20 0.000352144716423 
177 188 0 20 0.000352023241557 
64 152 0 20 0.00035186811486 
397 540 0 20 0.000351831922742 
195 358 0 20 0.000351745967526 
1 421 0 20 0.000351694923045 
133 315 0 20 0.000351501550521 
201 357 0 20 0.000351433526056 
189 568 0 20 0.000351407425186 
235 241 0 20 0.000351344075054 
232 241 0 20 0.000351344075054 
185 463 0 20 0.000351297485583 
75 142 0 20 0.000351264485492 
434 471 0 20 0.000351256331236 
89 354 0 20 0.000351211217415 
215 541 0 20 0.000351131471394 
274 431 0 20 0.000350960729511 
121 160 0 20 0.000350828626929 
199 201 0 20 0.000350749577692 
134 242 0 20 0.000350675831306 
391 553 0 20 0.000350662682887 
432 472 0 20 0.000350661961987 
189 198 0 20 0.000350603896288 
431 472 0 20 0.000350274741166 
96 440 0 20 0.000350237219533 
198 204 0 20 0.000350189793596 
1 430 0 20 0.000350188552786 
4 72 0 20 0.000350135484415 
191 202 0 20 0.000349944177339 
133 325 0 20 0.000349877834037 
397 552 0 20 0.000349818877419 
64 67 0 20 0.000349686535432 
195 356 0 20 0.00034961061919 
79 354 0 20 0.000349548653835 
281 431 0 20 0.000349529224308 
433 462 0 20 0.000349390029885 
310 448 0 20 0.00034937614765 
54 185 0 20 0.000349356098955 
121 159 0 20 0.000349324857006 
133 324 0 20 0.000349316687222 
189 286 0 20 0.000349311974134 
433 474 0 20 0.000349235156261 
5 72 0 20 0.000349127144251 
64 364 0 20 0.000349074744496 
6 54 0 20 0.000348980471379 
408 492 0 20 0.00034897467026 
409 492 0 20 0.00034897467026 
5 54 0 20 0.00034890843734 
123 162 0 20 0.000348725516956 
42 72 0 20 0.000348724084031 
318 448 0 20 0.00034870910513 
3 72 0 20 0.000348657306152 
120 158 0 20 0.00034862129051 
188 191 0 20 0.000348601281102 
549 560 0 20 0.000348521254478 
408 494 0 20 0.000348509195694 
134 169 0 20 0.000348424399867 
3 423 0 20 0.000348205218228 
543 553 0 20 0.000348201713749 
197 198 0 20 0.000348194764297 
189 284 0 20 0.000348155328976 
89 472 0 20 0.000348122092492 
93 102 0 20 0.000348061792673 
87 352 0 20 0.000348014561544 
434 466 0 20 0.000347835044554 
192 216 0 20 0.000347713671137 
175 432 0 20 0.000347556780021 
434 463 0 20 0.00034746868543 
89 478 0 20 0.000347333303281 
7 72 0 20 0.00034729209615 
83 89 0 20 0.000347275317203 
129 473 0 20 0.000347203207891 
129 169 0 20 0.000347077113993 
89 473 0 20 0.000347065175107 
385 464 0 20 0.000346990636791 
6 72 0 20 0.000346747687169 
436 462 0 20 0.000346595090454 
187 188 0 20 0.000346469213179 
198 411 0 20 0.000346447632623 
515 529 0 20 0.000346351509261 
70 435 0 20 0.000346329485723 
323 410 0 20 0.000345987837716 
316 432 0 20 0.000345962201451 
235 239 0 20 0.000345955605877 
133 332 0 20 0.00034578737973 
317 432 0 20 0.000345754897709 
385 465 0 20 0.000345686701561 
437 466 0 20 0.000345659750859 
136 240 0 20 0.000345609999292 
174 186 0 20 0.000345567408286 
227 232 0 20 0.000345422577982 
3 54 0 20 0.000345200919614 
174 418 0 20 0.00034511858458 
39 64 0 20 0.000345037633421 
439 474 0 20 0.000344986613399 
409 469 0 20 0.000344962590798 
191 193 0 20 0.000344932594183 
283 310 0 20 0.000344869727251 
59 352 0 20 0.000344844968872 
198 209 0 20 0.000344766059657 
437 462 0 20 0.000344716149384 
86 352 0 20 0.00034459442553 
135 188 0 20 0.000344537817436 
7 189 0 20 0.000344534847885 
191 288 0 20 0.000344129420439 
278 431 0 20 0.000344056875916 
155 271 0 20 0.000344039453691 
92 272 0 20 0.000344023837188 
5 432 0 20 0.000344018314295 
410 535 0 20 0.00034399968007 
553 562 0 20 0.000343876886374 
69 204 0 20 0.000343788623974 
89 104 0 20 0.000343734105357 
86 476 0 20 0.000343684910322 
421 431 0 20 0.000343683241085 
436 466 0 20 0.0003436691584 
204 470 0 20 0.000343647226813 
4 428 0 20 0.000343611977008 
189 190 0 20 0.000343502474917 
84 352 0 20 0.000343497671151 
90 258 0 20 0.000343331508836 
276 431 0 20 0.000343327289933 
438 462 0 20 0.000343284315362 
158 436 0 20 0.000342884572251 
232 242 0 20 0.000342746210395 
89 271 0 20 0.000342714650873 
88 352 0 20 0.000342689779369 
89 254 0 20 0.000342684862215 
54 354 0 20 0.000342649403627 
134 386 0 20 0.000342609673061 
321 410 0 20 0.000342569615198 
433 536 0 20 0.000342497466817 
432 481 0 20 0.000342487562133 
89 103 0 20 0.000342473744044 
38 162 0 20 0.000342465103834 
190 283 0 20 0.00034233816095 
5 428 0 20 0.000342334109848 
431 481 0 20 0.000342333733921 
280 431 0 20 0.00034229134356 
61 187 0 20 0.000342278631412 
317 431 0 20 0.000342175935554 
64 246 0 20 0.000342174545211 
88 351 0 20 0.000342164363675 
199 471 0 20 0.000342104696652 
134 181 0 20 0.000342044314995 
200 470 0 20 0.000342042039553 
385 467 0 20 0.000342036459679 
89 475 0 20 0.00034175831961 
552 562 0 20 0.000341701965451 
9 431 0 20 0.000341691679744 
3 428 0 20 0.000341612711355 
80 353 0 20 0.000341595936272 
69 434 0 20 0.000341591418822 
552 553 0 20 0.000341537917332 
195 196 0 20 0.000341494618616 
93 440 0 20 0.000341323853193 
189 290 0 20 0.000341194912967 
553 555 0 20 0.0003411815481 
554 562 0 20 0.000340955860189 
157 432 0 20 0.000340859404139 
198 444 0 20 0.000340839970806 
61 185 0 20 0.000340779632602 
195 461 0 20 0.000340755589085 
550 556 0 20 0.000340680695513 
191 294 0 20 0.000340658963715 
195 292 0 20 0.000340644461793 
64 358 0 20 0.000340643882016 
64 185 0 20 0.000340553946847 
9 201 0 20 0.000340395572231 
70 155 0 20 0.000340383650287 
88 259 0 20 0.000340330353394 
195 294 0 20 0.000340301453935 
134 188 0 20 0.000340291470587 
136 187 0 20 0.000340277528482 
320 410 0 20 0.000340049947266 
432 436 0 20 0.000340001690114 
193 195 0 20 0.000339906693054 
5 191 0 20 0.000339879100263 
10 195 0 20 0.000339792219775 
407 537 0 20 0.000339691898045 
186 189 0 20 0.00033965891296 
121 152 0 20 0.000339636834202 
134 241 0 20 0.000339610820583 
545 553 0 20 0.000339594549609 
9 440 0 20 0.000339542251272 
9 466 0 20 0.000339469378775 
9 463 0 20 0.000339469378775 
129 479 0 20 0.000339185610144 
75 542 0 20 0.000339117016983 
89 105 0 20 0.000339028924112 
279 431 0 20 0.000339022745533 
312 448 0 20 0.000338883465076 
195 217 0 20 0.000338757950251 
7 431 0 20 0.000338712815926 
72 433 0 20 0.000338645954195 
375 466 0 20 0.000338622777487 
134 165 0 20 0.000338517706588 
96 474 0 20 0.000338510164254 
193 474 0 20 0.000338429036447 
187 474 0 20 0.000338389143736 
439 463 0 20 0.000338368893002 
397 538 0 20 0.000338320945894 
201 211 0 20 0.000338319424584 
199 476 0 20 0.000338189095545 
158 433 0 20 0.000338128776556 
189 287 0 20 0.000338127182565 
432 461 0 20 0.000338107920036 
189 285 0 20 0.000337997379879 
70 562 0 20 0.000337817278925 
38 158 0 20 0.00033781431496 
435 540 0 20 0.000337687667282 
197 448 0 20 0.000337620597952 
196 463 0 20 0.000337588712497 
10 198 0 20 0.000337567646389 
72 543 0 20 0.000337548253337 
375 463 0 20 0.000337535470672 
133 326 0 20 0.000337530711815 
438 466 0 20 0.000337454112454 
38 64 0 20 0.000337451320172 
175 186 0 20 0.000337347921834 
133 322 0 20 0.000337303557568 
386 553 0 20 0.000337190491812 
121 151 0 20 0.000337181022993 
232 240 0 20 0.000337138163656 
190 191 0 20 0.00033703510104 
64 66 0 20 0.000336976092265 
136 472 0 20 0.000336786264608 
184 189 0 20 0.000336752483712 
8 433 0 20 0.00033666122846 
8 434 0 20 0.00033666122846 
5 186 0 20 0.000336651155523 
553 564 0 20 0.000336580516764 
199 470 0 20 0.000336397290856 
133 323 0 20 0.000336389857123 
1 206 0 20 0.000336305519379 
201 213 0 20 0.00033629216466 
3 195 0 20 0.000336211104608 
64 439 0 20 0.000336197818567 
185 186 0 20 0.000336116149369 
433 534 0 20 0.000336101721575 
189 288 0 20 0.000336068744857 
195 472 0 20 0.000336045162774 
80 262 0 20 0.000335846600608 
71 189 0 20 0.000335839663405 
93 435 0 20 0.000335815258262 
188 475 0 20 0.0003358075969 
2 188 0 20 0.00033570109294 
61 360 0 20 0.000335684448333 
195 473 0 20 0.000335618557707 
197 463 0 20 0.00033549634945 
89 102 0 20 0.000335455567701 
388 466 0 20 0.000335323302649 
185 466 0 20 0.000335180822102 
376 466 0 20 0.000335006173135 
5 195 0 20 0.000334999567456 
72 461 0 20 0.000334970508475 
226 232 0 20 0.000334914703418 
134 388 0 20 0.000334846104819 
387 466 0 20 0.000334843329342 
64 206 0 20 0.000334760074639 
195 289 0 20 0.000334678020201 
318 432 0 20 0.000334630533641 
61 205 0 20 0.000334607617625 
44 72 0 20 0.000334538480408 
134 472 0 20 0.000334529262449 
1 71 0 20 0.000334310658163 
87 474 0 20 0.000334191798953 
87 476 0 20 0.000334191798953 
195 469 0 20 0.000334145847386 
191 293 0 20 0.000334136043482 
191 290 0 20 0.000334094360837 
72 545 0 20 0.000334010747425 
411 537 0 20 0.00033381559099 
179 283 0 20 0.000333794233602 
196 470 0 20 0.000333730377772 
159 270 0 20 0.000333482114311 
72 544 0 20 0.000333475423074 
157 434 0 20 0.000333343959821 
136 405 0 20 0.000333329077941 
89 256 0 20 0.000333246184604 
191 192 0 20 0.000333116322494 
189 289 0 20 0.000333091162234 
187 466 0 20 0.000332995482811 
63 239 0 20 0.000332933615679 
203 470 0 20 0.000332803882705 
188 189 0 20 0.000332755794431 
326 423 0 20 0.000332710982855 
201 204 0 20 0.000332582367571 
157 271 0 20 0.000332559703715 
61 135 0 20 0.000332496176075 
191 467 0 20 0.000332371605396 
172 423 0 20 0.000332274692097 
88 474 0 20 0.000332254090454 
70 476 0 20 0.000332194266576 
552 560 0 20 0.000332070392484 
187 476 0 20 0.000331932956272 
431 545 0 20 0.000331898590009 
235 242 0 20 0.000331725555281 
195 480 0 20 0.000331698842363 
133 472 0 20 0.000331636031136 
188 467 0 20 0.000331375681909 
1 207 0 20 0.000331279806598 
157 276 0 20 0.000330895193584 
133 479 0 20 0.000330886445338 
43 66 0 20 0.000330880398001 
381 463 0 20 0.000330833211515 
464 523 0 20 0.000330813153404 
432 464 0 20 0.000330673386328 
193 471 0 20 0.000330611542906 
195 218 0 20 0.000330595277214 
191 475 0 20 0.000330577111278 
89 477 0 20 0.000330516641241 
103 158 0 20 0.000330516257464 
133 327 0 20 0.000330430829267 
64 359 0 20 0.000330344310983 
133 317 0 20 0.000330335374305 
187 409 0 20 0.000330309924042 
38 157 0 20 0.000330284646837 
95 476 0 20 0.000330251428229 
195 293 0 20 0.000330240759417 
56 352 0 20 0.000330069565759 
228 238 0 20 0.0003300420545 
314 432 0 20 0.000329963596915 
382 463 0 20 0.000329953827066 
104 157 0 20 0.000329803624583 
48 281 0 20 0.000329772718761 
155 158 0 20 0.000329762108468 
95 431 0 20 0.000329751031272 
48 371 0 20 0.000329728941514 
322 410 0 20 0.000329611985442 
103 474 0 20 0.000329599966047 
68 432 0 20 0.000329519287799 
221 230 0 20 0.000329478808812 
228 239 0 20 0.000329476369973 
7 188 0 20 0.000329361634993 
198 279 0 20 0.000329264448296 
70 186 0 20 0.000329261897309 
421 562 0 20 0.000329252231875 
316 431 0 20 0.000329212963944 
75 543 0 20 0.00032915780093 
54 371 0 20 0.000329098180056 
54 369 0 20 0.000329084572598 
191 464 0 20 0.000329048003992 
48 369 0 20 0.000328980284758 
146 156 0 20 0.000328787650774 
98 476 0 20 0.000328710016542 
129 166 0 20 0.000328562538779 
4 471 0 20 0.000328491503688 
88 476 0 20 0.000328458639759 
416 529 0 20 0.000328439279384 
134 166 0 20 0.000328421431147 
133 165 0 20 0.000328338573082 
133 320 0 20 0.000328313900068 
180 283 0 20 0.000328308857976 
133 319 0 20 0.000328257367343 
134 326 0 20 0.000328172039251 
64 361 0 20 0.000328158494688 
159 515 0 20 0.000328026613016 
158 432 0 20 0.000327989266503 
156 272 0 20 0.000327897912819 
176 277 0 20 0.000327874429047 
434 462 0 20 0.000327872180525 
49 277 0 20 0.000327868159401 
208 322 0 20 0.000327853126115 
283 434 0 20 0.000327822006924 
205 474 0 20 0.000327810570825 
541 550 0 20 0.000327803735016 
470 563 0 20 0.000327727988654 
93 258 0 20 0.000327635920987 
4 470 0 20 0.000327592328837 
72 542 0 20 0.000327492222498 
5 188 0 20 0.000327433804682 
134 167 0 20 0.000327280891543 
422 428 0 20 0.000327263500002 
71 428 0 20 0.000327097154907 
431 547 0 20 0.000327061574812 
286 431 0 20 0.000326994474793 
186 188 0 20 0.00032684768178 
157 430 0 20 0.000326806093938 
177 184 0 20 0.000326667032155 
189 291 0 20 0.000326632773726 
134 405 0 20 0.000326606617814 
189 294 0 20 0.000326521281937 
104 158 0 20 0.000326502482068 
54 370 0 20 0.000326481192329 
384 463 0 20 0.000326480605855 
54 182 0 20 0.000326464815821 
70 474 0 20 0.000326343842229 
232 243 0 20 0.000326277465347 
69 539 0 20 0.000326152865376 
559 562 0 20 0.000326141706132 
159 513 0 20 0.000326137372707 
7 195 0 20 0.000326108157488 
188 293 0 20 0.000325914591572 
136 473 0 20 0.000325869399398 
204 283 0 20 0.000325782303412 
329 423 0 20 0.000325734951809 
72 540 0 20 0.000325681409041 
48 370 0 20 0.000325634323913 
133 321 0 20 0.000325590867849 
54 90 0 20 0.000325575159481 
91 476 0 20 0.000325536361433 
91 474 0 20 0.000325536361433 
96 431 0 20 0.000325530369631 
200 463 0 20 0.00032544959254 
133 311 0 20 0.000325383637808 
71 432 0 20 0.000325172234985 
239 479 0 20 0.000325168480141 
283 318 0 20 0.000325156897925 
188 472 0 20 0.000325106719892 
158 434 0 20 0.000324997110074 
189 293 0 20 0.000324939481723 
467 523 0 20 0.000324912265132 
186 561 0 20 0.000324801833204 
188 465 0 20 0.000324795517706 
104 162 0 20 0.000324696019899 
418 431 0 20 0.000324626883112 
134 324 0 20 0.000324582555578 
226 239 0 20 0.000324446395793 
198 461 0 20 0.000324247742184 
418 564 0 20 0.000324201473516 
431 543 0 20 0.00032413216777 
315 431 0 20 0.000324110067606 
92 476 0 20 0.000324104475313 
92 474 0 20 0.000324104475313 
431 542 0 20 0.00032410355857 
133 312 0 20 0.000323967635988 
86 474 0 20 0.000323966016272 
188 563 0 20 0.000323912417569 
381 466 0 20 0.000323859671259 
162 280 0 20 0.000323829637296 
283 433 0 20 0.00032361957153 
68 75 0 20 0.000323544358075 
423 426 0 20 0.000323421526386 
186 464 0 20 0.000323398802579 
139 471 0 20 0.000323354387043 
282 310 0 20 0.000323273141016 
72 460 0 20 0.000323109998228 
418 509 0 20 0.000323072853616 
70 428 0 20 0.000322985986702 
89 434 0 20 0.000322934342917 
59 440 0 20 0.000322838466022 
148 157 0 20 0.000322815832571 
70 134 0 20 0.000322807389509 
87 431 0 20 0.000322799017863 
407 535 0 20 0.000322737123779 
70 470 0 20 0.000322665471989 
9 188 0 20 0.000322657195363 
4 188 0 20 0.000322650370791 
187 471 0 20 0.0003226390168 
58 277 0 20 0.000322603133903 
10 201 0 20 0.000322525439009 
314 431 0 20 0.000322460248162 
435 539 0 20 0.000322394161471 
135 485 0 20 0.000322389520877 
195 291 0 20 0.000322370613926 
122 134 0 20 0.000322193995913 
282 433 0 20 0.000322193026881 
195 290 0 20 0.000322169274213 
312 431 0 20 0.000322101763809 
415 428 0 20 0.000322084897402 
283 311 0 20 0.000322031807241 
228 231 0 20 0.000322011295942 
1 187 0 20 0.000321926620447 
72 472 0 20 0.000321847329293 
436 534 0 20 0.000321834515036 
275 431 0 20 0.000321775585597 
76 541 0 20 0.000321647673197 
536 542 0 20 0.000321594794268 
410 539 0 20 0.000321584034936 
195 286 0 20 0.000321547949723 
233 239 0 20 0.000321513886001 
410 536 0 20 0.000321351676742 
158 185 0 20 0.000321300729192 
472 562 0 20 0.000321232213527 
134 473 0 20 0.000321228654229 
1 197 0 20 0.000321141870218 
6 195 0 20 0.000321095075909 
422 432 0 20 0.000320871719942 
154 272 0 20 0.000320778698531 
431 516 0 20 0.000320767151538 
283 312 0 20 0.000320717601929 
434 536 0 20 0.000320654791042 
537 542 0 20 0.000320653190691 
162 279 0 20 0.000320618313003 
134 497 0 20 0.000320581353367 
198 215 0 20 0.000320565275733 
506 521 0 20 0.000320561585014 
120 134 0 20 0.000320528794885 
199 463 0 20 0.000320499303079 
266 561 0 20 0.000320498552326 
134 331 0 20 0.000320495448942 
133 331 0 20 0.00032047057892 
133 316 0 20 0.000320466911731 
75 472 0 20 0.000320458576814 
72 538 0 20 0.000320454910742 
188 565 0 20 0.000320426168547 
195 220 0 20 0.000320377328625 
134 322 0 20 0.000320324564169 
75 433 0 20 0.000320321001905 
157 273 0 20 0.00032030583163 
268 561 0 20 0.000320281494064 
134 316 0 20 0.000320149665801 
134 310 0 20 0.00032005629941 
67 432 0 20 0.000319985746585 
270 561 0 20 0.000319901281272 
410 537 0 20 0.000319699290489 
421 570 0 20 0.000319679279238 
101 431 0 20 0.000319623622323 
292 435 0 20 0.000319606294156 
136 421 0 20 0.000319605270861 
327 423 0 20 0.000319602319658 
311 431 0 20 0.000319473118181 
284 440 0 20 0.000319452580529 
134 319 0 20 0.000319419208238 
133 204 0 20 0.000319376867165 
221 237 0 20 0.000319222587868 
100 432 0 20 0.000319208159097 
134 327 0 20 0.000319199793273 
134 329 0 20 0.000319147219711 
8 17 0 20 0.000319137937886 
72 436 0 20 0.00031911524195 
92 440 0 20 0.000319049231966 
154 431 0 20 0.000318986920535 
154 432 0 20 0.000318986920535 
64 135 0 20 0.00031893197799 
70 463 0 20 0.000318838342028 
423 428 0 20 0.000318748499768 
275 432 0 20 0.000318632386523 
68 134 0 20 0.000318602993483 
278 435 0 20 0.000318591527076 
125 476 0 20 0.000318530234623 
320 428 0 20 0.000318495274365 
239 517 0 20 0.000318386356325 
268 472 0 20 0.000318381581099 
420 570 0 20 0.000318356046564 
136 480 0 20 0.000318343506613 
318 431 0 20 0.000318182594566 
203 283 0 20 0.000318167949818 
536 538 0 20 0.000318152719533 
135 423 0 20 0.000318106214049 
70 537 0 20 0.000318090663419 
91 102 0 20 0.000318028897713 
54 91 0 20 0.000318002935604 
135 308 0 20 0.000317975512639 
84 102 0 20 0.000317910166821 
101 428 0 20 0.00031789887553 
241 520 0 20 0.000317845363698 
283 440 0 20 0.000317794078932 
432 459 0 20 0.000317605605271 
103 157 0 20 0.00031738845436 
40 72 0 20 0.000317345163842 
225 239 0 20 0.000317340740821 
315 430 0 20 0.000317262038007 
313 430 0 20 0.000317262038007 
134 308 0 20 0.000317173143699 
239 472 0 20 0.000317148055821 
122 133 0 20 0.000317111868291 
133 310 0 20 0.000317100386211 
159 186 0 20 0.000316855125942 
69 430 0 20 0.000316828119232 
69 70 0 20 0.000316826044991 
239 255 0 20 0.000316669590156 
69 535 0 20 0.000316524836993 
428 516 0 20 0.000316496146355 
422 569 0 20 0.00031639724618 
315 434 0 20 0.000316365788313 
320 431 0 20 0.000316265773224 
195 540 0 20 0.000316249461358 
314 440 0 20 0.000316228144676 
433 537 0 20 0.000316225550353 
558 562 0 20 0.000316149941879 
70 536 0 20 0.000315988350449 
80 235 0 20 0.000315942413909 
134 387 0 20 0.000315868667349 
103 162 0 20 0.000315822474217 
317 428 0 20 0.000315712221116 
136 396 0 20 0.000315625280702 
85 102 0 20 0.000315623774404 
503 521 0 20 0.000315480557727 
419 511 0 20 0.000315478977351 
92 102 0 20 0.000315309794316 
90 102 0 20 0.000315306562094 
228 241 0 20 0.00031515688162 
70 432 0 20 0.00031506218299 
72 197 0 20 0.000315052224154 
417 511 0 20 0.000315036409213 
121 133 0 20 0.00031483731982 
328 419 0 20 0.000314833105016 
423 516 0 20 0.000314772218803 
194 216 0 20 0.000314767963821 
121 137 0 20 0.00031476033062 
162 171 0 20 0.000314751219161 
557 562 0 20 0.00031462186192 
136 392 0 20 0.000314607753949 
284 474 0 20 0.000314593968935 
463 522 0 20 0.000314402445121 
204 282 0 20 0.000314393664637 
422 431 0 20 0.000314392721378 
121 135 0 20 0.000314391243783 
513 529 0 20 0.000314316571632 
59 277 0 20 0.000314308888963 
470 567 0 20 0.000314188613979 
72 190 0 20 0.000314153890839 
469 560 0 20 0.000314133498472 
480 562 0 20 0.000314121915039 
207 313 0 20 0.000314069947195 
74 474 0 20 0.00031403685646 
70 129 0 20 0.000313958262842 
76 474 0 20 0.000313882149223 
318 440 0 20 0.00031387436959 
134 499 0 20 0.000313773127132 
242 520 0 20 0.000313729322828 
418 426 0 20 0.000313727046113 
158 439 0 20 0.000313680299495 
71 466 0 20 0.000313658507683 
466 523 0 20 0.000313528672691 
206 313 0 20 0.000313513636487 
82 235 0 20 0.000313465208373 
75 473 0 20 0.000313441455101 
420 513 0 20 0.000313303511381 
320 432 0 20 0.000313109960286 
71 431 0 20 0.000313055073108 
239 519 0 20 0.000313051800083 
71 435 0 20 0.000313013828069 
133 202 0 20 0.000313004758783 
5 410 0 20 0.000312986989922 
235 482 0 20 0.000312973938209 
158 430 0 20 0.000312899743784 
133 421 0 20 0.00031286384242 
72 467 0 20 0.000312826789479 
50 277 0 20 0.000312752126766 
124 133 0 20 0.000312748388639 
472 569 0 20 0.000312713059589 
237 474 0 20 0.000312702179577 
328 427 0 20 0.000312688218631 
232 237 0 20 0.000312686860285 
70 431 0 20 0.000312682056304 
8 18 0 20 0.000312633586802 
166 177 0 20 0.000312577678335 
202 283 0 20 0.000312500015781 
134 504 0 20 0.000312433635579 
470 566 0 20 0.000312283162354 
470 558 0 20 0.000312200777873 
72 434 0 20 0.000312158294618 
133 251 0 20 0.00031207843834 
536 540 0 20 0.000312056185736 
75 439 0 20 0.000312003423238 
318 428 0 20 0.000311964446015 
157 439 0 20 0.000311847320562 
134 498 0 20 0.000311812473424 
75 196 0 20 0.000311801782365 
284 476 0 20 0.000311757634043 
552 569 0 20 0.000311750833256 
314 435 0 20 0.000311589200937 
330 421 0 20 0.00031158124277 
468 562 0 20 0.0003115496133 
223 239 0 20 0.000311415240315 
224 239 0 20 0.000311300632811 
75 436 0 20 0.000311300545003 
286 471 0 20 0.000311276140618 
470 568 0 20 0.000311178926496 
188 215 0 20 0.00031113131578 
430 485 0 20 0.000311073023263 
78 235 0 20 0.000310981848917 
75 434 0 20 0.000310963466386 
71 463 0 20 0.00031095640491 
536 539 0 20 0.000310882578963 
51 277 0 20 0.000310727226329 
349 427 0 20 0.000310700517563 
283 480 0 20 0.000310613789359 
311 440 0 20 0.000310581891875 
54 181 0 20 0.000310553164576 
463 564 0 20 0.000310492500872 
473 562 0 20 0.000310483404766 
327 418 0 20 0.000310436860569 
321 432 0 20 0.000310321788774 
430 562 0 20 0.000310298710303 
423 425 0 20 0.00031029012067 
427 432 0 20 0.000310282641204 
423 431 0 20 0.000310247692421 
75 437 0 20 0.000310130538228 
313 436 0 20 0.000309923547211 
432 486 0 20 0.000309891117007 
290 474 0 20 0.000309857134804 
71 198 0 20 0.000309736104233 
322 418 0 20 0.000309668716218 
288 474 0 20 0.000309641047089 
288 476 0 20 0.000309641047089 
227 236 0 20 0.000309630629159 
266 471 0 20 0.000309541528003 
137 423 0 20 0.000309517977063 
132 433 0 20 0.000309479009455 
79 235 0 20 0.00030927231138 
76 129 0 20 0.000309259450989 
133 252 0 20 0.000309196482281 
474 568 0 20 0.000308923658069 
153 158 0 20 0.00030885864113 
240 520 0 20 0.000308835965526 
431 433 0 20 0.000308817274633 
171 186 0 20 0.000308801438677 
267 471 0 20 0.000308773579508 
419 428 0 20 0.000308679605958 
195 312 0 20 0.000308617438786 
39 61 0 20 0.000308458287293 
546 570 0 20 0.000308387404107 
48 279 0 20 0.000308386367649 
48 280 0 20 0.000308322460152 
54 280 0 20 0.000308213599328 
48 273 0 20 0.000308102041294 
557 560 0 20 0.000308022911832 
419 513 0 20 0.000307953371284 
293 435 0 20 0.000307783711371 
64 274 0 20 0.000307705015053 
86 102 0 20 0.000307612853041 
252 258 0 20 0.000307560491756 
418 505 0 20 0.000307521857872 
67 556 0 20 0.000307356635512 
283 472 0 20 0.000307306679516 
73 129 0 20 0.000307233372197 
120 235 0 20 0.000307232702872 
81 235 0 20 0.000307204224226 
291 440 0 20 0.000307198472162 
89 109 0 20 0.000307148299089 
83 102 0 20 0.000307086689813 
7 48 0 20 0.000307038822977 
541 548 0 20 0.000306991903139 
122 235 0 20 0.0003069248541 
221 241 0 20 0.000306919485669 
269 472 0 20 0.00030689024587 
237 520 0 20 0.000306831062944 
69 422 0 20 0.000306530681618 
258 472 0 20 0.00030648347189 
427 431 0 20 0.000306440823017 
511 522 0 20 0.000306351190734 
221 242 0 20 0.000306238368388 
155 157 0 20 0.000306207968153 
57 277 0 20 0.000306141434876 
155 387 0 20 0.000306078060381 
258 471 0 20 0.000306012552654 
72 561 0 20 0.000306007065541 
243 520 0 20 0.000305944004808 
292 440 0 20 0.000305876164802 
297 440 0 20 0.000305859182285 
201 314 0 20 0.000305856969778 
208 318 0 20 0.000305694870567 
432 487 0 20 0.000305681688096 
52 277 0 20 0.000305558054528 
265 471 0 20 0.000305525838939 
9 338 0 20 0.000305513216159 
268 471 0 20 0.000305506653096 
430 435 0 20 0.00030544369746 
423 512 0 20 0.000305360387277 
269 473 0 20 0.000305186389835 
288 471 0 20 0.000305075373174 
555 562 0 20 0.000305073676358 
427 435 0 20 0.000305055520591 
260 471 0 20 0.000304952103958 
231 239 0 20 0.000304897956195 
503 520 0 20 0.000304851482226 
504 522 0 20 0.000304790508504 
198 529 0 20 0.000304698678879 
88 158 0 20 0.000304625672671 
432 439 0 20 0.000304581127494 
232 238 0 20 0.000304561025991 
266 472 0 20 0.000304482423932 
70 72 0 20 0.00030441537623 
61 367 0 20 0.000304390998816 
290 476 0 20 0.000304302848459 
559 570 0 20 0.000304129980333 
54 281 0 20 0.000304111646486 
420 440 0 20 0.000304031739615 
74 553 0 20 0.00030401015421 
200 415 0 20 0.000303930632688 
116 133 0 20 0.000303868818359 
293 431 0 20 0.000303746605101 
54 568 0 20 0.000303683506092 
262 471 0 20 0.000303564155401 
155 439 0 20 0.000303513635841 
132 436 0 20 0.000303504980874 
64 367 0 20 0.00030347183012 
255 471 0 20 0.000303408700657 
198 540 0 20 0.000303300064223 
158 429 0 20 0.000303267000759 
504 521 0 20 0.000303253339548 
198 459 0 20 0.000303209853193 
417 513 0 20 0.000303157556346 
431 514 0 20 0.000303115804256 
132 440 0 20 0.000303113935602 
256 471 0 20 0.000303112980545 
418 512 0 20 0.000303104212119 
285 471 0 20 0.000303097711061 
48 568 0 20 0.000303084015651 
515 524 0 20 0.000303003904054 
228 437 0 20 0.000302979710778 
431 436 0 20 0.000302965241076 
245 520 0 20 0.000302868877457 
70 157 0 20 0.000302786709604 
420 511 0 20 0.000302763203092 
132 439 0 20 0.000302730731655 
228 240 0 20 0.000302681780948 
220 232 0 20 0.000302603465142 
426 431 0 20 0.00030255477192 
54 279 0 20 0.000302450647959 
87 102 0 20 0.000302351623933 
201 312 0 20 0.000302234100779 
562 571 0 20 0.000302161316093 
554 560 0 20 0.000301998058227 
208 311 0 20 0.000301989025855 
220 239 0 20 0.000301956418446 
61 559 0 20 0.000301864892413 
53 277 0 20 0.000301784837982 
155 389 0 20 0.000301765655574 
509 521 0 20 0.000301654884965 
54 278 0 20 0.000301654226674 
512 521 0 20 0.000301633088221 
9 337 0 20 0.00030160292181 
132 434 0 20 0.000301597491395 
285 476 0 20 0.000301591294135 
285 474 0 20 0.000301591294135 
155 160 0 20 0.000301556326294 
132 274 0 20 0.00030152565743 
269 470 0 20 0.000301512215671 
151 158 0 20 0.000301457861529 
181 476 0 20 0.000301443393893 
132 273 0 20 0.000301440770818 
48 276 0 20 0.000301428854797 
76 121 0 20 0.000301428224418 
88 157 0 20 0.000301384367468 
198 458 0 20 0.000301381525377 
284 471 0 20 0.000301372896053 
76 553 0 20 0.000301363819936 
154 158 0 20 0.000301327939416 
128 133 0 20 0.000301288966049 
239 516 0 20 0.000301266101891 
264 471 0 20 0.000301244745192 
69 367 0 20 0.000301238667351 
420 428 0 20 0.000301198712481 
508 520 0 20 0.000301131722096 
2 410 0 20 0.000301034603295 
283 473 0 20 0.000300698112557 
283 479 0 20 0.000300643382519 
7 348 0 20 0.000300385337829 
38 61 0 20 0.000300282241705 
509 520 0 20 0.0003002398604 
70 121 0 20 0.000300179632959 
163 177 0 20 0.000300059441966 
429 515 0 20 0.000300033019235 
558 560 0 20 0.000300024846583 
420 515 0 20 0.000300004628492 
89 174 0 20 0.000300003460394 
418 506 0 20 0.000300003025119 
71 553 0 20 0.00029999666155 
89 176 0 20 0.000299808653445 
417 428 0 20 0.000299672368755 
123 133 0 20 0.000299657795788 
71 80 0 20 0.000299626476002 
188 531 0 20 0.000299619765537 
268 469 0 20 0.000299544543307 
257 471 0 20 0.000299507610395 
421 432 0 20 0.000299505868223 
123 235 0 20 0.000299406387275 
121 134 0 20 0.000299375010295 
71 72 0 20 0.000299311733716 
152 158 0 20 0.000299297258159 
69 427 0 20 0.000299107430632 
259 472 0 20 0.000299012432826 
508 521 0 20 0.000299005074914 
431 552 0 20 0.000299004876063 
287 470 0 20 0.000298848661304 
279 476 0 20 0.000298832250829 
126 235 0 20 0.000298802598778 
261 471 0 20 0.00029878867774 
154 315 0 20 0.00029877761179 
154 313 0 20 0.000298761289723 
89 171 0 20 0.000298663144239 
553 569 0 20 0.000298650772862 
183 463 0 20 0.000298621218575 
241 562 0 20 0.000298482675449 
254 471 0 20 0.000298404754738 
265 470 0 20 0.000298298422597 
245 562 0 20 0.000298263286784 
155 388 0 20 0.000298235659178 
283 469 0 20 0.000298092200836 
287 471 0 20 0.000298089930928 
287 474 0 20 0.000298089930928 
242 562 0 20 0.000298065268084 
183 466 0 20 0.000298002686399 
431 565 0 20 0.000297953088759 
171 177 0 20 0.000297869095764 
547 570 0 20 0.000297826929044 
124 235 0 20 0.000297809394599 
69 81 0 20 0.000297780706632 
516 523 0 20 0.000297738072466 
268 418 0 20 0.000297660187702 
511 524 0 20 0.000297628527179 
534 540 0 20 0.00029746870121 
157 308 0 20 0.000297393358777 
438 485 0 20 0.000297176738087 
289 476 0 20 0.000296919032636 
289 474 0 20 0.000296919032636 
72 425 0 20 0.000296912030654 
219 239 0 20 0.000296837305204 
560 571 0 20 0.000296759474865 
1 411 0 20 0.000296633438173 
415 427 0 20 0.000296563948307 
431 564 0 20 0.000296473622151 
428 433 0 20 0.00029641141468 
502 522 0 20 0.000296281544492 
129 274 0 20 0.000296248149279 
427 485 0 20 0.000296188594541 
262 470 0 20 0.000296159197678 
209 474 0 20 0.000296095932984 
209 476 0 20 0.000296095932984 
287 476 0 20 0.000295865798143 
243 562 0 20 0.00029578601866 
119 134 0 20 0.000295781087971 
173 562 0 20 0.000295762084544 
5 349 0 20 0.000295660910959 
162 320 0 20 0.000295443769028 
5 348 0 20 0.00029543420784 
511 521 0 20 0.000295360343694 
431 562 0 20 0.000295281662565 
73 121 0 20 0.000295228964984 
71 121 0 20 0.000295227451927 
133 264 0 20 0.000295174805885 
438 560 0 20 0.000295113190787 
48 202 0 20 0.000295003612022 
249 562 0 20 0.00029497375095 
289 471 0 20 0.000294784360974 
281 476 0 20 0.000294609543544 
120 431 0 20 0.000294609409384 
281 463 0 20 0.000294460500784 
281 466 0 20 0.000294403646341 
171 562 0 20 0.000294395111367 
286 476 0 20 0.000294375717215 
286 474 0 20 0.000294375717215 
283 478 0 20 0.000294321293346 
5 409 0 20 0.000294286917252 
2 79 0 20 0.000294214801888 
158 318 0 20 0.000294172544166 
420 431 0 20 0.000294105027856 
292 474 0 20 0.000294024757633 
294 476 0 20 0.000293945823743 
294 474 0 20 0.000293945823743 
191 529 0 20 0.000293918906683 
566 570 0 20 0.000293912073956 
119 428 0 20 0.000293872123642 
93 157 0 20 0.000293825331508 
134 176 0 20 0.000293783486054 
70 75 0 20 0.000293723442161 
69 426 0 20 0.000293720802762 
430 553 0 20 0.000293708159368 
293 476 0 20 0.000293551368252 
293 474 0 20 0.000293551368252 
68 69 0 20 0.000293461989802 
5 408 0 20 0.000293233280634 
171 560 0 20 0.000293216949835 
198 542 0 20 0.000293157454419 
167 177 0 20 0.000293119456752 
126 133 0 20 0.000293062323291 
215 239 0 20 0.000293021444382 
133 266 0 20 0.000292956088455 
75 86 0 20 0.000292949294414 
189 529 0 20 0.000292884059367 
290 471 0 20 0.000292780683806 
244 570 0 20 0.000292754537496 
553 563 0 20 0.000292538958178 
179 208 0 20 0.000292507814055 
431 568 0 20 0.000292382112107 
158 310 0 20 0.000292238535859 
431 563 0 20 0.000292203070632 
48 196 0 20 0.000292187724737 
270 418 0 20 0.000292138786001 
61 148 0 20 0.000292012526739 
132 438 0 20 0.000291978655792 
421 493 0 20 0.000291891279606 
198 538 0 20 0.000291860448446 
93 158 0 20 0.000291857634898 
243 569 0 20 0.000291800537082 
228 237 0 20 0.000291786916486 
432 561 0 20 0.000291599173432 
67 75 0 20 0.000291547907246 
422 435 0 20 0.000291422503012 
428 436 0 20 0.000291399081749 
421 492 0 20 0.000291366329437 
430 432 0 20 0.00029113963004 
224 232 0 20 0.000291119017028 
64 154 0 20 0.000291087629983 
275 423 0 20 0.000291063014986 
8 78 0 20 0.000290992196345 
135 432 0 20 0.000290955141773 
3 410 0 20 0.000290932613122 
176 177 0 20 0.000290919947666 
436 440 0 20 0.000290663992277 
70 80 0 20 0.000290633797273 
64 425 0 20 0.000290616525905 
195 529 0 20 0.000290529765728 
11 409 0 20 0.000290448795382 
195 535 0 20 0.000290441757972 
155 312 0 20 0.000290415919892 
431 434 0 20 0.000290393601188 
217 397 0 20 0.000290349787744 
93 162 0 20 0.000290298547733 
216 222 0 20 0.000290218025888 
5 407 0 20 0.000290160380054 
198 543 0 20 0.000290074066659 
218 239 0 20 0.000289882827032 
65 80 0 20 0.000289825042697 
432 564 0 20 0.000289808268293 
559 560 0 20 0.00028974552296 
397 399 0 20 0.000289723734123 
222 431 0 20 0.000289705921829 
426 432 0 20 0.000289436562085 
64 422 0 20 0.000289356604516 
514 523 0 20 0.000289327829084 
220 228 0 20 0.00028929804325 
91 162 0 20 0.00028929521106 
165 177 0 20 0.000289120987769 
485 561 0 20 0.000288849218867 
513 524 0 20 0.000288780557868 
125 133 0 20 0.000288735109139 
225 232 0 20 0.000288723156558 
430 431 0 20 0.000288646028668 
135 268 0 20 0.000288643226432 
513 517 0 20 0.000288543533262 
59 146 0 20 0.000288476318845 
155 159 0 20 0.000288421168719 
522 523 0 20 0.000288340574694 
545 570 0 20 0.000288305999606 
134 262 0 20 0.000288268851227 
39 72 0 20 0.000288260655016 
423 439 0 20 0.000288230646349 
215 397 0 20 0.00028815427865 
232 239 0 20 0.000288094107755 
330 335 0 20 0.000288023082779 
417 435 0 20 0.000287995145386 
226 235 0 20 0.00028799105441 
162 176 0 20 0.000287850483624 
431 439 0 20 0.000287777587118 
519 523 0 20 0.000287660426568 
482 562 0 20 0.000287609164501 
64 427 0 20 0.000287569006507 
418 425 0 20 0.000287527454247 
168 177 0 20 0.000287266465916 
133 273 0 20 0.000287161528907 
175 177 0 20 0.000287070871255 
429 432 0 20 0.000286940477587 
192 228 0 20 0.000286759124979 
88 89 0 20 0.000286587124919 
204 463 0 20 0.000286577038023 
431 437 0 20 0.000286574599285 
134 545 0 20 0.00028647299945 
133 267 0 20 0.000286434738445 
428 431 0 20 0.00028628223603 
64 76 0 20 0.000286272806825 
423 430 0 20 0.000286208297235 
135 259 0 20 0.000286087330602 
134 546 0 20 0.000286021891782 
134 548 0 20 0.000285976608414 
132 437 0 20 0.000285776853228 
38 72 0 20 0.000285711080804 
558 570 0 20 0.000285541656281 
48 197 0 20 0.000285472703976 
520 522 0 20 0.000285390721005 
425 435 0 20 0.000285379843708 
536 543 0 20 0.000285302111366 
330 334 0 20 0.000285216895282 
537 544 0 20 0.000285079507101 
546 575 0 20 0.00028501732999 
71 79 0 20 0.000284679782623 
70 79 0 20 0.000284654081183 
419 431 0 20 0.000284653987338 
61 425 0 20 0.000284531369597 
428 430 0 20 0.000284422380041 
424 431 0 20 0.000284414400533 
130 133 0 20 0.00028433471987 
222 232 0 20 0.000284241563232 
157 209 0 20 0.000284206642534 
136 541 0 20 0.000284153685638 
134 549 0 20 0.000283960564232 
232 434 0 20 0.000283916186707 
411 432 0 20 0.000283912841611 
139 541 0 20 0.000283683634549 
71 186 0 20 0.00028364730793 
273 431 0 20 0.000283577501613 
423 433 0 20 0.000283564267336 
418 430 0 20 0.000283475937911 
136 430 0 20 0.000283354610601 
516 521 0 20 0.000283313615515 
419 432 0 20 0.000283096630317 
134 552 0 20 0.000283054425475 
155 161 0 20 0.000283031370062 
336 523 0 20 0.000282900336936 
46 54 0 20 0.000282886088525 
134 433 0 20 0.00028261123761 
132 435 0 20 0.000282448533167 
423 434 0 20 0.000282350754395 
118 133 0 20 0.00028210357511 
562 570 0 20 0.000282046489407 
162 559 0 20 0.000282032700578 
162 554 0 20 0.000282002262413 
513 523 0 20 0.00028181976506 
420 432 0 20 0.000281668926898 
127 133 0 20 0.000281597696794 
532 540 0 20 0.000281371129238 
430 440 0 20 0.000281272553559 
560 572 0 20 0.000281206969874 
73 80 0 20 0.000281137035859 
207 471 0 20 0.000280968649614 
568 570 0 20 0.000280877724784 
557 570 0 20 0.000280671975389 
513 520 0 20 0.000280664371 
114 134 0 20 0.000280631006616 
539 541 0 20 0.000280625455997 
115 134 0 20 0.000280470422141 
425 432 0 20 0.000280305860725 
59 428 0 20 0.000280271166668 
431 438 0 20 0.000280205128174 
129 133 0 20 0.000280047177716 
423 429 0 20 0.000279766133928 
205 463 0 20 0.000279688312672 
71 188 0 20 0.00027958400722 
230 432 0 20 0.000279533424867 
188 384 0 20 0.000279388847406 
69 79 0 20 0.000279341193703 
76 186 0 20 0.000279341096247 
93 134 0 20 0.000279301206818 
85 235 0 20 0.000279233982067 
221 226 0 20 0.000279188327174 
134 544 0 20 0.000279167641501 
429 431 0 20 0.000279157649187 
68 80 0 20 0.000279143529935 
534 538 0 20 0.0002788626615 
226 228 0 20 0.000278795461991 
154 157 0 20 0.000278731895024 
335 523 0 20 0.000278591860921 
162 558 0 20 0.000278470260024 
567 570 0 20 0.000278267408698 
116 134 0 20 0.000278232859997 
61 84 0 20 0.00027819620313 
2 80 0 20 0.00027819416559 
206 216 0 20 0.000278158689007 
232 433 0 20 0.000278101863614 
259 260 0 20 0.000278087207897 
48 203 0 20 0.000277880742633 
431 432 0 20 0.000277734967818 
138 541 0 20 0.00027765354549 
537 543 0 20 0.000277626683178 
416 427 0 20 0.000277573666858 
517 523 0 20 0.000277569169298 
330 333 0 20 0.00027756387307 
133 535 0 20 0.000277557346928 
8 79 0 20 0.00027751121901 
136 540 0 20 0.000277449988865 
561 570 0 20 0.000277434383955 
198 387 0 20 0.000277413927681 
532 538 0 20 0.000277333807135 
94 134 0 20 0.000277171082427 
134 538 0 20 0.000277132994645 
75 76 0 20 0.000276983145085 
485 563 0 20 0.000276498715356 
76 80 0 20 0.000276100239063 
225 235 0 20 0.00027585317207 
418 420 0 20 0.000275851301676 
189 384 0 20 0.000275841084666 
1 176 0 20 0.000275585364215 
515 519 0 20 0.000275487838594 
1 178 0 20 0.000275358628196 
418 419 0 20 0.000275191431395 
198 389 0 20 0.000275174049369 
537 547 0 20 0.000275164695004 
424 432 0 20 0.000275102044942 
197 337 0 20 0.0002749963758 
432 434 0 20 0.000274918388772 
176 272 0 20 0.000274820705401 
213 415 0 20 0.00027477211089 
223 228 0 20 0.000274634401608 
434 435 0 20 0.000274548565087 
216 411 0 20 0.00027436494559 
428 434 0 20 0.000274338879606 
158 209 0 20 0.000274325719788 
86 235 0 20 0.000274167801166 
416 419 0 20 0.00027388826399 
154 569 0 20 0.000273576150139 
435 529 0 20 0.00027356745455 
423 432 0 20 0.000273565272065 
532 535 0 20 0.000273446044848 
113 133 0 20 0.000273445813865 
69 78 0 20 0.000273432053965 
88 132 0 20 0.000273286726942 
241 466 0 20 0.000273255169682 
80 101 0 20 0.000273196983756 
5 448 0 20 0.000272974814927 
191 220 0 20 0.000272876690368 
433 435 0 20 0.000272800586027 
162 174 0 20 0.000272766645976 
91 134 0 20 0.00027268951408 
48 200 0 20 0.000272667972765 
434 440 0 20 0.000272578521637 
191 387 0 20 0.000272396483168 
195 389 0 20 0.000272380911937 
251 258 0 20 0.000272375801547 
521 525 0 20 0.000272319466941 
421 485 0 20 0.000272296569135 
158 176 0 20 0.000272238574673 
102 465 0 20 0.000272069082031 
140 283 0 20 0.000272045455124 
140 232 0 20 0.000272030030314 
131 432 0 20 0.000272024640579 
72 183 0 20 0.000271961238482 
198 336 0 20 0.000271867271508 
83 235 0 20 0.000271855142623 
418 428 0 20 0.00027182721631 
142 259 0 20 0.000271789015779 
162 574 0 20 0.000271725760838 
134 230 0 20 0.000271710482319 
90 134 0 20 0.000271701417483 
326 471 0 20 0.000271699831849 
92 133 0 20 0.000271682697917 
50 191 0 20 0.000271582367641 
68 79 0 20 0.000271565167682 
411 431 0 20 0.000271314764049 
79 100 0 20 0.000271148726969 
233 435 0 20 0.000271139362381 
78 102 0 20 0.000271135456419 
143 259 0 20 0.000271135301584 
324 470 0 20 0.000271052250354 
7 448 0 20 0.000271001935336 
220 221 0 20 0.000270957292542 
96 466 0 20 0.000270939746536 
556 568 0 20 0.000270915438482 
48 185 0 20 0.00027082175738 
67 79 0 20 0.000270691850783 
98 134 0 20 0.000270598401168 
139 283 0 20 0.000270575486672 
4 235 0 20 0.000270420153713 
435 439 0 20 0.000270412752348 
432 433 0 20 0.000270282267889 
159 575 0 20 0.00027026369906 
157 210 0 20 0.000270117509988 
135 232 0 20 0.000270101182057 
137 232 0 20 0.000269811696893 
134 287 0 20 0.000269463588282 
138 232 0 20 0.000269432731364 
5 235 0 20 0.00026939500756 
155 162 0 20 0.000269343390867 
134 231 0 20 0.000269166570417 
537 549 0 20 0.000269133590792 
321 476 0 20 0.000269122777983 
234 435 0 20 0.000268968059997 
48 354 0 20 0.000268939792973 
136 230 0 20 0.000268935359751 
417 418 0 20 0.000268871808389 
532 543 0 20 0.000268871070213 
208 209 0 20 0.000268794555013 
435 436 0 20 0.000268662393142 
532 542 0 20 0.000268567365307 
84 235 0 20 0.000268355973504 
509 513 0 20 0.000268205827128 
416 425 0 20 0.00026817814109 
435 437 0 20 0.000268153814405 
545 575 0 20 0.000268147323085 
87 235 0 20 0.000268033962202 
195 223 0 20 0.0002679882434 
418 421 0 20 0.000267949003597 
432 438 0 20 0.000267828642368 
198 261 0 20 0.000267786598878 
200 259 0 20 0.000267478017192 
88 235 0 20 0.000267394719546 
136 231 0 20 0.000267164329146 
429 440 0 20 0.000267063620033 
76 79 0 20 0.000267017212508 
562 572 0 20 0.000266735358901 
437 440 0 20 0.000266715697517 
565 570 0 20 0.00026631873112 
536 545 0 20 0.000266205492485 
438 440 0 20 0.000266131822619 
429 435 0 20 0.000266131497571 
416 422 0 20 0.000265638426758 
315 320 0 20 0.000265577426024 
537 540 0 20 0.000265521990459 
260 266 0 20 0.000265310782442 
181 272 0 20 0.000265162587905 
72 96 0 20 0.000265156052125 
246 258 0 20 0.000265099100123 
564 570 0 20 0.000264944988593 
151 162 0 20 0.000264792762408 
534 539 0 20 0.000264659216858 
198 224 0 20 0.000264338326936 
158 178 0 20 0.000264312555361 
425 431 0 20 0.000264233834265 
415 426 0 20 0.000264231945796 
336 349 0 20 0.000264105060265 
245 466 0 20 0.000263994819331 
134 516 0 20 0.000263965265611 
560 570 0 20 0.000263952024033 
471 555 0 20 0.000263718292064 
432 440 0 20 0.000263671323325 
435 438 0 20 0.000263654305932 
397 400 0 20 0.000263641502058 
72 76 0 20 0.000263536603086 
153 157 0 20 0.000263402153057 
132 133 0 20 0.000263329824727 
173 440 0 20 0.000262598018413 
134 511 0 20 0.000262506051429 
216 434 0 20 0.000262200386606 
71 75 0 20 0.00026209920925 
428 438 0 20 0.000262083924667 
212 440 0 20 0.000262083706378 
73 79 0 20 0.000261926923247 
48 204 0 20 0.000261902898508 
418 422 0 20 0.000261762840935 
418 429 0 20 0.00026161989689 
534 542 0 20 0.000261596241955 
186 230 0 20 0.000261106298876 
432 437 0 20 0.000260953372343 
541 544 0 20 0.000260888371664 
332 337 0 20 0.000260618240034 
542 575 0 20 0.000260608615465 
471 554 0 20 0.000260305008121 
239 271 0 20 0.000260281796446 
433 440 0 20 0.000260168103995 
536 544 0 20 0.000260009597096 
416 420 0 20 0.00026000615794 
326 330 0 20 0.000259844418494 
536 546 0 20 0.00025981775054 
331 338 0 20 0.000259573967949 
235 276 0 20 0.000259567434819 
157 160 0 20 0.000259555028167 
432 442 0 20 0.000259482165742 
121 132 0 20 0.000259120339617 
235 434 0 20 0.000259089130375 
54 436 0 20 0.000258723651348 
112 133 0 20 0.000258685663517 
541 545 0 20 0.000258667130634 
54 437 0 20 0.000258317583621 
155 163 0 20 0.000258228156014 
54 439 0 20 0.000258158657264 
537 546 0 20 0.000258102566679 
272 278 0 20 0.000258014451466 
328 332 0 20 0.000257952393957 
561 569 0 20 0.000257951764093 
322 330 0 20 0.000257949153417 
208 433 0 20 0.000257693235707 
121 125 0 20 0.00025764647181 
421 423 0 20 0.000257385304698 
428 429 0 20 0.000257321123585 
412 423 0 20 0.000257177922171 
416 428 0 20 0.000257131177617 
121 130 0 20 0.000256534017769 
541 543 0 20 0.000256496989319 
544 570 0 20 0.000256409209555 
481 485 0 20 0.000256154179701 
252 536 0 20 0.000256095370461 
252 537 0 20 0.000256095370461 
50 313 0 20 0.000256010285261 
50 315 0 20 0.000256010285261 
8 85 0 20 0.000255982914093 
157 159 0 20 0.000255841710378 
562 568 0 20 0.000255670685501 
162 175 0 20 0.000255581827772 
435 440 0 20 0.000255325928155 
122 132 0 20 0.000254919763373 
198 225 0 20 0.000254873584461 
212 432 0 20 0.000254794641018 
123 132 0 20 0.000254737252453 
208 434 0 20 0.000254573417093 
124 132 0 20 0.000254370422789 
121 131 0 20 0.000254370422789 
541 572 0 20 0.000254192049617 
315 325 0 20 0.000254072205679 
45 48 0 20 0.000254037569407 
48 479 0 20 0.000253962639098 
48 473 0 20 0.00025390799601 
318 330 0 20 0.000253602059537 
416 418 0 20 0.000253593735926 
90 235 0 20 0.000253352202569 
470 472 0 20 0.00025329347247 
562 566 0 20 0.000253203707815 
46 48 0 20 0.000252953105691 
188 228 0 20 0.000252949191189 
191 237 0 20 0.000252763059931 
561 562 0 20 0.000252645362206 
41 48 0 20 0.000252559609298 
323 328 0 20 0.000252378120673 
129 130 0 20 0.00025217121544 
322 328 0 20 0.000251992037996 
128 132 0 20 0.000251694218631 
315 323 0 20 0.000251494206372 
319 329 0 20 0.000251424341416 
126 132 0 20 0.000251406247189 
533 536 0 20 0.00025139830117 
157 176 0 20 0.000250623522552 
529 536 0 20 0.000250370895997 
562 565 0 20 0.000250005710456 
559 569 0 20 0.000249833927544 
159 177 0 20 0.000249368134984 
315 327 0 20 0.000249358311263 
1 50 0 20 0.000249206760627 
435 443 0 20 0.000248879479601 
560 565 0 20 0.000248724847438 
557 569 0 20 0.000248635102687 
249 428 0 20 0.000248628406615 
330 339 0 20 0.000247781212409 
415 420 0 20 0.000247599680057 
558 569 0 20 0.000247187929218 
540 541 0 20 0.000247158410332 
177 472 0 20 0.00024707428798 
473 485 0 20 0.000247067778639 
70 208 0 20 0.000246880964138 
238 431 0 20 0.000246738865688 
397 403 0 20 0.000246694975513 
131 132 0 20 0.000246692041183 
332 338 0 20 0.000246437002013 
562 564 0 20 0.000246415385639 
162 178 0 20 0.000246348356858 
315 326 0 20 0.000246035983619 
190 239 0 20 0.000245975522428 
560 566 0 20 0.000245921015434 
5 48 0 20 0.000245619109978 
162 177 0 20 0.000245567570054 
244 258 0 20 0.000245506659241 
178 474 0 20 0.000245320679033 
339 349 0 20 0.000245143630683 
534 543 0 20 0.000245089399104 
330 331 0 20 0.000244756883374 
320 330 0 20 0.000244694354782 
560 563 0 20 0.000244473846004 
235 436 0 20 0.000244253165719 
72 206 0 20 0.000244176505366 
195 237 0 20 0.000244150186574 
480 485 0 20 0.000243906147254 
329 338 0 20 0.00024373980163 
397 401 0 20 0.00024372228939 
250 258 0 20 0.000243689390131 
6 48 0 20 0.000243264285873 
243 258 0 20 0.00024324546384 
72 207 0 20 0.000242988269785 
221 437 0 20 0.000242516502415 
315 324 0 20 0.00024225619955 
242 431 0 20 0.000241930545617 
564 569 0 20 0.000241250696999 
40 48 0 20 0.000241198333957 
89 235 0 20 0.000241046547218 
330 340 0 20 0.000240806391596 
260 269 0 20 0.000240735744402 
157 178 0 20 0.000240696890665 
4 48 0 20 0.000240693105792 
568 575 0 20 0.000240642594625 
560 561 0 20 0.000240586783967 
315 321 0 20 0.000240521880644 
562 567 0 20 0.000240462283704 
239 425 0 20 0.000240272670824 
330 332 0 20 0.000240152981694 
529 534 0 20 0.00023981681022 
482 485 0 20 0.000239801112576 
562 563 0 20 0.000239625566031 
218 440 0 20 0.000239376834541 
566 575 0 20 0.000239212738981 
237 431 0 20 0.000239162450377 
239 430 0 20 0.000239083829744 
567 575 0 20 0.000238902077368 
479 485 0 20 0.000238833079902 
262 272 0 20 0.000238766485 
42 48 0 20 0.000238407432702 
330 338 0 20 0.000238403352095 
330 343 0 20 0.000237868821333 
242 258 0 20 0.000237763344315 
151 157 0 20 0.000237445979023 
529 532 0 20 0.000237249647765 
61 209 0 20 0.000237147413252 
266 271 0 20 0.000237112218212 
439 440 0 20 0.000236987066776 
565 575 0 20 0.000236967548503 
541 581 0 20 0.000236519199241 
240 431 0 20 0.000236511367714 
397 402 0 20 0.000236413910164 
91 235 0 20 0.000235926535156 
93 235 0 20 0.000235825751919 
239 438 0 20 0.000235800724976 
72 209 0 20 0.000235495630266 
239 429 0 20 0.00023548213949 
242 259 0 20 0.000234969911912 
473 474 0 20 0.000234674044131 
146 176 0 20 0.000234644891875 
183 232 0 20 0.000234635313745 
235 433 0 20 0.000234382722853 
155 166 0 20 0.000234037595815 
162 172 0 20 0.000233992703105 
257 259 0 20 0.000233909093667 
188 240 0 20 0.000233701901364 
188 242 0 20 0.000233526618046 
243 431 0 20 0.000232744350462 
185 235 0 20 0.000232588803671 
63 208 0 20 0.000232374009078 
272 279 0 20 0.000232090121098 
472 474 0 20 0.000231962292058 
563 570 0 20 0.000231786246441 
261 269 0 20 0.000231733575712 
530 538 0 20 0.000231551003884 
154 162 0 20 0.000231439111045 
242 428 0 20 0.000231143293041 
474 484 0 20 0.000230517486329 
157 161 0 20 0.000230510878778 
36 43 0 20 0.000230234007524 
565 569 0 20 0.000229699667545 
155 164 0 20 0.000229632737178 
92 235 0 20 0.000229341512885 
231 485 0 20 0.000229269497465 
195 238 0 20 0.000229230032109 
466 469 0 20 0.000228987535178 
408 420 0 20 0.000227169000611 
162 173 0 20 0.000226995833364 
187 239 0 20 0.000226660677164 
536 581 0 20 0.000226241367499 
530 542 0 20 0.000226145184721 
243 428 0 20 0.000226141963571 
239 427 0 20 0.000226137716634 
240 428 0 20 0.000225768573659 
188 241 0 20 0.000225713718156 
537 538 0 20 0.0002255487238 
256 259 0 20 0.000225525425405 
188 238 0 20 0.000225451085745 
194 239 0 20 0.000225183227212 
475 476 0 20 0.000224802965124 
192 239 0 20 0.000224544665776 
473 476 0 20 0.000224056310276 
461 476 0 20 0.00022365802733 
458 470 0 20 0.000223644577504 
118 121 0 20 0.000223580730279 
191 245 0 20 0.000223574352776 
471 475 0 20 0.000222292867376 
72 95 0 20 0.000222250314129 
461 463 0 20 0.000221994393766 
315 322 0 20 0.000221820514108 
47 197 0 20 0.000221780603217 
397 404 0 20 0.000221380621213 
470 473 0 20 0.000220639203799 
208 280 0 20 0.000220585072406 
252 259 0 20 0.000220480185869 
474 475 0 20 0.000219752799874 
398 403 0 20 0.000219723959587 
531 534 0 20 0.000219513825232 
198 238 0 20 0.000219368235044 
466 471 0 20 0.000218803711037 
208 436 0 20 0.000218790769831 
48 192 0 20 0.000218206871582 
217 440 0 20 0.000217949088449 
209 216 0 20 0.000217472171276 
391 397 0 20 0.000217465654252 
397 405 0 20 0.000217390172196 
169 177 0 20 0.000217351502598 
530 535 0 20 0.00021713922682 
476 480 0 20 0.000217052900175 
474 480 0 20 0.000217052900175 
155 176 0 20 0.000216873399563 
568 569 0 20 0.000216141293224 
189 242 0 20 0.000216069927391 
209 432 0 20 0.000215700074264 
407 420 0 20 0.000215600642319 
439 448 0 20 0.000215404387793 
188 243 0 20 0.000215222628666 
569 575 0 20 0.000215194157264 
188 244 0 20 0.000214891248072 
115 121 0 20 0.000214244876184 
569 576 0 20 0.000213886310164 
535 536 0 20 0.000213771877539 
476 479 0 20 0.000213769896136 
462 469 0 20 0.000213357933723 
471 479 0 20 0.000213303069006 
471 473 0 20 0.000212967747394 
476 482 0 20 0.000212883062815 
474 477 0 20 0.000212593633969 
531 536 0 20 0.000212570629669 
208 430 0 20 0.000212003329249 
208 220 0 20 0.000211808509187 
208 219 0 20 0.000211703235581 
471 472 0 20 0.000211558729252 
537 539 0 20 0.000211531026403 
466 472 0 20 0.000211118592116 
198 240 0 20 0.000210309521316 
188 245 0 20 0.000210131572788 
470 482 0 20 0.000209975353144 
248 258 0 20 0.000209860415834 
462 480 0 20 0.000209443189739 
189 243 0 20 0.000209321950954 
251 259 0 20 0.00020922534839 
197 239 0 20 0.000208856312129 
200 239 0 20 0.000208369689897 
325 337 0 20 0.000208080546204 
536 575 0 20 0.000207615923305 
272 289 0 20 0.000207588022547 
272 287 0 20 0.000207475807885 
474 478 0 20 0.000207264537093 
466 473 0 20 0.000206922306331 
476 478 0 20 0.000206813011667 
209 440 0 20 0.000206541032802 
209 431 0 20 0.000205305686567 
408 417 0 20 0.000205158245674 
271 272 0 20 0.000205118708269 
259 274 0 20 0.00020506482973 
472 476 0 20 0.000204709406481 
330 342 0 20 0.000203153435371 
158 161 0 20 0.000203112283844 
259 271 0 20 0.000202865107279 
465 474 0 20 0.000202714719244 
276 282 0 20 0.000202551213462 
250 259 0 20 0.00020251459399 
534 536 0 20 0.000202221763525 
272 284 0 20 0.000201663959047 
465 476 0 20 0.00020136698013 
160 170 0 20 0.000201147282805 
467 476 0 20 0.000201112466141 
463 465 0 20 0.00020082509916 
155 156 0 20 0.000200634668754 
466 477 0 20 0.000199930452515 
271 282 0 20 0.000199796788936 
467 474 0 20 0.000199758027978 
8 88 0 20 0.000199080782594 
219 440 0 20 0.000198894792386 
281 283 0 20 0.00019866762795 
524 536 0 20 0.000197965564521 
158 169 0 20 0.000197914783925 
278 283 0 20 0.000197891962118 
157 169 0 20 0.000197797899856 
161 170 0 20 0.00019774025706 
461 471 0 20 0.000197450765822 
154 155 0 20 0.000197431871608 
162 169 0 20 0.000196942894494 
460 470 0 20 0.000196912236055 
454 470 0 20 0.000196891382003 
463 464 0 20 0.000196729214068 
569 581 0 20 0.000196326296194 
270 271 0 20 0.000196287967754 
271 283 0 20 0.000196163896877 
531 537 0 20 0.000196087035253 
269 276 0 20 0.000195963559483 
272 291 0 20 0.000195710542089 
266 276 0 20 0.000195614671502 
266 278 0 20 0.000195587046565 
166 170 0 20 0.000195514847009 
534 535 0 20 0.000195512637993 
198 230 0 20 0.000195408668203 
466 475 0 20 0.000195295478612 
34 43 0 20 0.000195044003011 
467 471 0 20 0.000195037583939 
461 470 0 20 0.000194876072046 
465 470 0 20 0.000194479703342 
272 276 0 20 0.000194243077722 
35 43 0 20 0.000194124171627 
470 471 0 20 0.000193743149222 
269 273 0 20 0.000193675230822 
463 473 0 20 0.000193427754109 
273 282 0 20 0.000193310939246 
270 276 0 20 0.00019306801784 
129 209 0 20 0.00019271578038 
466 478 0 20 0.000192552957157 
215 474 0 20 0.000192499337949 
485 488 0 20 0.000192206896735 
464 476 0 20 0.000191727437944 
54 178 0 20 0.000191206947948 
469 470 0 20 0.000190901511845 
344 351 0 20 0.00019042860519 
259 275 0 20 0.000189786257736 
158 160 0 20 0.000189478400219 
279 283 0 20 0.000189358551299 
466 467 0 20 0.000189133502236 
570 581 0 20 0.000189088128845 
159 162 0 20 0.000188049769925 
463 467 0 20 0.000186917330207 
462 472 0 20 0.000186636570356 
459 470 0 20 0.00018601112032 
38 48 0 20 0.000185955796143 
277 279 0 20 0.000185793906867 
275 277 0 20 0.00018554047046 
523 535 0 20 0.000185133181732 
531 532 0 20 0.000184835589967 
344 348 0 20 0.000184624832169 
168 170 0 20 0.000184366356679 
467 470 0 20 0.000184223466049 
319 320 0 20 0.000183983339251 
526 536 0 20 0.000183175398306 
272 293 0 20 0.000183100818446 
247 258 0 20 0.000182788983196 
269 280 0 20 0.00018272487859 
248 259 0 20 0.000182440293426 
463 472 0 20 0.000182410624647 
316 319 0 20 0.0001819648944 
162 164 0 20 0.000181682185602 
430 493 0 20 0.000181419870315 
249 259 0 20 0.000181159793012 
464 466 0 20 0.000181070329688 
463 475 0 20 0.000180697310869 
529 537 0 20 0.000180002182221 
280 283 0 20 0.00017929580556 
276 283 0 20 0.000179162479097 
310 319 0 20 0.000178437651946 
313 322 0 20 0.000178325161668 
525 536 0 20 0.000178244700414 
155 213 0 20 0.000177821037812 
456 466 0 20 0.00017751395236 
533 534 0 20 0.000176976109345 
157 213 0 20 0.000176611391724 
39 48 0 20 0.000174617548483 
523 533 0 20 0.000174576017361 
214 221 0 20 0.000173473447411 
157 212 0 20 0.000172355739394 
415 463 0 20 0.000171923412393 
479 493 0 20 0.000171276372105 
247 259 0 20 0.000168598581784 
155 209 0 20 0.000168354369989 
220 440 0 20 0.000168086575696 
187 269 0 20 0.000166102652203 
281 282 0 20 0.000166074310822 
155 212 0 20 0.000165693687244 
495 502 0 20 0.000164107087535 
534 581 0 20 0.000158969166726 
157 211 0 20 0.000155575605865 
155 210 0 20 0.000154478002273 
155 211 0 20 0.000152705925806 
315 316 0 20 0.000150858494082 
439 450 0 20 0.0001505251564 
109 121 0 20 0.00014901603481 
314 315 0 20 0.000148613362653 
315 317 0 20 0.0001477708922 
187 268 0 20 0.00014729226894 
112 121 0 20 0.000146111260723 
31 43 0 20 0.00014415043067 
450 461 0 20 0.000140719937067 
171 266 0 20 0.000138122024634 
485 493 0 20 0.000138046970279 
352 358 0 20 0.00013704506492 
483 493 0 20 0.000136946662337 
352 361 0 20 0.000135397978312 
219 474 0 20 0.000134984552901 
480 492 0 20 0.00013479778664 
489 493 0 20 0.000134108692745 
489 492 0 20 0.000134108692745 
495 504 0 20 0.000133082452895 
348 351 0 20 0.000131905704393 
532 581 0 20 0.000130336875061 
32 43 0 20 0.000129395906801 
440 452 0 20 0.00012657157682 
352 362 0 20 0.000125004665039 
351 356 0 20 0.000124050989986 
349 361 0 20 0.000123956736457 
347 356 0 20 0.000121235046504 
352 356 0 20 0.000119453857177 
351 359 0 20 0.000118948757315 
351 361 0 20 0.000114009035427 
352 359 0 20 0.000113600866856 
48 434 0 20 0.000113204265087 
352 364 0 20 0.00011250904086 
213 283 0 20 0.000110712622098 
473 493 0 20 0.000109410442865 
48 436 0 20 0.000107946171822 
532 577 0 20 0.000106136533945 
532 580 0 20 0.00010431210612 
493 499 0 20 9.85163900914e-05 
448 449 0 20 9.48003104538e-05 
33 43 0 20 9.37560228689e-05 
447 448 0 20 9.28003176527e-05 
448 451 0 20 9.24660869951e-05 
493 495 0 20 9.16248953235e-05 
472 493 0 20 8.28313448286e-05 
15 26 0 20 8.27040597991e-05 
384 397 0 20 7.41842751024e-05 
498 504 0 20 7.02608123697e-05 
129 213 0 20 6.73458282822e-05 
1 337 0 20 6.50562794523e-05 
1 247 0 20 6.32381198444e-05 
349 529 0 20 6.14190495158e-05 
146 388 0 20 5.96859051813e-05 
7 228 0 20 5.92583513986e-05 
136 581 0 20 5.78092358018e-05 
188 276 0 20 5.69038439616e-05 
38 189 0 20 5.68237109839e-05 
70 349 0 20 5.66350672915e-05 
262 440 0 20 5.58332418133e-05 
88 397 0 20 5.51411783907e-05 
140 348 0 20 5.4716700572e-05 
41 416 0 20 5.42091578902e-05 
158 418 0 20 5.38057674561e-05 
88 330 0 20 5.23493591987e-05 
154 259 0 20 5.21093954694e-05 
103 553 0 20 5.17703043754e-05 
188 542 0 20 5.14539174077e-05 
154 562 0 20 5.13320344416e-05 
209 272 0 20 5.12772155299e-05 
121 197 0 20 5.03348623572e-05 
369 423 0 20 4.96857111131e-05 
8 176 0 20 4.89716912094e-05 
72 387 0 20 4.89713383428e-05 
314 471 0 20 4.86463248006e-05 
70 228 0 20 4.83039124999e-05 
8 540 0 20 4.81951990934e-05 
219 268 0 20 4.80001366226e-05 
88 569 0 20 4.8000028642e-05 
208 564 0 20 4.75338643406e-05 
186 371 0 20 4.72375223853e-05 
15 385 0 20 4.71811703097e-05 
103 560 0 20 4.69088268342e-05 
100 146 0 20 4.63609242781e-05 
399 560 0 20 4.60321713946e-05 
176 239 0 20 4.5969862496e-05 
259 427 0 20 4.57145848244e-05 
101 569 0 20 4.5530869705e-05 
165 431 0 20 4.52318521902e-05 
2 374 0 20 4.49832560772e-05 
88 315 0 20 4.47256702205e-05 
1 554 0 20 4.45333559708e-05 
121 318 0 20 4.44815316586e-05 
374 411 0 20 4.43621951071e-05 
235 411 0 20 4.41402606737e-05 
17 189 0 20 4.39271684872e-05 
48 427 0 20 4.38832144371e-05 
79 273 0 20 4.3871510543e-05 
171 348 0 20 4.38690910275e-05 
15 146 0 20 4.38411500917e-05 
377 432 0 20 4.37278304926e-05 
252 570 0 20 4.37225451178e-05 
283 386 0 20 4.36981367147e-05 
61 472 0 20 4.35498483877e-05 
270 318 0 20 4.35309109011e-05 
103 208 0 20 4.34951257139e-05 
111 157 0 20 4.34793790749e-05 
259 411 0 20 4.33822895228e-05 
133 567 0 20 4.31377755578e-05 
162 226 0 20 4.31058334352e-05 
219 448 0 20 4.26960562206e-05 
75 176 0 20 4.19080497826e-05 
8 251 0 20 4.169124308e-05 
410 516 0 20 4.16380212815e-05 
6 562 0 20 4.15335506939e-05 
239 552 0 20 4.13999405257e-05 
144 421 0 20 4.11753250988e-05 
72 396 0 20 4.09913555172e-05 
5 485 0 20 4.08378525497e-05 
260 352 0 20 4.05630907065e-05 
135 463 0 20 4.03629633382e-05 
120 553 0 20 4.02273505883e-05 
256 560 0 20 4.00504317993e-05 
332 410 0 20 3.99616968342e-05 
88 511 0 20 3.98808083835e-05 
207 448 0 20 3.98565803355e-05 
2 330 0 20 3.96855842707e-05 
228 449 0 20 3.95982787162e-05 
101 232 0 20 3.95855030483e-05 
273 330 0 20 3.94948386943e-05 
276 448 0 20 3.93960239386e-05 
495 515 0 20 3.89862830718e-05 
186 522 0 20 3.87691195312e-05 
1 542 0 20 3.85058483063e-05 
4 269 0 20 3.84953977927e-05 
162 234 0 20 3.84926797532e-05 
216 356 0 20 3.84251765487e-05 
195 373 0 20 3.83988598586e-05 
493 562 0 20 3.83389993136e-05 
31 195 0 20 3.80550430633e-05 
197 562 0 20 3.78614895176e-05 
17 562 0 20 3.78344812148e-05 
121 469 0 20 3.75801260547e-05 
216 310 0 20 3.75752668937e-05 
448 479 0 20 3.75636383207e-05 
88 504 0 20 3.75542864019e-05 
191 261 0 20 3.75024063179e-05 
162 399 0 20 3.74636541803e-05 
1 460 0 20 3.74067510964e-05 
136 213 0 20 3.73030179093e-05 
109 440 0 20 3.7276901599e-05 
266 411 0 20 3.72705601704e-05 
120 188 0 20 3.72656077671e-05 
318 537 0 20 3.71356299721e-05 
283 568 0 20 3.70914627804e-05 
14 208 0 20 3.69745080679e-05 
450 522 0 20 3.69346239973e-05 
86 553 0 20 3.69150332139e-05 
293 562 0 20 3.68861266723e-05 
61 222 0 20 3.68601652423e-05 
228 422 0 20 3.68369634307e-05 
228 297 0 20 3.67415183323e-05 
198 250 0 20 3.67178246524e-05 
188 396 0 20 3.66657946214e-05 
525 562 0 20 3.66538653626e-05 
88 541 0 20 3.66058602712e-05 
13 553 0 20 3.65767155687e-05 
227 283 0 20 3.64288231936e-05 
186 326 0 20 3.63664691278e-05 
162 411 0 20 3.63525630678e-05 
146 396 0 20 3.63186100983e-05 
80 369 0 20 3.62354359075e-05 
364 374 0 20 1.10040466279e-05 
364 366 0 20 9.83135641165e-06 
408 410 0 20 9.1914332301e-06 
102 109 0 20 8.73605406405e-06 
