123 125 0 20 0.00598926036292 
335 348 0 20 0.00596076657615 
334 344 0 20 0.00589516387107 
334 345 0 20 0.00584176591454 
332 335 0 20 0.00572370763033 
334 348 0 20 0.0057228513532 
261 263 0 20 0.00561790473578 
336 348 0 20 0.00555475448624 
260 263 0 20 0.00553388011879 
335 350 0 20 0.00548516423752 
330 335 0 20 0.00546633973059 
122 125 0 20 0.00546350558691 
123 126 0 20 0.00544221634732 
123 127 0 20 0.00541965214896 
330 334 0 20 0.00540242637486 
326 330 0 20 0.00530972930511 
224 229 0 20 0.0052990056051 
228 230 0 20 0.00526933892026 
334 377 0 20 0.00526377746709 
332 334 0 20 0.00519341164648 
335 377 0 20 0.00513110359067 
335 376 0 20 0.00512369141302 
334 384 0 20 0.00506500647374 
121 125 0 20 0.00505270140768 
227 235 0 20 0.00500676925276 
332 336 0 20 0.00500053066351 
335 384 0 20 0.00494220655341 
334 376 0 20 0.00490832245065 
224 230 0 20 0.00488376145126 
334 382 0 20 0.00487319309257 
335 382 0 20 0.00486771677586 
335 371 0 20 0.00486581805036 
80 91 0 20 0.00486562021724 
325 335 0 20 0.00484808310262 
79 83 0 20 0.00484166907398 
81 91 0 20 0.00481276773203 
336 376 0 20 0.00468202645255 
224 232 0 20 0.00458871981199 
217 229 0 20 0.00455998569006 
319 323 0 20 0.00453025105968 
228 233 0 20 0.00452569088845 
314 316 0 20 0.00452389663439 
336 377 0 20 0.0045113829181 
334 371 0 20 0.00450600719779 
81 84 0 20 0.00446677704206 
222 228 0 20 0.00444506438407 
100 102 0 20 0.0043857654568 
86 88 0 20 0.00431662439836 
88 109 0 20 0.00429482033985 
220 229 0 20 0.00429413809058 
88 108 0 20 0.00429277404068 
53 55 0 20 0.00428867695999 
79 89 0 20 0.00427469053119 
333 376 0 20 0.00426309064708 
85 109 0 20 0.00425733347759 
325 381 0 20 0.0042467305416 
332 377 0 20 0.00424142250767 
79 90 0 20 0.00422302005149 
339 376 0 20 0.00421698070872 
336 384 0 20 0.00421043775179 
325 380 0 20 0.00419685236331 
87 109 0 20 0.00418435653658 
330 384 0 20 0.0041782674289 
337 376 0 20 0.00417427830299 
341 377 0 20 0.00414304790228 
79 92 0 20 0.00414232625938 
81 85 0 20 0.0041359139877 
78 125 0 20 0.00411611567374 
382 385 0 20 0.00410533871355 
376 378 0 20 0.00410301174351 
340 377 0 20 0.00409957172898 
81 87 0 20 0.00408301229761 
379 382 0 20 0.0040714000574 
342 377 0 20 0.00406875182777 
329 384 0 20 0.00404772800813 
342 384 0 20 0.00404724411712 
308 312 0 20 0.0040331223402 
78 88 0 20 0.00402947948091 
78 91 0 20 0.00402947948091 
376 382 0 20 0.00402941972391 
337 377 0 20 0.00400591441103 
74 92 0 20 0.00396875694862 
329 382 0 20 0.00396774866614 
404 407 0 20 0.00396190691248 
307 312 0 20 0.00395402814001 
376 380 0 20 0.0039314225533 
80 125 0 20 0.00390685162747 
87 108 0 20 0.00389432767585 
91 109 0 20 0.00387580054849 
137 141 0 20 0.00387100392412 
79 125 0 20 0.00386851428827 
376 381 0 20 0.0038684541768 
382 386 0 20 0.00385417413383 
137 143 0 20 0.00384502346403 
382 387 0 20 0.0038399336604 
376 384 0 20 0.00381491696618 
86 106 0 20 0.00378486964272 
87 106 0 20 0.00378001518032 
85 107 0 20 0.00377917958088 
84 109 0 20 0.00377834365323 
308 310 0 20 0.00377462436144 
142 144 0 20 0.0037631036303 
182 206 0 20 0.00376307029795 
307 310 0 20 0.00376186502715 
172 346 0 20 0.00375334486396 
183 206 0 20 0.00373721895159 
85 105 0 20 0.00373450282901 
148 150 0 20 0.00373303966224 
142 146 0 20 0.00373113303814 
88 107 0 20 0.00372904514448 
96 102 0 20 0.00372865978548 
171 348 0 20 0.00372579261376 
84 106 0 20 0.00372471625707 
87 104 0 20 0.00371927362743 
314 318 0 20 0.00370530559428 
309 316 0 20 0.00369475791463 
312 316 0 20 0.00369475791463 
87 107 0 20 0.00369066969396 
90 106 0 20 0.00368681912765 
382 388 0 20 0.00368660528931 
91 102 0 20 0.00367647355493 
182 187 0 20 0.00364706520545 
182 192 0 20 0.00364706520545 
79 126 0 20 0.00364286498415 
314 323 0 20 0.00364136588598 
397 400 0 20 0.00363352306307 
79 127 0 20 0.00363211088983 
53 58 0 20 0.00362698275193 
96 99 0 20 0.00362397674905 
396 400 0 20 0.00362363120075 
84 107 0 20 0.00361612260188 
91 108 0 20 0.00360337319164 
169 348 0 20 0.0036023662515 
125 135 0 20 0.00359770599232 
307 314 0 20 0.00359482556569 
402 407 0 20 0.0035909818246 
168 319 0 20 0.00358872230479 
137 144 0 20 0.00355391929162 
174 319 0 20 0.00355132674569 
182 190 0 20 0.00354455698195 
88 105 0 20 0.00354090182306 
314 317 0 20 0.00351985112296 
83 114 0 20 0.00346556461315 
311 314 0 20 0.00346032312927 
137 146 0 20 0.00345903189242 
375 402 0 20 0.00345794082995 
310 313 0 20 0.00345736538807 
173 348 0 20 0.00345510329969 
404 414 0 20 0.00344790967355 
314 322 0 20 0.00343769320579 
397 402 0 20 0.00343444826526 
182 201 0 20 0.00341736852544 
183 329 0 20 0.00341145908516 
168 310 0 20 0.00340812892071 
406 409 0 20 0.00340360332227 
406 410 0 20 0.00340202960551 
53 60 0 20 0.00339863861814 
180 324 0 20 0.00337485956131 
132 151 0 20 0.00334016808756 
53 62 0 20 0.00333900444108 
182 319 0 20 0.00333113739372 
402 409 0 20 0.00332865919429 
348 409 0 20 0.00332336646604 
182 210 0 20 0.0033112595885 
348 407 0 20 0.00330213971109 
171 310 0 20 0.00329617467699 
170 315 0 20 0.00328153273091 
395 400 0 20 0.00327931759036 
348 410 0 20 0.00327850164845 
402 410 0 20 0.00327494237553 
51 62 0 20 0.00325946906696 
348 411 0 20 0.00325263488361 
173 315 0 20 0.00322457685467 
125 134 0 20 0.00321957378825 
173 319 0 20 0.00321426226403 
404 410 0 20 0.00321405945132 
169 310 0 20 0.00320456053944 
168 314 0 20 0.00320406988854 
350 407 0 20 0.00320371926952 
171 315 0 20 0.00319107843708 
410 416 0 20 0.00318965573048 
170 312 0 20 0.003160246594 
397 399 0 20 0.00314759974907 
175 315 0 20 0.00313769991664 
350 408 0 20 0.0031132482914 
252 255 0 20 0.0030966491366 
397 405 0 20 0.0030925132745 
374 402 0 20 0.00308367151546 
235 249 0 20 0.00308125165197 
348 413 0 20 0.00304314090158 
124 135 0 20 0.00303851700493 
123 135 0 20 0.00303851700493 
348 412 0 20 0.00301833464044 
348 408 0 20 0.00299584074591 
124 134 0 20 0.00298021549103 
400 408 0 20 0.00297703903334 
378 402 0 20 0.00297320339313 
402 405 0 20 0.00297025317146 
397 415 0 20 0.00296978322406 
344 408 0 20 0.00296539314981 
376 403 0 20 0.00293788506352 
384 397 0 20 0.00292013565388 
350 355 0 20 0.00290573240573 
348 355 0 20 0.00290485006821 
348 414 0 20 0.0029029594904 
371 407 0 20 0.00290251717979 
344 407 0 20 0.00289528334639 
172 310 0 20 0.00288876973476 
346 416 0 20 0.00288798896752 
252 260 0 20 0.00287803903878 
168 312 0 20 0.00287489037722 
348 415 0 20 0.00286515869931 
167 319 0 20 0.0028563647818 
345 408 0 20 0.00284801603916 
344 416 0 20 0.00284743370282 
235 250 0 20 0.00281398268107 
235 247 0 20 0.00276912834405 
170 310 0 20 0.00275955105361 
174 310 0 20 0.00275921474755 
169 312 0 20 0.00275881191854 
271 273 0 20 0.00273307231358 
304 323 0 20 0.00273250624801 
369 376 0 20 0.0027213707099 
304 324 0 20 0.00270816235293 
173 310 0 20 0.00269069013905 
235 253 0 20 0.00268819746564 
270 273 0 20 0.00268644274451 
369 371 0 20 0.0026784699431 
271 274 0 20 0.00266224523091 
368 376 0 20 0.00264470796651 
228 251 0 20 0.00262925931915 
368 371 0 20 0.00261353564676 
271 275 0 20 0.00259699949955 
235 245 0 20 0.00256832114088 
235 252 0 20 0.00256161323864 
234 314 0 20 0.00255668967322 
367 371 0 20 0.00254430862054 
227 260 0 20 0.00254201293661 
235 255 0 20 0.00254063096349 
228 252 0 20 0.00251857729175 
369 377 0 20 0.00250457905899 
235 251 0 20 0.00250045386102 
235 246 0 20 0.00248885905046 
233 255 0 20 0.0024816248918 
235 258 0 20 0.00247240283254 
234 312 0 20 0.00242690274724 
233 309 0 20 0.00239672722736 
233 312 0 20 0.0023376760464 
234 309 0 20 0.00232063567936 
234 310 0 20 0.00231977187758 
233 310 0 20 0.00231188116393 
237 316 0 20 0.0023072785577 
233 314 0 20 0.00225463414768 
182 315 0 20 0.00221466165134 
234 304 0 20 0.00220420593384 
158 315 0 20 0.00205527970535 
160 315 0 20 0.00203955860577 
229 344 0 20 0.00200333514627 
158 319 0 20 0.00197949178533 
182 314 0 20 0.00196078327386 
160 317 0 20 0.00190969696633 
227 344 0 20 0.00187728808106 
182 332 0 20 0.00186332644148 
79 229 0 20 0.00164768547529 
79 231 0 20 0.00164271499425 
160 205 0 20 0.00156591587265 
335 392 0 20 0.00156016501193 
165 205 0 20 0.00155752275689 
85 399 0 20 0.0015357628734 
87 399 0 20 0.0015147426223 
334 397 0 20 0.0015093285624 
335 397 0 20 0.00150716288906 
182 310 0 20 0.00138911749652 
90 123 0 20 0.00129743643995 
271 312 0 20 0.00128855405588 
92 123 0 20 0.00128221311363 
271 311 0 20 0.00126334609426 
92 125 0 20 0.001213407828 
79 352 0 20 0.00118127947946 
74 358 0 20 0.00114984580486 
84 357 0 20 0.00110376627376 
89 358 0 20 0.00109846447086 
182 312 0 20 0.00108424357704 
148 392 0 20 0.00106636232525 
148 386 0 20 0.00105910371792 
146 386 0 20 0.00105365796452 
144 386 0 20 0.00105044415122 
198 201 0 20 0.000828869929301 
294 298 0 20 0.000672439412901 
358 361 0 20 0.000541473452133 
210 327 0 20 0.000446055488248 
123 355 0 20 0.000372903752315 
180 346 0 20 0.000352881464665 
252 314 0 20 0.000344500432081 
345 347 0 20 0.000322496058385 
75 101 0 20 0.000300577835744 
55 383 0 20 0.000280152823343 
270 405 0 20 0.000275535496111 
55 100 0 20 0.000272628948187 
312 381 0 20 0.000255880600497 
358 375 0 20 0.000236602778804 
68 99 0 20 0.000231545104823 
58 268 0 20 0.000228100606467 
314 391 0 20 0.000225116293491 
242 345 0 20 0.000216860607493 
183 371 0 20 0.00020446110533 
271 372 0 20 0.000172935331916 
44 84 0 20 0.000171029378147 
146 171 0 20 0.000167821712667 
281 314 0 20 0.000165746646623 
149 376 0 20 0.000164183142594 
125 150 0 20 0.000163172717678 
102 400 0 20 0.000161543410507 
36 332 0 20 0.000160499489081 
262 306 0 20 0.000159594514702 
235 336 0 20 0.000159145521714 
113 330 0 20 0.000158554692685 
40 271 0 20 0.000157633642989 
93 392 0 20 0.000153927171466 
125 230 0 20 0.000153916001797 
103 332 0 20 0.000144211224442 
37 51 0 20 0.000142474428571 
271 289 0 20 0.000142354611964 
125 250 0 20 0.000141013757893 
168 187 0 20 0.000140007771827 
224 385 0 20 0.000138081421086 
217 374 0 20 0.00013630242458 
114 383 0 20 0.000135553495955 
99 125 0 20 0.000134828692573 
100 375 0 20 0.000128268602179 
86 304 0 20 0.000127894484136 
82 181 0 20 0.00012763162265 
89 312 0 20 0.000127265870586 
198 210 0 20 0.000126756738389 
89 146 0 20 0.000123876440488 
90 217 0 20 0.000120603375633 
