13 158 0 20 0.00162483683792
13 157 0 20 0.00162315441591
14 158 0 20 0.00159765720718
15 158 0 20 0.00158948218209
9 158 0 20 0.0015791799678
7 158 0 20 0.00156688798492
12 158 0 20 0.0015630885853
13 155 0 20 0.00155877963136
9 157 0 20 0.00155638277592
10 158 0 20 0.00155623488298
10 157 0 20 0.00154997567628
12 155 0 20 0.00154642995088
15 155 0 20 0.00154485751521
14 155 0 20 0.00154125642107
14 157 0 20 0.00154100623266
11 158 0 20 0.00154083061552
15 157 0 20 0.00152570155654
9 155 0 20 0.00152137770509
11 157 0 20 0.00151027126924
131 158 0 20 0.00150090399331
12 157 0 20 0.00150025722621
11 155 0 20 0.00149613587484
10 155 0 20 0.0014839825738
130 157 0 20 0.00148372946661
131 157 0 20 0.00148111235199
8 158 0 20 0.0014787809604
95 201 0 20 0.00147535027775
203 347 0 20 0.00147476764284
205 347 0 20 0.0014728598994
207 347 0 20 0.00147192061438
127 157 0 20 0.0014700723292
127 158 0 20 0.00146832679502
7 157 0 20 0.00146570619077
7 155 0 20 0.00146366536669
8 157 0 20 0.00146363906118
206 347 0 20 0.00146184448167
130 158 0 20 0.00145581469564
8 154 0 20 0.0014533853525
129 158 0 20 0.00145084651537
128 157 0 20 0.0014429317774
202 347 0 20 0.00143312938727
204 347 0 20 0.00141989820068
41 69 0 20 0.00141574952097
334 374 0 20 0.00141164239228
1 154 0 20 0.00141157901804
95 195 0 20 0.00141094077448
132 157 0 20 0.00140980808258
338 369 0 20 0.00140708740354
208 346 0 20 0.00140570970784
121 158 0 20 0.00139772427886
96 195 0 20 0.00139751794479
123 158 0 20 0.00139617706628
128 158 0 20 0.00139425654095
337 369 0 20 0.00139058669851
125 155 0 20 0.00138863672511
229 259 0 20 0.00138560362094
98 201 0 20 0.00138353467425
44 69 0 20 0.00138297413093
96 201 0 20 0.00138242870609
339 374 0 20 0.00138081145988
337 374 0 20 0.0013799532222
40 69 0 20 0.00137925800559
338 373 0 20 0.00136870556929
126 158 0 20 0.00136345186917
333 374 0 20 0.00136254179482
129 156 0 20 0.00135826221575
124 157 0 20 0.00135730790786
124 155 0 20 0.00135628481134
133 157 0 20 0.00135430251268
337 373 0 20 0.00135290584555
122 158 0 20 0.00134602953022
122 157 0 20 0.00134346654515
38 69 0 20 0.00134168687996
149 195 0 20 0.00133996644905
119 157 0 20 0.0013353116514
125 158 0 20 0.00133434204893
208 345 0 20 0.00133423747798
42 69 0 20 0.00133306199237
229 260 0 20 0.00133136811186
134 158 0 20 0.00133102859833
202 348 0 20 0.00132830991283
104 195 0 20 0.00132796070392
119 158 0 20 0.00132731626831
203 349 0 20 0.00132183932105
39 69 0 20 0.00132067295986
336 440 0 20 0.00131851381086
124 158 0 20 0.00131809070771
205 348 0 20 0.00131692969668
148 195 0 20 0.00131613008997
121 157 0 20 0.00131462056455
121 155 0 20 0.0013107841876
135 158 0 20 0.00131034357281
337 440 0 20 0.00130897971389
132 158 0 20 0.00130805650838
123 155 0 20 0.00130604805776
34 134 0 20 0.00130585484899
127 155 0 20 0.00130327256958
121 153 0 20 0.00130045682733
338 374 0 20 0.00129991797409
126 155 0 20 0.00129852256889
36 134 0 20 0.00129791169085
134 157 0 20 0.00129266639947
123 157 0 20 0.00128973692887
119 155 0 20 0.00128923659015
41 72 0 20 0.00128881708564
122 155 0 20 0.00128621575511
31 134 0 20 0.00128586696318
1 7 0 20 0.00128556955958
35 133 0 20 0.00128544984307
129 157 0 20 0.00128403466986
5 8 0 20 0.0012833625453
230 259 0 20 0.00128332901011
121 156 0 20 0.00128121162603
125 157 0 20 0.00128118639038
128 155 0 20 0.0012805151721
129 159 0 20 0.00127989778812
121 154 0 20 0.00127568821686
31 133 0 20 0.00127321403837
134 159 0 20 0.00127205548233
132 159 0 20 0.00126887661944
45 69 0 20 0.00126878501844
41 64 0 20 0.00126875567167
151 195 0 20 0.00126785195512
35 134 0 20 0.00126682153885
131 155 0 20 0.00126593033152
130 155 0 20 0.00126417956251
34 133 0 20 0.00126283261186
150 195 0 20 0.00125995221256
337 439 0 20 0.0012578676656
120 158 0 20 0.00125752766908
46 69 0 20 0.00125702120636
129 153 0 20 0.0012529964907
36 133 0 20 0.00125283596839
491 536 0 20 0.0012400003688
13 132 0 20 0.00123743238889
46 64 0 20 0.00123133978087
43 67 0 20 0.00123083145354
33 133 0 20 0.00122988620261
40 64 0 20 0.00122957268195
1 9 0 20 0.0012294828019
43 70 0 20 0.00122787597778
3 8 0 20 0.00122662219022
144 195 0 20 0.00122098993222
4 8 0 20 0.00122095484171
338 439 0 20 0.00121882563914
27 134 0 20 0.00121600989874
43 68 0 20 0.00121463786288
32 134 0 20 0.00121276860943
41 61 0 20 0.00121139782278
40 61 0 20 0.00121084007577
491 534 0 20 0.0012075697499
39 72 0 20 0.00120433761909
333 440 0 20 0.00120383919014
43 69 0 20 0.00120297614791
148 198 0 20 0.00120260025864
39 64 0 20 0.00120246233642
142 195 0 20 0.00120224298416
159 474 0 20 0.00120200987395
29 133 0 20 0.00119939235772
38 72 0 20 0.00119910596754
33 134 0 20 0.00119686578005
42 72 0 20 0.00119648621388
149 198 0 20 0.00119627832325
159 470 0 20 0.00119467541685
495 502 0 20 0.00119451980449
159 471 0 20 0.00119309668078
152 195 0 20 0.00119270909734
492 535 0 20 0.00118976558124
159 476 0 20 0.00118737197186
89 96 0 20 0.00118724829247
38 64 0 20 0.00118693444668
149 201 0 20 0.00118691997647
1 8 0 20 0.00118309790827
337 438 0 20 0.0011827758787
89 95 0 20 0.00117870894458
153 195 0 20 0.00117833040688
337 437 0 20 0.0011775485948
142 201 0 20 0.00117705827398
146 195 0 20 0.00117691317493
146 196 0 20 0.00117657742606
25 134 0 20 0.0011764045303
147 195 0 20 0.00117508146888
338 440 0 20 0.00117442446902
488 536 0 20 0.00117393734556
144 194 0 20 0.00117176284878
337 436 0 20 0.00116913486415
15 132 0 20 0.0011670598022
154 195 0 20 0.00116661763965
148 201 0 20 0.0011657227611
410 488 0 20 0.00116491336233
208 228 0 20 0.00116397928584
144 196 0 20 0.00116355164654
89 101 0 20 0.00116288798188
2 8 0 20 0.00116284868485
143 195 0 20 0.00115723155316
143 201 0 20 0.00115683833812
335 440 0 20 0.00115579137234
145 195 0 20 0.0011548284833
146 194 0 20 0.00115281439683
493 535 0 20 0.00114880842034
144 199 0 20 0.00114523855005
492 536 0 20 0.00114381307071
534 581 0 20 0.00114207649938
490 536 0 20 0.00114171564314
158 192 0 20 0.00114164454651
493 536 0 20 0.00113863748005
186 421 0 20 0.00113777929506
536 581 0 20 0.0011345547246
489 537 0 20 0.00113319827565
488 537 0 20 0.00113163438751
495 504 0 20 0.0011313384663
490 534 0 20 0.00112992141365
93 102 0 20 0.00112883979004
1 2 0 20 0.00112701935554
144 201 0 20 0.00112592400667
150 198 0 20 0.00112569781936
88 102 0 20 0.00112500106565
410 495 0 20 0.001124829212
492 533 0 20 0.00112461858961
489 536 0 20 0.00112236146603
188 195 0 20 0.00112094876995
491 537 0 20 0.00111943307865
410 485 0 20 0.0011192588162
89 99 0 20 0.00111896277523
89 97 0 20 0.00111686162378
144 200 0 20 0.00111669912596
185 423 0 20 0.00111598967758
89 98 0 20 0.00111529004697
142 198 0 20 0.00111384358856
89 100 0 20 0.00111291200247
492 531 0 20 0.00111083768034
190 195 0 20 0.00111023461989
186 195 0 20 0.00111002670317
408 488 0 20 0.00110963379343
7 8 0 20 0.00110894879798
409 495 0 20 0.00110894492661
185 195 0 20 0.00110867606557
492 532 0 20 0.00110649447763
410 494 0 20 0.00110585919946
536 575 0 20 0.00110357230486
493 531 0 20 0.00110356725427
495 536 0 20 0.0011023861341
410 484 0 20 0.00110162929935
187 195 0 20 0.00110153975124
492 540 0 20 0.00110129175932
490 532 0 20 0.00110121943389
232 538 0 20 0.00110109440702
208 232 0 20 0.00109962218262
12 132 0 20 0.00109923541285
490 537 0 20 0.00109838301393
189 421 0 20 0.00109734823699
186 423 0 20 0.00109675821653
482 537 0 20 0.00109654537677
409 493 0 20 0.00109647916711
407 491 0 20 0.00109642222154
409 491 0 20 0.00109597179445
408 495 0 20 0.00109473211949
407 495 0 20 0.00109394241828
1 4 0 20 0.00109329093581
532 581 0 20 0.00109328799143
492 539 0 20 0.00109239332324
235 538 0 20 0.00109226107819
131 134 0 20 0.00109219868838
188 421 0 20 0.00109135295874
493 540 0 20 0.00109131998618
409 488 0 20 0.00108867931446
184 423 0 20 0.00108851324976
14 132 0 20 0.00108842747377
1 10 0 20 0.00108803080682
232 540 0 20 0.00108581971878
235 540 0 20 0.00108513404632
235 248 0 20 0.00108453087781
89 102 0 20 0.0010845221766
411 485 0 20 0.00108327466381
7 277 0 20 0.00108201937532
132 135 0 20 0.00107764161366
408 484 0 20 0.00107590980136
409 482 0 20 0.00107585466747
410 482 0 20 0.00107399521576
493 539 0 20 0.00107355641395
491 532 0 20 0.0010731867445
495 532 0 20 0.00107224553623
163 177 0 20 0.00107127263732
13 129 0 20 0.00107094982947
209 228 0 20 0.00107058710816
397 521 0 20 0.00107047849233
9 132 0 20 0.00106897922815
396 428 0 20 0.00106856035075
162 171 0 20 0.00106826827101
408 490 0 20 0.00106743649968
91 102 0 20 0.00106729695909
183 423 0 20 0.00106665336968
8 281 0 20 0.00106514311298
492 534 0 20 0.00106504339877
489 534 0 20 0.00106449907075
407 488 0 20 0.00106394365003
158 176 0 20 0.0010631690437
14 129 0 20 0.00106299087188
218 440 0 20 0.00105770149483
131 133 0 20 0.00105735608578
89 109 0 20 0.00105734462278
186 422 0 20 0.00105708628532
410 489 0 20 0.00105614825781
8 280 0 20 0.00105591740383
183 432 0 20 0.00105546658773
410 490 0 20 0.00105483827749
185 418 0 20 0.00105360436656
89 104 0 20 0.00105346933464
89 103 0 20 0.00105164443296
208 230 0 20 0.00104854059384
395 428 0 20 0.00104790718155
235 246 0 20 0.0010476434025
7 132 0 20 0.00104749479387
10 132 0 20 0.00104694485716
235 247 0 20 0.00104674739082
409 494 0 20 0.0010467352659
89 105 0 20 0.00104665661112
155 158 0 20 0.00104654549598
408 485 0 20 0.00104648129184
12 129 0 20 0.00104594120691
407 484 0 20 0.0010451460985
85 102 0 20 0.00104391326103
409 484 0 20 0.00104314495432
207 232 0 20 0.00104127064944
410 481 0 20 0.00104119324967
184 418 0 20 0.00104080879555
185 188 0 20 0.00104066069801
183 431 0 20 0.00103823751078
189 419 0 20 0.00103656421857
189 195 0 20 0.00103656033569
232 539 0 20 0.00103475929637
180 423 0 20 0.00103269208233
235 539 0 20 0.00103207269869
180 418 0 20 0.00103203528629
407 482 0 20 0.0010316480715
187 423 0 20 0.00103072225645
235 252 0 20 0.00103045529848
410 493 0 20 0.0010293882398
182 432 0 20 0.00102717138754
188 422 0 20 0.00102700494508
397 429 0 20 0.00102674699729
187 201 0 20 0.00102637416072
186 428 0 20 0.00102548817164
92 102 0 20 0.00102536265811
195 207 0 20 0.00102465618507
410 486 0 20 0.00102458196576
407 494 0 20 0.00102422929931
184 431 0 20 0.00102355423775
395 431 0 20 0.00102303545798
180 432 0 20 0.00102294357998
397 427 0 20 0.00102292282464
407 485 0 20 0.00102186498272
158 178 0 20 0.00102171473286
157 176 0 20 0.00102163943411
186 418 0 20 0.00102152855758
408 491 0 20 0.00102074732987
409 490 0 20 0.00102062968614
191 421 0 20 0.00102019497423
219 440 0 20 0.00102002164082
201 421 0 20 0.00101956436791
192 423 0 20 0.00101885291014
408 493 0 20 0.00101860191764
237 536 0 20 0.00101849871355
162 176 0 20 0.00101676222364
195 206 0 20 0.00101590988034
408 482 0 20 0.00101525334011
188 194 0 20 0.00101517421583
201 423 0 20 0.00101335825624
189 422 0 20 0.00101310257862
90 102 0 20 0.00101230854136
407 481 0 20 0.00101150653264
409 486 0 20 0.00101125761698
408 486 0 20 0.00101125761698
315 320 0 20 0.00101118373034
182 418 0 20 0.00101116977716
396 432 0 20 0.00101072904915
208 433 0 20 0.00100843346595
186 201 0 20 0.00100755747527
536 538 0 20 0.00100417331544
153 158 0 20 0.0010040936731
239 539 0 20 0.00100408814475
188 423 0 20 0.00100386175715
237 537 0 20 0.00100141298683
179 418 0 20 0.0010007893606
185 191 0 20 0.00100057019222
235 237 0 20 0.00100049302191
186 417 0 20 0.00100046794723
184 432 0 20 0.000999280180649
191 210 0 20 0.000999127118012
182 423 0 20 0.000998815690259
155 157 0 20 0.000998710551827
238 537 0 20 0.000998592486147
235 238 0 20 0.000998195686306
144 185 0 20 0.000997767399664
398 522 0 20 0.000996451682431
120 133 0 20 0.000995902163027
181 432 0 20 0.000995651042441
181 423 0 20 0.000994322242335
190 423 0 20 0.000993715787127
190 410 0 20 0.00099326183847
232 252 0 20 0.000992958052466
186 419 0 20 0.000992595167921
178 418 0 20 0.000991859804245
536 540 0 20 0.000991627040148
201 206 0 20 0.000990445891377
397 522 0 20 0.000990099740699
186 202 0 20 0.000989703307311
157 178 0 20 0.000989587360665
155 160 0 20 0.000989263761346
195 210 0 20 0.000989232363229
536 539 0 20 0.000989211832729
186 196 0 20 0.000989088481752
396 431 0 20 0.000988912951057
154 158 0 20 0.000988799941679
186 200 0 20 0.000988627848571
191 206 0 20 0.00098839229431
162 174 0 20 0.000987881643198
185 428 0 20 0.0009870115089
189 420 0 20 0.000986733659418
152 158 0 20 0.000984675931071
181 431 0 20 0.000984473900899
186 197 0 20 0.000983436184228
186 199 0 20 0.000982988049038
187 418 0 20 0.000982586614973
189 423 0 20 0.000982004171111
176 418 0 20 0.00098089704065
191 195 0 20 0.000980889482516
188 428 0 20 0.000980752501855
188 419 0 20 0.000980320969135
186 420 0 20 0.00098018453117
398 521 0 20 0.000979885618492
186 426 0 20 0.000979377073273
398 427 0 20 0.000979057520997
186 415 0 20 0.000978433828668
184 195 0 20 0.000977246294535
192 195 0 20 0.000975540117143
189 192 0 20 0.00097549838351
179 432 0 20 0.000975393088945
178 423 0 20 0.00097527023567
157 160 0 20 0.000975229679107
183 195 0 20 0.000975143723925
158 436 0 20 0.000973809768097
132 134 0 20 0.000973107010296
201 422 0 20 0.000972596659335
186 427 0 20 0.000972492265807
188 417 0 20 0.000972479601675
204 208 0 20 0.000969721009835
315 321 0 20 0.000968941128522
240 258 0 20 0.000968383425691
398 426 0 20 0.000968131895297
157 159 0 20 0.000967671909667
129 135 0 20 0.000967409122566
82 258 0 20 0.000967294011737
83 258 0 20 0.000966599488209
70 191 0 20 0.000966525627444
188 192 0 20 0.000966205090951
397 425 0 20 0.00096600134469
158 433 0 20 0.000965647744383
79 254 0 20 0.000965160909026
208 434 0 20 0.000965107873037
185 189 0 20 0.000964996565682
189 194 0 20 0.000964822576022
80 254 0 20 0.000964782906844
397 428 0 20 0.000964569354961
70 186 0 20 0.000963631073207
84 258 0 20 0.00096320543495
195 209 0 20 0.000962763336931
155 159 0 20 0.000962588216385
70 188 0 20 0.000961759060128
534 540 0 20 0.000961606933185
70 189 0 20 0.000961153559137
398 545 0 20 0.000960545350212
282 559 0 20 0.00096025795912
186 187 0 20 0.000958279312094
439 462 0 20 0.000958086621515
194 198 0 20 0.000957791175715
81 258 0 20 0.000957325314013
144 179 0 20 0.00095723770576
174 541 0 20 0.000956977334639
398 552 0 20 0.000956562819304
88 258 0 20 0.000956558853009
186 194 0 20 0.000956525811911
235 240 0 20 0.000956308615074
85 258 0 20 0.000955740499211
182 195 0 20 0.000955578810931
80 257 0 20 0.000954245786978
80 255 0 20 0.000953314452876
195 203 0 20 0.000953302990665
188 200 0 20 0.000953011789214
195 202 0 20 0.000952699535111
87 258 0 20 0.000952512505696
155 161 0 20 0.000951642339597
439 466 0 20 0.000950740643424
398 543 0 20 0.000949792490447
207 435 0 20 0.000949450243404
433 462 0 20 0.000948912695292
166 177 0 20 0.000948809943578
158 432 0 20 0.000948246046159
79 258 0 20 0.000948190594496
183 198 0 20 0.00094795909335
283 559 0 20 0.000947392663611
92 258 0 20 0.00094738357263
86 258 0 20 0.000946981918779
189 193 0 20 0.000946663787716
140 186 0 20 0.000946237348247
130 134 0 20 0.000944409061932
234 239 0 20 0.000943849575376
80 258 0 20 0.000943684160846
176 537 0 20 0.000943657498048
188 193 0 20 0.000943641631293
183 201 0 20 0.000942307247032
89 257 0 20 0.000941580351087
187 198 0 20 0.000941536038383
71 189 0 20 0.00094078445322
188 196 0 20 0.000940544479454
70 198 0 20 0.000940188826412
437 462 0 20 0.000939448120554
274 431 0 20 0.000939413924719
124 134 0 20 0.000939196968898
235 243 0 20 0.00093918554848
201 207 0 20 0.000938597218571
184 191 0 20 0.000938154066605
195 205 0 20 0.000937460643628
315 322 0 20 0.000937411406539
281 431 0 20 0.000936979421005
438 462 0 20 0.000936548666852
151 158 0 20 0.000936418728296
79 255 0 20 0.000935830796279
397 541 0 20 0.000934563373473
70 195 0 20 0.000934549508647
89 255 0 20 0.00093437087237
186 198 0 20 0.000934131405074
80 256 0 20 0.000933516034701
4 431 0 20 0.000933359557271
191 198 0 20 0.000932995638266
157 434 0 20 0.000932021447004
179 195 0 20 0.000931837030051
9 195 0 20 0.000930615508008
3 431 0 20 0.000930601407276
120 134 0 20 0.000928979076677
532 540 0 20 0.000928479163172
278 431 0 20 0.000927672816706
319 345 0 20 0.000927234229297
276 431 0 20 0.00092643203897
433 466 0 20 0.000926141568056
2 431 0 20 0.000923988365023
188 197 0 20 0.000923904528545
190 201 0 20 0.000923846723588
155 162 0 20 0.00092384409642
69 196 0 20 0.000923674197987
89 258 0 20 0.000923489783476
534 538 0 20 0.000923316897555
536 542 0 20 0.000922653144575
282 557 0 20 0.000922459668964
182 188 0 20 0.000921044437524
195 204 0 20 0.000921042239032
315 345 0 20 0.000920913815523
537 542 0 20 0.00092071981336
532 538 0 20 0.00092017061339
529 536 0 20 0.000920111928731
9 198 0 20 0.000920031662496
69 135 0 20 0.000919349593018
315 323 0 20 0.000919067495535
398 542 0 20 0.000918908489621
319 346 0 20 0.000918235071154
440 472 0 20 0.000918169225684
184 188 0 20 0.000917268931166
198 202 0 20 0.000917196062535
121 133 0 20 0.000917179747183
189 210 0 20 0.000916881882462
78 258 0 20 0.00091640427697
188 199 0 20 0.000916229422593
122 134 0 20 0.000916174923533
157 161 0 20 0.00091611570149
122 133 0 20 0.000915685770257
150 158 0 20 0.000914304562989
124 133 0 20 0.0009128490619
153 157 0 20 0.000911778329001
3 432 0 20 0.000911708849456
396 553 0 20 0.000911289357482
431 473 0 20 0.000910843870216
197 471 0 20 0.00091077407972
126 134 0 20 0.000910143026208
125 134 0 20 0.000909806300735
532 535 0 20 0.000909226504972
439 463 0 20 0.000908287305117
282 554 0 20 0.000907649530638
398 547 0 20 0.000907218354325
201 210 0 20 0.000906187629815
121 135 0 20 0.000906070941312
157 274 0 20 0.000905909937217
434 462 0 20 0.000905339203536
398 544 0 20 0.000905133330528
227 239 0 20 0.000904995705558
431 480 0 20 0.000904247880199
440 473 0 20 0.000903884634407
154 157 0 20 0.000903783595985
9 258 0 20 0.000903125887708
178 195 0 20 0.000903109668626
128 133 0 20 0.000902765779526
1 70 0 20 0.000902579659184
171 541 0 20 0.000901061710034
116 133 0 20 0.000900040139106
314 352 0 20 0.000899312051588
235 239 0 20 0.000899101077043
171 537 0 20 0.000899036852474
181 188 0 20 0.000898354807266
529 532 0 20 0.000897992907258
172 541 0 20 0.000897543746228
199 208 0 20 0.000897339593171
174 537 0 20 0.00089697772542
436 462 0 20 0.000896951053589
374 386 0 20 0.000896733904638
176 541 0 20 0.000896152780914
129 134 0 20 0.000896143020782
127 134 0 20 0.000895826380033
374 389 0 20 0.000895267791386
316 432 0 20 0.000894994113824
317 432 0 20 0.000894603112656
155 163 0 20 0.000894161326536
534 539 0 20 0.000894087120027
175 537 0 20 0.000892814067312
435 472 0 20 0.000892140897368
314 351 0 20 0.00089202810042
2 72 0 20 0.000891687349937
235 244 0 20 0.000891648988145
434 463 0 20 0.000891628537201
7 189 0 20 0.000891299945384
197 470 0 20 0.000890706893786
176 536 0 20 0.000890213890711
545 570 0 20 0.000889531572136
235 245 0 20 0.000888752185426
437 466 0 20 0.000887970819223
317 431 0 20 0.0008878527358
183 188 0 20 0.000887710567346
123 134 0 20 0.000887081384205
421 428 0 20 0.000886870973912
172 536 0 20 0.000886614512723
203 208 0 20 0.000885998188002
3 258 0 20 0.000885717564118
431 477 0 20 0.000885421539137
89 479 0 20 0.00088469656276
151 162 0 20 0.000883766606295
546 570 0 20 0.000883648960918
9 201 0 20 0.000883546937314
314 349 0 20 0.000883359806561
149 158 0 20 0.000883119734024
200 471 0 20 0.000882799768734
10 195 0 20 0.000882416837062
59 189 0 20 0.000880796660646
319 353 0 20 0.000880618665465
227 232 0 20 0.000878038770519
131 136 0 20 0.000877932372448
119 134 0 20 0.000877673159535
232 241 0 20 0.000876632367515
320 352 0 20 0.000876577691997
5 186 0 20 0.00087653351386
314 348 0 20 0.000875851309925
155 271 0 20 0.000874626783387
321 347 0 20 0.000873489018735
85 235 0 20 0.000873301453085
121 137 0 20 0.000872945299363
126 133 0 20 0.000872036729627
228 230 0 20 0.000869603380573
374 387 0 20 0.000869393331254
198 207 0 20 0.000868326572878
200 208 0 20 0.000867906113739
130 133 0 20 0.000867608750678
187 189 0 20 0.000866842368691
315 346 0 20 0.000866587009407
128 134 0 20 0.000865629622936
58 189 0 20 0.000865414999159
314 432 0 20 0.000864818715169
89 472 0 20 0.000864288204486
186 191 0 20 0.000864272651339
90 235 0 20 0.000863790821479
157 271 0 20 0.000863563296991
150 162 0 20 0.000863521846659
7 258 0 20 0.000863465254315
316 431 0 20 0.000863402926117
86 235 0 20 0.000863285938998
123 133 0 20 0.000863038675536
187 191 0 20 0.000863025768538
196 471 0 20 0.000863017251142
89 478 0 20 0.000862813937968
531 534 0 20 0.000861405900484
198 473 0 20 0.000861030655178
532 543 0 20 0.000860932041168
228 239 0 20 0.000860398790554
423 427 0 20 0.000860314253237
532 542 0 20 0.000860307784716
529 534 0 20 0.000860172154258
545 575 0 20 0.000859546461539
200 470 0 20 0.000859410480984
1 262 0 20 0.000858852341267
232 242 0 20 0.000858837796464
83 235 0 20 0.00085871396167
181 186 0 20 0.000858695089013
95 474 0 20 0.000858122801926
410 535 0 20 0.000856522534621
530 535 0 20 0.000856507371079
186 190 0 20 0.000856429517765
318 432 0 20 0.00085626678969
86 476 0 20 0.00085599500142
228 238 0 20 0.000855563715757
418 427 0 20 0.000855411982561
537 540 0 20 0.000854921163818
226 239 0 20 0.000854575308328
113 133 0 20 0.000854193044637
204 470 0 20 0.000853900550304
315 431 0 20 0.000853778215979
84 235 0 20 0.000851796329179
553 567 0 20 0.000851274999187
89 473 0 20 0.000851171832213
87 235 0 20 0.000851159733527
188 210 0 20 0.000850968939783
88 235 0 20 0.000849895991874
125 133 0 20 0.000849455344303
407 537 0 20 0.000849411458776
515 522 0 20 0.000849066815098
533 536 0 20 0.00084865612422
233 239 0 20 0.00084850478076
58 186 0 20 0.000848440797496
127 133 0 20 0.000848268742591
536 543 0 20 0.000848135822825
178 186 0 20 0.000847795483572
235 241 0 20 0.000847364029903
539 541 0 20 0.00084730575162
80 235 0 20 0.000846539799673
197 208 0 20 0.000846164261522
201 209 0 20 0.000845552654049
181 189 0 20 0.000845262536418
82 235 0 20 0.000841673296343
228 231 0 20 0.000841425185426
411 537 0 20 0.000839711138539
553 568 0 20 0.00083797023752
181 191 0 20 0.000836813426945
78 235 0 20 0.000836794703557
129 139 0 20 0.000835868809351
133 314 0 20 0.000835753581045
225 239 0 20 0.000833862408132
513 522 0 20 0.000833039114088
180 188 0 20 0.000830797438022
69 137 0 20 0.000830593166794
373 385 0 20 0.000829204083918
422 471 0 20 0.000829122221492
69 139 0 20 0.000827931249861
191 237 0 20 0.000827919661764
75 148 0 20 0.000827084192774
72 135 0 20 0.000826082084703
385 464 0 20 0.000825999028175
222 537 0 20 0.000825980876637
530 538 0 20 0.000825952542537
155 213 0 20 0.000825273612712
421 431 0 20 0.00082522800707
129 140 0 20 0.000824763497657
93 440 0 20 0.000824590892861
72 142 0 20 0.000824068819541
72 433 0 20 0.00082332740054
202 208 0 20 0.000822981485771
48 135 0 20 0.000822741451462
125 136 0 20 0.000821940388486
130 136 0 20 0.000821875169745
126 136 0 20 0.000821776755296
129 133 0 20 0.000821181835286
422 474 0 20 0.000820563967672
188 242 0 20 0.00082018212019
129 137 0 20 0.000820141480281
157 213 0 20 0.000819682814026
534 542 0 20 0.000819647986402
132 139 0 20 0.000819213345514
95 440 0 20 0.000818590213885
226 232 0 20 0.000818167381763
385 467 0 20 0.000818142925189
220 541 0 20 0.000817910336195
133 315 0 20 0.000817826019249
155 209 0 20 0.000817735717561
385 465 0 20 0.000816582091229
513 521 0 20 0.000816552901259
192 283 0 20 0.000815988329121
216 540 0 20 0.00081562429255
195 540 0 20 0.000815558294117
68 72 0 20 0.000814930792756
530 542 0 20 0.000814827713632
198 206 0 20 0.000814167424232
195 213 0 20 0.000813249494493
397 399 0 20 0.000812723279344
514 521 0 20 0.000812638419819
534 543 0 20 0.000812049519541
138 144 0 20 0.000811663703585
432 436 0 20 0.000811612823413
64 70 0 20 0.00081070922054
537 543 0 20 0.000810029591992
198 208 0 20 0.000809869816668
72 461 0 20 0.000809543956031
228 240 0 20 0.000809520831526
537 544 0 20 0.000808374354785
69 427 0 20 0.000807019135407
423 467 0 20 0.000805625071433
48 139 0 20 0.000804810525727
157 209 0 20 0.00080461607837
232 237 0 20 0.000803428578045
176 186 0 20 0.000803239899244
195 237 0 20 0.000802980581863
423 473 0 20 0.000801804951695
190 239 0 20 0.000801489232074
189 286 0 20 0.0008014567936
176 189 0 20 0.000801401949439
421 471 0 20 0.000801359863249
194 283 0 20 0.00080052221134
155 212 0 20 0.000800510272487
198 540 0 20 0.000799619936366
72 460 0 20 0.000795209735672
133 324 0 20 0.000792715115728
422 428 0 20 0.000791069859159
61 70 0 20 0.000789558338984
48 354 0 20 0.000788692088372
418 431 0 20 0.000785584879264
54 354 0 20 0.000784219911666
423 426 0 20 0.000783077363883
198 461 0 20 0.000782056349633
515 529 0 20 0.000781999350464
197 450 0 20 0.0007804283708
133 323 0 20 0.000780396417137
199 450 0 20 0.000779641613948
566 570 0 20 0.000778774371174
179 188 0 20 0.00077752021681
93 272 0 20 0.000777006334568
179 186 0 20 0.000775667945813
176 188 0 20 0.000772014084345
553 565 0 20 0.000771259915083
48 281 0 20 0.000770814730707
88 272 0 20 0.000770543558169
562 571 0 20 0.000769460935686
423 428 0 20 0.000765956596194
397 400 0 20 0.000765562236245
196 463 0 20 0.000765001936577
49 277 0 20 0.000764975256143
200 463 0 20 0.000764293237998
192 216 0 20 0.000763581924806
568 570 0 20 0.000761712345664
221 230 0 20 0.000761611474193
422 432 0 20 0.000759140921997
560 571 0 20 0.000758318922185
423 425 0 20 0.000755759972187
323 410 0 20 0.000754533517564
321 410 0 20 0.000754175576682
559 570 0 20 0.000752753704139
419 428 0 20 0.000752409602686
423 431 0 20 0.000749467833033
320 410 0 20 0.000749415732076
553 560 0 20 0.000748886683601
422 431 0 20 0.00074778524367
431 433 0 20 0.000746754784806
427 432 0 20 0.000746616393904
567 570 0 20 0.000741618627871
195 214 0 20 0.000739653936339
427 431 0 20 0.000738625296945
432 439 0 20 0.000737944352079
178 188 0 20 0.000737797813366
415 428 0 20 0.000736964127882
420 428 0 20 0.000736847026844
430 435 0 20 0.000736551245906
431 436 0 20 0.000734583595687
417 428 0 20 0.000733671759068
553 561 0 20 0.000732656320602
69 70 0 20 0.000731696219853
415 427 0 20 0.000731610923413
220 228 0 20 0.000731319878013
426 431 0 20 0.000730542194208
503 521 0 20 0.000730009926547
397 401 0 20 0.000729544964227
180 186 0 20 0.000727442786374
560 572 0 20 0.000726239819291
72 149 0 20 0.000725117515651
418 426 0 20 0.000724668869652
485 561 0 20 0.00072283528379
54 200 0 20 0.000722801095898
58 198 0 20 0.00072240293239
420 431 0 20 0.000722089965363
506 521 0 20 0.000721750414209
482 562 0 20 0.00072134885874
70 129 0 20 0.000719541354111
417 511 0 20 0.000719361953994
561 570 0 20 0.000718458360809
420 513 0 20 0.000717291730831
421 432 0 20 0.000716169948394
71 72 0 20 0.000715068455846
177 187 0 20 0.00071335738535
331 338 0 20 0.000713322699815
418 425 0 20 0.000712810917743
565 570 0 20 0.000711838070231
286 471 0 20 0.000711075388051
283 472 0 20 0.000709925375913
397 402 0 20 0.00070860055927
431 434 0 20 0.000708436820361
191 218 0 20 0.000706952885832
330 343 0 20 0.000704871505043
330 335 0 20 0.000703422824432
564 570 0 20 0.000703049723125
330 339 0 20 0.000702922139952
559 562 0 20 0.000702774711309
177 183 0 20 0.000702767227117
61 71 0 20 0.000702530453494
419 431 0 20 0.000702428873371
424 431 0 20 0.000701930458598
431 437 0 20 0.000700493975544
418 430 0 20 0.000699978165631
558 570 0 20 0.000699818307403
330 334 0 20 0.000697829746765
70 72 0 20 0.000696321716162
562 570 0 20 0.000695116080318
509 521 0 20 0.000694651868939
436 440 0 20 0.000693064176994
177 184 0 20 0.000692926768852
553 562 0 20 0.000692675632287
560 570 0 20 0.000690649206498
177 188 0 20 0.000690246365272
430 440 0 20 0.000689466663309
550 560 0 20 0.000688866081952
252 258 0 20 0.000688818540383
332 338 0 20 0.000687041693536
508 520 0 20 0.000686380426331
557 560 0 20 0.000685686284975
567 575 0 20 0.000685102043635
553 564 0 20 0.000684968607622
58 69 0 20 0.000684411856482
427 435 0 20 0.000684069018806
175 186 0 20 0.000683455591146
330 333 0 20 0.000682576329926
424 432 0 20 0.000682557874216
428 436 0 20 0.000682256657294
430 432 0 20 0.000681875054865
329 338 0 20 0.000681645840297
423 430 0 20 0.000681071754998
426 432 0 20 0.000679370176906
423 432 0 20 0.000679360910575
332 337 0 20 0.000679137323827
68 75 0 20 0.000678813640371
515 524 0 20 0.0006784953937
428 430 0 20 0.00067844466875
554 562 0 20 0.000677981476791
423 433 0 20 0.000677182383975
512 521 0 20 0.000676505297967
514 523 0 20 0.000676315790091
418 428 0 20 0.000675745216195
429 432 0 20 0.000675698927602
552 560 0 20 0.000675488635994
513 524 0 20 0.000675192188201
557 562 0 20 0.000674826232315
428 431 0 20 0.00067473078375
513 517 0 20 0.000674705553261
509 520 0 20 0.000674482665404
522 523 0 20 0.000674288859264
63 69 0 20 0.000673925021653
64 71 0 20 0.00067328259678
562 572 0 20 0.000672784774165
431 439 0 20 0.000672007875101
330 338 0 20 0.000670970067489
552 562 0 20 0.000670860871655
59 69 0 20 0.000670639868311
558 560 0 20 0.000669213737893
69 81 0 20 0.000668955273743
520 522 0 20 0.00066823251812
511 522 0 20 0.000668081404411
511 521 0 20 0.000667398777735
246 258 0 20 0.00066646140553
8 17 0 20 0.000665460398608
36 43 0 20 0.000665111021942
62 69 0 20 0.000665033203547
431 438 0 20 0.000664778197169
330 342 0 20 0.000662733514505
568 575 0 20 0.000661837131363
330 340 0 20 0.000660430476791
566 575 0 20 0.000659750424775
437 440 0 20 0.000659161123942
438 440 0 20 0.000658302199057
416 419 0 20 0.00065651843507
174 186 0 20 0.000655778586727
195 219 0 20 0.00065261227146
8 18 0 20 0.000649480819247
34 43 0 20 0.000648611982387
216 222 0 20 0.000647745816493
35 43 0 20 0.000646762380165
195 218 0 20 0.000630398644298
38 48 0 20 0.000630337363887
32 43 0 20 0.000629016529638
31 43 0 20 0.000621148827846
41 48 0 20 0.000619048871162
39 48 0 20 0.000607538350456
40 48 0 20 0.000596468147078
45 48 0 20 0.000596248788969
46 48 0 20 0.000594724698291
42 48 0 20 0.000590921184321
553 557 0 20 0.000574609831619
259 274 0 20 0.000574259242833
470 472 0 20 0.000561567246328
466 469 0 20 0.000559008937277
251 258 0 20 0.00055795499435
461 463 0 20 0.00055096209875
260 269 0 20 0.000546260002065
250 258 0 20 0.000542105295618
408 420 0 20 0.000540167280084
466 471 0 20 0.000538916155342
417 418 0 20 0.000538346454118
208 209 0 20 0.000534107699881
462 469 0 20 0.000533918735764
458 470 0 20 0.000524270065833
272 278 0 20 0.000523611805192
408 417 0 20 0.00051493309651
473 474 0 20 0.000508026441412
471 475 0 20 0.000506845915204
474 475 0 20 0.000506845915204
472 474 0 20 0.000504247449427
80 90 0 20 0.000503807128665
471 472 0 20 0.000503341920474
466 472 0 20 0.000502727872651
80 91 0 20 0.000488875933363
279 283 0 20 0.000488054647256
248 258 0 20 0.000486637080849
272 279 0 20 0.000484835563859
195 220 0 20 0.000484556992537
281 283 0 20 0.000480906751859
249 259 0 20 0.00047961968123
278 283 0 20 0.000475441167589
272 284 0 20 0.000472774745664
252 259 0 20 0.0004719094624
280 283 0 20 0.000469075031655
112 121 0 20 0.000468609228229
251 259 0 20 0.000466880651264
109 121 0 20 0.000458501162513
256 259 0 20 0.000368945368496
259 260 0 20 0.00036140188622
521 552 0 20 0.000244207023218
7 48 0 20 0.000226125789872
8 421 0 20 0.000196535812911
70 562 0 20 0.0001665507415
189 568 0 20 0.000160840733116
159 330 0 20 0.00014996795554
283 310 0 20 0.000147475171139
384 397 0 20 0.000146565589935
221 421 0 20 0.000145219066312
208 322 0 20 0.000138588818609
188 294 0 20 0.000137619359016
1 337 0 20 0.000136462731808
186 346 0 20 0.000132964597012
433 536 0 20 0.000131997626519
5 410 0 20 0.000131189555261
75 542 0 20 0.000130529288086
311 448 0 20 0.000130464985394
349 529 0 20 0.000128833240273
430 562 0 20 0.000125472884862
146 388 0 20 0.000125197778601
7 228 0 20 0.000124300937317
1 61 0 20 0.000122745743922
15 26 0 20 0.000122669521033
136 472 0 20 0.00012047035321
421 562 0 20 0.000120112980437
235 434 0 20 0.000118944892133
70 349 0 20 0.000118798309153
80 354 0 20 0.000117856755577
421 485 0 20 0.000116758829937
241 520 0 20 0.00011502662854
158 418 0 20 0.000112863540244
144 438 0 20 0.000112053447319
176 337 0 20 0.000111477542939
318 448 0 20 0.00011125167569
1 421 0 20 0.000110415885542
201 357 0 20 0.000110073160828
154 259 0 20 0.000109305212632
70 208 0 20 0.000107656277898
61 135 0 20 0.000107443693329
268 472 0 20 0.000105634957241
481 485 0 20 6.57109496765e-05
473 485 0 20 6.46556504871e-05
55 61 0 20 5.87356809958e-05
