2.186952009755727729e-03 2.160674196330466222e-03 1.981212238347864005e-03 1.711568725758850920e-03 1.542123892555558387e-03 1.337311419737376682e-03 1.167036642530900866e-03 9.234400750906522105e-04 9.468647956332415343e-04 9.880055885747999252e-04 1.119774713961085161e-03 1.400264977314127435e-03 1.819664909141039712e-03 2.496317482735076806e-03 3.260153942253137937e-03 3.597101122197073324e-03 3.603113675322428423e-03
2.120112959467221336e-03 2.405715295187719430e-03 2.320662510614138890e-03 2.195895027200333357e-03 1.913505956365722099e-03 1.612405713989287096e-03 1.427819730711807128e-03 1.167519973759816162e-03 1.157796074952578864e-03 1.168764162039583878e-03 1.446214761835522755e-03 1.900938079090637922e-03 2.559141991424481160e-03 3.441313206495486172e-03 4.149135291243830244e-03 4.156124315944150806e-03 3.659378648142905255e-03
1.851290848471677910e-03 2.267875407039798494e-03 2.655613390604691631e-03 2.717630434115617544e-03 2.510700092405637653e-03 2.056091611430721933e-03 1.914308636240255991e-03 1.586194375888572627e-03 1.669117186408955239e-03 1.770556190934648904e-03 2.104422624645283305e-03 2.872457162815460034e-03 3.698835614239512695e-03 4.349420423932263101e-03 4.548067311234826361e-03 3.962255762339576479e-03 3.230293548717936072e-03
1.668366505098486160e-03 2.087922123260691019e-03 2.650481052747958449e-03 3.100181577376373739e-03 3.242913703453949650e-03 2.889114513529172663e-03 2.690275632120415258e-03 2.220573401970275633e-03 2.666656525726807895e-03 2.738498597693343403e-03 3.288627067621812360e-03 4.324922916720913731e-03 4.976262955575085599e-03 4.981542910328090948e-03 4.433027557366401271e-03 3.473843181311460533e-03 2.662090131935041220e-03
1.350940104458546757e-03 1.608912163984417510e-03 2.228175093333368585e-03 3.055721952187355830e-03 3.536558167687685762e-03 3.738614415142997582e-03 3.635290848956344682e-03 3.024140296005730158e-03 3.845141669122057945e-03 3.972159861808464282e-03 4.736792634401362258e-03 5.434101258780325502e-03 5.410456066273668096e-03 4.687180654543436804e-03 3.755237624071447108e-03 2.822127207772328217e-03 2.221571645251265922e-03
1.230504599916217500e-03 1.370153810148970518e-03 1.783067262984326532e-03 2.549474654467543885e-03 3.477360000465827116e-03 4.426822119694990426e-03 5.060472033556057125e-03 5.000873765150659275e-03 6.787702756913334586e-03 6.354407788767309564e-03 6.599683303391272460e-03 6.408795800513556601e-03 5.524088222072714299e-03 4.035094445940071682e-03 2.944901266700130932e-03 2.288657457991551299e-03 1.760196291159011727e-03
1.049276644436414200e-03 1.236777431407142533e-03 1.554569877929302610e-03 2.171239899013131455e-03 3.211613252040093971e-03 4.758301283274909109e-03 6.217447501206734180e-03 7.438853131628894028e-03 1.148338667214653802e-02 9.021902127697992851e-03 8.027394334939015955e-03 6.460074149498221639e-03 5.021139403369673584e-03 3.279953033134264378e-03 2.417992553055967227e-03 1.880667090867018483e-03 1.498670785023601803e-03
9.962847793378881191e-04 1.142189249496342691e-03 1.410001183235578106e-03 1.959900487008676539e-03 2.852363800502525065e-03 4.696697827446589223e-03 7.306988192736157267e-03 1.073348627322200793e-02 1.750817263669597265e-02 1.168067963725914760e-02 8.477240053697192995e-03 5.891004913864494527e-03 3.833444729439491969e-03 2.715065720412084601e-03 2.133205875928906228e-03 1.680493523072949455e-03 1.254554144129379828e-03
9.870958688104763696e-04 1.254103064692769706e-03 1.648324617088158623e-03 2.532429882743792229e-03 3.873369862734155587e-03 6.501941131764683163e-03 1.136056693482710711e-02 1.797519955414793660e-02 0.000000000000000000e+00 1.703846013077047611e-02 1.063301288927372135e-02 6.626965889125689159e-03 4.137419839077796646e-03 2.742234101066067485e-03 2.103816081812604540e-03 1.598552242032756079e-03 1.217789204941814975e-03
1.099304272490403888e-03 1.330338606794176240e-03 1.803176672987370993e-03 2.726755609833314466e-03 4.126869680648699752e-03 6.979717077208776564e-03 1.010826691457889989e-02 1.298614866650239785e-02 1.760158985369108392e-02 1.037845266137931398e-02 6.701537605443579418e-03 4.622765506544100969e-03 3.079310827360832222e-03 2.172826803677761157e-03 1.719603465649593424e-03 1.328646828736975479e-03 1.064276210713546071e-03
1.275651849985900499e-03 1.543094538588678059e-03 2.178218799403713359e-03 3.485796272823431154e-03 5.348107990728819677e-03 7.772568707516672518e-03 9.465183778847552701e-03 9.914238167257073339e-03 1.168034794450784064e-02 6.832717361895037679e-03 5.452260586116986982e-03 4.310087326250469988e-03 3.165254441870773636e-03 2.169420550238926933e-03 1.669528244303828237e-03 1.362128322429674750e-03 1.167959743968452696e-03
1.488898932290374458e-03 1.882441159432648612e-03 2.835519577347352972e-03 4.561489366684064357e-03 6.154753578117207538e-03 7.316315902618905284e-03 7.551092753188540750e-03 6.429925204706377247e-03 6.672528638200393193e-03 4.517068497321858125e-03 4.224556210258119046e-03 3.845019135966763757e-03 3.255440844755603212e-03 2.481774739743414053e-03 1.762936793763372409e-03 1.406589689421764225e-03 1.245952244106721639e-03
1.775728943696244051e-03 2.422166098500315445e-03 3.503691966827617282e-03 5.049994080792936935e-03 5.930450305459099292e-03 6.016500628113459828e-03 5.308269503864045981e-03 3.979317706506597593e-03 3.745295367877608198e-03 2.852518248954932258e-03 3.127275135200456406e-03 3.324539103158571148e-03 3.290080119526956823e-03 2.781414739153810056e-03 2.073705667543133957e-03 1.502853352644163828e-03 1.355086264797439972e-03
2.185925106371328867e-03 2.977946439631679564e-03 4.015408498894150642e-03 4.915938098766362181e-03 4.867226532452735219e-03 4.238507293952287723e-03 3.490063924828267633e-03 2.649618993585949912e-03 2.580846959129649322e-03 1.976959225579487736e-03 2.232827843422776227e-03 2.501703270051329475e-03 2.782602143918194541e-03 2.685831458809016022e-03 2.413550891625697737e-03 1.854026259986845792e-03 1.551252455915552849e-03
2.440640734817942602e-03 3.302963878668890591e-03 3.853345562624081646e-03 4.066500913250324124e-03 3.545294700969615301e-03 2.694044796125522750e-03 2.187197360202674211e-03 1.774447564970380118e-03 1.647527925238578437e-03 1.421009460812536337e-03 1.663862519441488413e-03 1.770930683039723076e-03 2.120814424103194349e-03 2.337153215300858539e-03 2.443225620427819187e-03 2.101521000959099411e-03 1.828891425420359554e-03
2.650581031049625922e-03 3.151764994583564419e-03 3.180181907242466289e-03 2.925083538692078988e-03 2.350211287611575234e-03 1.821395168677939413e-03 1.492081298001336634e-03 1.169135822282504639e-03 1.049262789305016770e-03 1.049080887282487912e-03 1.223497706931375240e-03 1.362108370090765437e-03 1.672959636339431790e-03 1.959856056257747430e-03 2.265443484254146562e-03 2.230269043233334882e-03 2.010124747235295627e-03
2.537757859517703832e-03 2.584337318050005088e-03 2.424212052170898919e-03 2.098434648538079726e-03 1.692556216292392859e-03 1.484492330872179498e-03 1.318277103803888522e-03 1.067227523735889746e-03 9.175938679065408742e-04 8.159824339971326465e-04 1.009981890690036773e-03 1.050475844124843091e-03 1.357040396332553260e-03 1.588758989757690096e-03 1.951811789286261693e-03 2.102601963498250317e-03 2.220324609859928265e-03
