1.532635665395239415e-03 1.518988531878550947e-03 1.662393868241804048e-03 1.435108082358952384e-03 1.431168322953460222e-03 1.253794888582602379e-03 1.568716887013153847e-03 1.227959695589690052e-03 1.383663145081397237e-03 1.279231061914616260e-03 1.550367433720714920e-03 1.784171415576515886e-03 2.185000438913125339e-03 2.549281967711059752e-03 2.657645455394408527e-03 2.409684788958321028e-03 2.185319996191613379e-03
1.481115650151874691e-03 1.567080325721157503e-03 1.699933837261398493e-03 1.721461973804925888e-03 1.838078969646324105e-03 1.481468927556508705e-03 1.712683719925080705e-03 1.408916371733867938e-03 1.560166398409928729e-03 1.529836655796839055e-03 1.829437460297804159e-03 2.352485212940854699e-03 3.042002598565547635e-03 3.169042116549111460e-03 2.982766474641530916e-03 2.395702561568404613e-03 1.960081340903371307e-03
1.347206147328916092e-03 1.388640970229161132e-03 1.629156714404202122e-03 1.851742794760050928e-03 2.208047515763573651e-03 1.978956349736361864e-03 2.229264326361379226e-03 1.962786079649866348e-03 2.207530102330423297e-03 2.171135265232511987e-03 2.437743194045918684e-03 3.245451034977434035e-03 3.817614761788127795e-03 3.599707919304999046e-03 2.983065534422184046e-03 2.292938692325542389e-03 1.872984489031579618e-03
1.241972777023521305e-03 1.227004109135926713e-03 1.506899294791731736e-03 2.000222506636070187e-03 2.546013905331267167e-03 2.570738569267269971e-03 3.255282300662526527e-03 2.693008850871094276e-03 3.044169819724126466e-03 3.131692440956247801e-03 4.121425840583304093e-03 4.457253122314140149e-03 4.377123609492833065e-03 3.523461367125862997e-03 2.443301679091688418e-03 1.934434481656282633e-03 1.618718698654347810e-03
9.826897965328732117e-04 1.016130651428078218e-03 1.199410343673311310e-03 1.523306345534647648e-03 2.356774846848555972e-03 2.726484732465096327e-03 3.870106261191701841e-03 3.367172815636100634e-03 4.113473742056100897e-03 4.105390723156295690e-03 5.381807880836551872e-03 4.893911216946031373e-03 4.301418564415065461e-03 3.077911473651643529e-03 2.074466993947354180e-03 1.621865187828681540e-03 1.417778171263814292e-03
9.562262249049139360e-04 9.649272496633507293e-04 1.073594200627612377e-03 1.220236736166182027e-03 1.760071323218001180e-03 2.528162298137220671e-03 4.294362205958170142e-03 5.259229273169269137e-03 7.634857395302616263e-03 6.814329397174263142e-03 6.574685404908231327e-03 4.981622287313706467e-03 3.390576951537877318e-03 2.398860052408024589e-03 1.781026939717592159e-03 1.697845015341719992e-03 1.451433878013095842e-03
7.668164297962748758e-04 8.946347617121916396e-04 9.147485853332901424e-04 1.002169332042477301e-03 1.459433955225410487e-03 2.221875761761338795e-03 4.633822474035322395e-03 6.059697642006360574e-03 1.033272560032204475e-02 7.751797013306301748e-03 7.243638910294900382e-03 4.676767215173496285e-03 2.775444753072032426e-03 1.976314476284925410e-03 1.530514820470990373e-03 1.373179391041102473e-03 1.137756281937233943e-03
8.191005660433648642e-04 9.439329011758290297e-04 8.888686723009513613e-04 9.738662140273519289e-04 1.176164196710207744e-03 2.282960695147888582e-03 5.339318283891841474e-03 7.664813099133188992e-03 1.376503366630693614e-02 9.521013003230643229e-03 7.858335296502580447e-03 4.455301051160087504e-03 2.490309496698539515e-03 1.804700953748989518e-03 1.329959813994220034e-03 1.276136570665503548e-03 1.122708421381889707e-03
1.436306931715133472e-03 1.577929030239572615e-03 1.309269987631753781e-03 1.442345593490940246e-03 1.698950174388496118e-03 3.172252777332450115e-03 8.200014739884247880e-03 1.205438216954832220e-02 0.000000000000000000e+00 1.424197484974442859e-02 1.046633341718481922e-02 4.591626220792822087e-03 2.579780978260350164e-03 2.093392494064717432e-03 1.458122793098383038e-03 1.604857203284151563e-03 1.494768264419560951e-03
1.345873756160331867e-03 1.413745648237224421e-03 1.259860314225707536e-03 1.315608817033942467e-03 1.742818402480481380e-03 3.391657130194736681e-03 8.230940869319249356e-03 1.089611300703054696e-02 1.631942221132667847e-02 1.008125892216928630e-02 6.559855340004046471e-03 3.458685607515584685e-03 1.987344616133349898e-03 1.519215441583194682e-03 1.129749845549681041e-03 1.095985171296090001e-03 1.024852348317253654e-03
2.648861308509820739e-03 1.830434750244597708e-03 1.650701252465269905e-03 1.829136354542092602e-03 3.009634514859234854e-03 5.853420279082616196e-03 1.060750143420942891e-02 1.121844813803159549e-02 1.262070987709581864e-02 7.343782944357773491e-03 4.610394354349798066e-03 2.618222276093270118e-03 1.876489135469897734e-03 1.360674738244910384e-03 1.066213290000343934e-03 1.103428855555375291e-03 9.795256632646896690e-04
3.763437208055675672e-03 2.750944686582164778e-03 2.063322022804104337e-03 2.989925003860455840e-03 5.415237586033347546e-03 8.267134469188759660e-03 1.063116358821213081e-02 9.782650989903400943e-03 9.080220062108129361e-03 5.468380879228530375e-03 3.916556873255330751e-03 2.557420866275705168e-03 1.948198501178930548e-03 1.466570477214125794e-03 1.254547348841877430e-03 1.127465074162397598e-03 1.003335773678808683e-03
3.980603752030590671e-03 4.132985405935457601e-03 3.896046539839167523e-03 5.223741732903583804e-03 8.039189069133095486e-03 9.351189863567607383e-03 9.411424363942646684e-03 6.679159530104678520e-03 5.016578913084190558e-03 3.196585463618841719e-03 3.338182770994500750e-03 2.457981453145853881e-03 2.219901867539409920e-03 1.576272049942798468e-03 1.326988353060630076e-03 1.206253059807382367e-03 9.349114437403664669e-04
5.462218887026848262e-03 4.983903216994768973e-03 6.798341461370981630e-03 7.752157033671980106e-03 8.778452450342829824e-03 8.329162621831054727e-03 6.920808702120659003e-03 4.548728149764295729e-03 3.700560955074299902e-03 2.547719237060237698e-03 2.597686893757763637e-03 2.016170347525908946e-03 2.066715266835268943e-03 1.757510983326879663e-03 1.534624227108567470e-03 1.354105954591644208e-03 1.174251136856188128e-03
6.850557285275674785e-03 7.274029532356566380e-03 7.886204822163168232e-03 9.038752043953280843e-03 7.974033622755812359e-03 5.901523450964379219e-03 4.299505441849568559e-03 2.988733435901719596e-03 3.101216677743981118e-03 2.288065911426388505e-03 1.991587535740955463e-03 1.585927598315068276e-03 1.751576262465921741e-03 1.594674039441486887e-03 1.408684036757126964e-03 1.314371238124730380e-03 1.265180274030910023e-03
7.992380283430045376e-03 8.784721617375944314e-03 8.858086554115941758e-03 7.810789856678648432e-03 6.995639833372037722e-03 4.747061133776326290e-03 3.460517683089311437e-03 2.407246306408441627e-03 2.325815479775589657e-03 1.978495629531850080e-03 1.703692968712435928e-03 1.445175713556043177e-03 1.468593606464354455e-03 1.285816915752110816e-03 1.165764168155398149e-03 1.164226615435255685e-03 1.072964152910892968e-03
8.793083556358877520e-03 9.181353672497404722e-03 8.770717330396563330e-03 7.366054555740311760e-03 5.486036500211994779e-03 4.964154428908637041e-03 3.924638985618947827e-03 2.230479439011089689e-03 2.066889103894663845e-03 1.763680941099096981e-03 1.613687665703160933e-03 1.211846431277048726e-03 1.217497449679474757e-03 1.042652303888017213e-03 1.076711130993809277e-03 1.173362630668230372e-03 1.174948945106594643e-03
