1.797976220139705684e-03 1.960103078834307070e-03 1.168836921163692770e-03 9.662014460348411970e-04 1.655770692131977150e-03 1.435524726032927226e-03 8.148172962896638259e-04 9.890907535224865727e-04 1.410493461128060292e-03 1.303987146073337829e-03 8.120386580920411004e-04 1.415488131221432928e-03 1.949085035834485476e-03 1.285014656899156503e-03 1.153341741568835420e-03 2.101368554600524519e-03 2.061911954208375114e-03
2.057715689136929704e-03 2.156245205150434611e-03 1.406754694698272509e-03 1.276710750825115533e-03 1.968027905533182090e-03 1.718361217547446050e-03 9.260710861207421471e-04 1.119377029387008411e-03 1.741799421132837625e-03 1.535797751880131710e-03 8.364711365584678567e-04 1.693909212835805790e-03 2.635745836508245152e-03 1.521478696669479203e-03 1.315669740455682442e-03 2.550122855673178732e-03 2.406621916258724122e-03
2.175340856206971641e-03 2.284601788772777382e-03 1.505524575986844646e-03 1.566226880620947247e-03 2.339178091439066305e-03 2.123355345828670335e-03 1.060390578857085559e-03 1.435150705955848304e-03 2.574307580405307220e-03 1.870598169131881469e-03 1.055689652945718607e-03 2.104343969157892666e-03 2.894356746430259454e-03 1.573497097092251646e-03 1.631720210588422483e-03 2.812472173617825300e-03 2.351520134100414106e-03
2.140378122953620014e-03 2.580534165363416316e-03 1.599770224273557549e-03 1.804281524120737289e-03 3.084704684072998946e-03 2.633544193151866712e-03 1.062536308543988745e-03 1.741212977998872220e-03 3.793909157781906287e-03 2.200972851821988204e-03 1.123785493063865536e-03 2.557735079510841704e-03 3.444110593985566255e-03 1.815334201268346435e-03 1.872755949966100611e-03 2.948233081403464455e-03 2.394776129946997976e-03
2.180499060134737273e-03 2.819939023656102290e-03 1.781376741745075614e-03 1.994275247671644692e-03 3.796579134524544295e-03 3.556485902768038131e-03 1.472872197420111795e-03 2.318674530179721041e-03 5.407763506336529455e-03 3.194553005284725498e-03 1.384495294242850697e-03 3.730171368505193815e-03 4.773518589981584452e-03 2.172737804863766019e-03 2.133670485720121513e-03 3.237717262000987944e-03 2.549026425808449941e-03
2.091052073365239159e-03 2.633036302789673599e-03 1.817610636285086137e-03 2.192730342110542092e-03 4.418547114910932432e-03 4.462196945185669186e-03 1.901097474127504214e-03 3.148420564024141059e-03 7.643902267693954838e-03 4.070591125716531075e-03 1.767857854983258302e-03 4.373664059965044412e-03 5.535470275586967977e-03 2.352157834366079819e-03 2.052882425014366380e-03 3.019148270466498734e-03 2.215281182056280575e-03
2.048924142851013281e-03 2.602101963073779473e-03 1.953790221052398128e-03 2.393733718741458162e-03 5.120898039476544893e-03 5.110926265981440009e-03 2.201579030199926276e-03 4.531027484009153908e-03 1.025933921842065756e-02 4.756334032318623554e-03 2.225036201661442000e-03 5.453154066209327071e-03 6.297194266649134946e-03 2.331067824486478257e-03 2.093750737764662855e-03 2.978135601405142510e-03 1.877724958198431077e-03
1.970811183427377718e-03 2.368926761884508538e-03 1.919898927973322060e-03 2.469384320477038819e-03 5.991350057563769177e-03 6.399033987250633826e-03 2.849631320209878183e-03 6.295778048605238895e-03 1.496088889445227298e-02 6.588222249606439165e-03 2.349581938470967062e-03 6.440216237823607505e-03 6.986704537066101492e-03 2.289671831691579822e-03 1.787664298173441456e-03 2.613225163387757153e-03 1.645749795681583291e-03
2.845695786826370633e-03 3.689609496962073867e-03 2.830276238282803704e-03 3.902270088663191590e-03 1.219674170357615967e-02 1.330225777604610200e-02 5.135837152883316985e-03 1.266067509347462532e-02 0.000000000000000000e+00 1.156872277069038481e-02 3.797930537620297382e-03 1.111946458897635978e-02 1.046026221455853208e-02 2.648017457087519649e-03 1.903173259254915036e-03 2.590307091048700723e-03 1.405897818317801461e-03
3.224256854381694296e-03 3.932646526519395502e-03 3.057405180454928796e-03 3.650938472158601119e-03 8.371422012060527815e-03 8.609526947971990127e-03 3.739075382621416879e-03 7.420769159809523924e-03 1.509507674249262535e-02 5.699461524003503199e-03 2.173847917999784281e-03 5.502692647582505849e-03 5.135089740603122899e-03 1.612096993882283910e-03 1.410570610287807582e-03 1.839162333517009671e-03 1.101963307255059794e-03
4.870260555657921972e-03 5.016429823225808035e-03 3.798291489714390647e-03 4.149317384800363037e-03 8.667323319539265922e-03 8.049464990268843587e-03 3.945539642626969511e-03 6.157551960619325228e-03 1.066469466754073683e-02 4.101750385509331416e-03 1.891728166130390550e-03 4.733397813313171450e-03 4.177688278647644603e-03 1.629479502244269044e-03 1.346513730691123413e-03 1.878345849916630145e-03 1.313530938922811931e-03
6.205242917268835243e-03 6.111675252952346142e-03 4.388744778851454663e-03 4.702813080925224119e-03 7.678419298113066047e-03 6.663173282511538134e-03 2.985407043333848480e-03 4.220822882085909465e-03 7.032061587921775540e-03 3.041561440430266394e-03 1.569458848594442900e-03 3.561509039022322295e-03 3.284858099306250164e-03 1.374778108851760399e-03 1.245411190535664157e-03 1.894637737892251655e-03 1.303296433987910941e-03
6.271202515847497556e-03 7.311282718051169416e-03 5.199720747306508899e-03 4.748392843275958328e-03 7.107516460028120119e-03 5.939276672816930051e-03 2.709432783343796846e-03 3.218130835457062074e-03 5.176211779482559235e-03 2.128387350345725768e-03 1.301425060221465119e-03 3.071295625075790101e-03 2.909712036654956910e-03 1.386831531202130504e-03 1.272124092179866732e-03 1.949489299397820551e-03 1.544628264188288797e-03
7.878410253027065199e-03 7.097347298710396206e-03 5.993082321560238776e-03 5.424247546825763586e-03 6.475614289233114218e-03 5.057383806661190466e-03 1.894269390452687834e-03 2.600310084037334157e-03 4.294653622730473796e-03 1.845544600801350471e-03 1.036678847760998416e-03 2.545447891872458426e-03 2.514005557833078053e-03 1.250915173227692837e-03 1.140978227365301023e-03 1.882097608447265988e-03 1.587555250996208235e-03
8.453606549923988953e-03 7.881394376453668485e-03 5.391450298648996914e-03 5.972755835720419682e-03 6.204530761567838074e-03 4.573609636185353711e-03 2.277920835031100374e-03 2.091206678496206669e-03 2.866532245716676367e-03 1.634360453210189929e-03 9.827363530415370897e-04 1.963255968645978219e-03 2.045800436128022114e-03 1.248198377729560580e-03 1.123562979334232241e-03 1.698839563960662189e-03 1.497010958755912559e-03
8.187859020420558062e-03 8.778725438018343194e-03 6.146130540415913057e-03 4.943362370235473979e-03 6.564140378850829606e-03 4.821629757154070363e-03 2.631340317529227545e-03 2.426860399569313702e-03 2.326563799621790898e-03 1.411284387651697263e-03 8.076428891629306925e-04 1.649330565837316522e-03 1.821465848199044398e-03 1.153880107394685299e-03 1.163796791362346674e-03 1.725950047895715572e-03 1.555124698166029289e-03
8.255843092697728522e-03 8.495873088984881236e-03 7.034182886615099849e-03 5.858098352532703501e-03 5.967448382756744031e-03 5.637800245592107518e-03 3.562793636574725954e-03 3.303489837181017817e-03 3.192082259625859605e-03 1.544132126505776050e-03 9.716714314214664914e-04 1.736237464245148467e-03 1.829975697079477869e-03 1.138175304047157194e-03 1.328114183722381306e-03 1.758154628343582947e-03 1.645904807544692691e-03
