1.174356417650362526e-03 1.085883094906622869e-03 9.370347653598425607e-04 9.414253160102018046e-04 7.019560556284853243e-04 8.918682716154297798e-04 8.468824744932861069e-04 8.751260443071349430e-04 1.097898250663912082e-03 7.514068297374521758e-04 9.756825782236316956e-04 1.014397046286961241e-03 1.188781637402629892e-03 1.424154566299791307e-03 1.979993283793482408e-03 2.406050232327517323e-03 2.680182532900737564e-03
1.215203300351185749e-03 1.260017886182733960e-03 1.223482731405104579e-03 1.028896233993907431e-03 8.277208554897024038e-04 1.079792138902459621e-03 1.013435090501168439e-03 1.090172000822919787e-03 1.317274608583705788e-03 9.442815561765764134e-04 1.018539299699363580e-03 1.071556832773026087e-03 1.500722236760289666e-03 2.015802791442982030e-03 2.822857990726473313e-03 3.191613344105032925e-03 3.119960220668252515e-03
1.292019149918652516e-03 1.442593779308465026e-03 1.526564502214429984e-03 1.326130380389928557e-03 9.948423107844720642e-04 1.138169083243760699e-03 1.039173847571662817e-03 1.136878020199875213e-03 1.355600912140358244e-03 1.061204290246710617e-03 1.169437645122926167e-03 1.478559151624119243e-03 2.035812291503923989e-03 2.957615661049582505e-03 3.867774557426943618e-03 3.750080389163865449e-03 3.119969365119660849e-03
1.167508420895682717e-03 1.435322676966189646e-03 1.694473021800247531e-03 1.679789319714822217e-03 1.473499639835341253e-03 1.478961324095428870e-03 1.202985257175251095e-03 1.268444859024749419e-03 1.657571927525338046e-03 1.330022830664219632e-03 1.453693150433001385e-03 2.255885453620998845e-03 3.200042102550271390e-03 4.202554577481578887e-03 4.476602407665774067e-03 3.722612731779201614e-03 2.658494041139617715e-03
1.231755799438765580e-03 1.428417189992841089e-03 1.884543079966504581e-03 2.198999734469230319e-03 2.096805218925632160e-03 1.828824912162778414e-03 1.478603469082594808e-03 1.495938265906173424e-03 1.959226800842006101e-03 1.720848412542738334e-03 2.177557166176917816e-03 3.597112620420837934e-03 4.829125256861661365e-03 4.932727723252693444e-03 4.376797306597511247e-03 3.183118935465457672e-03 2.256900583076044964e-03
1.182759787443997835e-03 1.279186520176083496e-03 1.660232795853652495e-03 2.201865188936751993e-03 2.281290394046021561e-03 2.405756479546481731e-03 2.265082428186110559e-03 3.018345311475305586e-03 3.926847704578633087e-03 3.533385134099129802e-03 4.240532466013254877e-03 5.423708233824577930e-03 5.857936589424516359e-03 5.069351796746666625e-03 3.628285411001979602e-03 2.519748703055546112e-03 1.843006671688752476e-03
1.343159276241762123e-03 1.349966257258538877e-03 1.664588315726828194e-03 2.440529658864151481e-03 3.064018296721501920e-03 3.731201662842523886e-03 4.460057736942386365e-03 6.625349522186319354e-03 9.720237446401649647e-03 7.493195499359084702e-03 7.743169499092020583e-03 7.381075177183905531e-03 6.275747841823714826e-03 4.738387980555441685e-03 2.997195605153284929e-03 2.230956956985655302e-03 1.891517136319176111e-03
1.306854036797112321e-03 1.454192520503121058e-03 1.783544557085544116e-03 2.484396248113568146e-03 3.221508935275561522e-03 5.916591375398867064e-03 7.330353239105045181e-03 9.823916816122268969e-03 1.374724758224850525e-02 9.712476045472340572e-03 8.513294689187107800e-03 7.447010070054070618e-03 5.117730182202176112e-03 3.525249600644389959e-03 2.520952608344572982e-03 1.812374610947427257e-03 1.527189302734562222e-03
1.725672572091367478e-03 1.847621436357038422e-03 2.370376947130002025e-03 3.175490439239807717e-03 4.615183738509229597e-03 9.410666291375234527e-03 1.259320951941949977e-02 1.522780055475458742e-02 0.000000000000000000e+00 1.387092319103923506e-02 1.058478944374439783e-02 7.926922044037554294e-03 4.499954718242631622e-03 3.105974133794178055e-03 2.547181248219556812e-03 1.858846849756102659e-03 1.620159042322101041e-03
2.110439674767152721e-03 2.220073935687878232e-03 2.859889186419893852e-03 4.756526599136761541e-03 6.530041575698051180e-03 9.763915042560425417e-03 1.038278894338058936e-02 1.015311763705625467e-02 1.337790270372011744e-02 8.289177340852443496e-03 6.439735810597406289e-03 5.346100361205733190e-03 3.290643852229778281e-03 2.387106586820733883e-03 1.846105285614273129e-03 1.553075983782723803e-03 1.421662970866472905e-03
3.379737925599717811e-03 3.139522636262555722e-03 4.073688534285123744e-03 7.149486489277628865e-03 9.389000366528557281e-03 1.026207796934803032e-02 9.940836164556959842e-03 7.920628176052187455e-03 9.225093317702022858e-03 5.822179147761515072e-03 4.928821672350048796e-03 4.523454415549325522e-03 3.847070956218095767e-03 3.071146532947766072e-03 1.974551843562642652e-03 1.499517467845806707e-03 1.551121520585466585e-03
4.600766621131156114e-03 4.849085505405246674e-03 5.766630947404976539e-03 7.996634886336643697e-03 8.701112980861661420e-03 7.460319111442297209e-03 6.141449129315922767e-03 4.476572621206820202e-03 3.909603128561636373e-03 3.008823349097376754e-03 2.825191859270452001e-03 2.960116650207301678e-03 2.935736851675147929e-03 2.678388117596270258e-03 1.805253957601715307e-03 1.339886480366535597e-03 1.211305064928485742e-03
5.543300741839061671e-03 7.292722570984644728e-03 7.822947766331510636e-03 8.379724104145268651e-03 7.782770498252820565e-03 5.045838907511807428e-03 3.715090266072041455e-03 2.373542111611053485e-03 1.949541505015660748e-03 1.533125782172999529e-03 1.566229990099583412e-03 1.926731031551193402e-03 2.499685795354671201e-03 2.639903694648287544e-03 2.122322505555706076e-03 1.574112244412829943e-03 1.285734738870072296e-03
7.129200222265650796e-03 7.659360198441680229e-03 8.259908358138371223e-03 7.387342274854553914e-03 5.663583635644951417e-03 3.546968199054131420e-03 2.573972761510710285e-03 2.039220627040216199e-03 1.708343978683068802e-03 1.178818392796983621e-03 1.093702014661545197e-03 1.273672265077592687e-03 1.793331876878864013e-03 1.978938239088326792e-03 1.891217129352136582e-03 1.572521878442713870e-03 1.263999734248905408e-03
8.491535611039617917e-03 8.450472532440109902e-03 7.376153923196173030e-03 6.379281555707361738e-03 4.269436815082014620e-03 2.605806279240785450e-03 1.755465654044557986e-03 1.448600678051117398e-03 1.234002289080302983e-03 7.855317792651891722e-04 8.846745619260354410e-04 9.173354989016029980e-04 1.201009138762356484e-03 1.434658284158200122e-03 1.591018036004844104e-03 1.518598542698374647e-03 1.398232839488998186e-03
8.710632368530849337e-03 8.310023441605257286e-03 7.167712033553332550e-03 5.437768624978473429e-03 4.631107819050640437e-03 2.954416569055416143e-03 1.591712300927260659e-03 1.378702553552457223e-03 1.376921908762146615e-03 8.096434600861913402e-04 8.374284425141772983e-04 9.300598890631266201e-04 1.097861614621754639e-03 1.163830141415417383e-03 1.422066482075419989e-03 1.490955929481171689e-03 1.472197773726302604e-03
8.166608596739909770e-03 7.547347357592507945e-03 6.894098454902393078e-03 5.538144121853979217e-03 4.034397202584123418e-03 3.507518399820973472e-03 2.188019461687911674e-03 1.335649518726259380e-03 1.294889482536770763e-03 7.948500591763210102e-04 8.439030975599412596e-04 8.489444788060675163e-04 8.868343178661934091e-04 1.019893903151264077e-03 1.296088939991680558e-03 1.451345127613394397e-03 1.510140030660735329e-03
