0.000000000000000000e+00 1.626482100802092989e-02 1.073665836835869733e-02 4.801702116908500816e-03 1.379387547299905847e-03 1.081139140962309808e-03 9.748993021701903364e-04 9.726524997355967192e-04 9.417171444831074541e-04 1.003594586033322794e-03 9.810812226783761393e-04 9.327167361912285220e-04 9.055938736808776457e-04 1.309908652290799752e-03 4.605590616320950556e-03 1.049344666452908630e-02 1.632982460073717501e-02
1.632410343194598545e-02 1.134546370772697259e-02 6.470816533613703465e-03 3.441360053658456229e-03 1.311540129747760207e-03 9.581919264041489784e-04 8.307405126180356439e-04 7.884370526580669397e-04 7.879343627537559701e-04 1.149921261785313625e-03 1.103124331092310284e-03 1.179955544992162403e-03 1.962921260845067618e-03 3.767246725669111743e-03 8.084387678856054874e-03 1.310961300354407735e-02 1.540142080070864249e-02
1.113748473015533161e-02 6.525442040616293536e-03 3.753809992865204861e-03 2.407761500354871267e-03 1.647315176531356480e-03 1.059459960101213818e-03 7.787834479272447890e-04 7.711146508542259187e-04 7.191886366479274643e-04 2.709151515700691272e-03 1.566298994635804964e-03 1.923903865383220840e-03 3.819327233604636468e-03 7.238898441845833913e-03 1.152291972966351490e-02 1.522881692495268134e-02 1.357035704790735160e-02
5.259961746804218789e-03 3.562924309932072927e-03 2.447190434512048866e-03 2.138434994563726769e-03 1.775299846669018029e-03 1.211607555519926896e-03 8.489082653658598177e-04 7.003739746607729995e-04 6.181875595738934833e-04 4.327430426270915433e-03 3.511312873648263048e-03 3.735471874759175442e-03 6.250722542158675815e-03 9.516969817630491213e-03 1.154057962237157314e-02 1.175738060166458057e-02 8.697417000273644644e-03
1.413104805776277612e-03 1.329623788967083768e-03 1.678881311754256648e-03 1.752414983000205638e-03 1.816914352603068257e-03 1.380223332312724297e-03 9.733596875927979413e-04 7.721752793317542864e-04 6.267729792499787895e-04 4.396918655021312024e-03 5.888596957005359789e-03 6.779711912163741139e-03 8.677240559890516888e-03 1.067022496389913311e-02 9.905230498059925878e-03 7.574900668043713960e-03 3.998080837301179122e-03
1.045986076255854547e-03 1.007671674459610688e-03 1.105956340645785187e-03 1.216575555507160358e-03 1.404838209426217304e-03 1.257656917659631668e-03 1.046925954431561327e-03 8.250914631253538408e-04 6.358554219952002344e-04 6.262604754215536987e-03 6.461818684117878048e-03 8.848679338615937293e-03 9.177556174430468242e-03 8.644962150078597946e-03 6.676937174677831204e-03 4.251705506465855086e-03 2.321478334855710084e-03
9.291201444724337668e-04 8.367319417046274266e-04 7.520435481100034387e-04 7.875128327862226637e-04 9.661779126299681547e-04 9.787974406421787784e-04 1.009328189251202041e-03 8.760161784301931159e-04 7.346569332483318931e-04 7.768543136873041696e-03 8.205969949359280882e-03 8.178853746243230222e-03 8.609813356030294670e-03 6.523126036473593861e-03 3.648881355853746730e-03 1.879353432695828226e-03 1.254018334044049989e-03
9.142785486672242064e-04 7.697453914250572534e-04 6.941064508529106673e-04 6.057785619393357343e-04 6.649891618808249872e-04 7.513757885788941143e-04 8.301393203264500727e-04 8.564451896689044465e-04 7.529055459052595841e-04 8.348831614107449922e-03 8.771640153989516270e-03 8.168730607338480637e-03 6.382146832730566793e-03 5.754082030278019448e-03 3.307555979055481869e-03 1.388902208809314259e-03 1.001062984657805424e-03
9.244921302624574616e-04 8.093678167142996692e-04 7.097296786227671192e-04 6.155695168824119271e-04 5.180952971433593892e-04 5.282558964142993873e-04 6.262188724204940287e-04 7.257358269336837767e-04 7.891823007187116854e-04 8.490921374803839239e-03 8.164547493215027277e-03 7.707935112695353877e-03 6.155722957230722395e-03 4.275227767247646860e-03 4.190607396851523704e-03 2.549316778188218113e-03 1.079618386174497182e-03
8.904234893617993425e-04 9.213142260882187934e-04 1.041612390650844058e-03 1.183246503897604192e-03 1.433697451776105077e-03 1.891363952577541875e-03 2.395414685165183494e-03 2.513374853848704057e-03 2.393218770000730619e-03 8.321292378143487541e-04 7.317604019568496685e-04 6.366850388121844846e-04 5.345901110734483340e-04 5.128641978562236206e-04 5.421805940864473164e-04 6.420073368752638983e-04 7.144802523808795177e-04
9.320351377396954122e-04 9.963881043811378090e-04 1.211978779279292411e-03 1.680463800288522179e-03 2.355496395241696468e-03 3.024262579175105662e-03 3.337937927419182705e-03 3.012183661596382154e-03 2.417761006018830875e-03 7.361287832550500758e-04 7.797414895649431915e-04 7.968128025025908966e-04 7.141474491639612787e-04 6.636430314494566477e-04 5.796049073949548040e-04 6.616671718492470782e-04 6.949857333251834154e-04
9.725567319293458709e-04 1.169184590960969808e-03 1.708416507554108696e-03 2.662276362960070732e-03 3.825080410014340421e-03 4.368035236101451904e-03 4.142945726103525704e-03 3.231402074926041472e-03 2.224991140861606181e-03 6.777141513554465644e-04 7.787457521414663632e-04 9.789253387338936463e-04 9.835442106548286916e-04 9.045460933204116155e-04 6.666866204735268260e-04 6.798871554889779258e-04 6.867204161466244688e-04
1.009024037342416778e-03 1.980478309356792713e-03 3.423906865218592083e-03 4.850595639101311883e-03 5.903341514952651151e-03 5.441226778933844037e-03 4.224361117562496458e-03 2.864149413569944645e-03 1.842810039642463638e-03 5.311276930104519203e-04 7.028812516863361956e-04 1.003071371220656122e-03 1.225907902101269807e-03 1.325335031638309345e-03 1.040702783040826310e-03 8.915076891132898019e-04 7.812800167188208543e-04
1.452529053646621363e-03 3.581189388644732095e-03 6.384865077946498199e-03 7.674194217374486100e-03 7.755499341801250397e-03 5.862765426424319283e-03 3.688951174979005453e-03 2.289157246583647595e-03 1.448007105671654656e-03 4.971175398407689204e-04 6.200198469226363791e-04 9.183836153949304819e-04 1.392394654085015240e-03 1.767687868937442824e-03 1.652439824123417850e-03 1.487770200281713327e-03 1.147183662841327586e-03
4.686123198609892793e-03 7.613329662010072905e-03 1.025732329988730818e-02 9.638463024134090451e-03 7.632906083137584556e-03 4.877535473529342157e-03 2.648652592377425796e-03 1.652701048389733536e-03 1.244231509402869435e-03 4.977004321315857318e-04 5.568515551001023030e-04 7.139215765508481444e-04 1.158236791058699002e-03 1.731293861690457337e-03 2.088829868278228342e-03 2.360308575852797502e-03 3.182201030564373902e-03
1.030563094110006732e-02 1.263191612663986524e-02 1.410539865173004309e-02 1.027585411442640331e-02 6.258405558344069634e-03 3.380652448154314489e-03 1.659174378289883381e-03 1.281653279893040604e-03 1.119840345824577726e-03 6.907219215522840709e-04 6.482864102106581728e-04 7.103016373533863103e-04 9.932364346517462243e-04 1.580274653533246185e-03 2.392379191989351533e-03 3.637351078689289932e-03 5.992516769121709712e-03
1.613827423511697556e-02 1.509766406506428578e-02 1.295612062995343122e-02 7.929812708747345160e-03 3.612534937101299481e-03 2.042070390908770194e-03 1.295111427729533915e-03 1.092784007126465290e-03 1.019296774981655286e-03 7.259988261445532096e-04 7.225836083405454222e-04 7.348058511294906130e-04 7.975480283628756618e-04 1.187332352276898118e-03 3.201345801612321632e-03 6.078006618833962753e-03 1.083438225939230455e-02
