1.092807551132444262e-03 1.151968167003006001e-03 1.000760518837827146e-03 7.807989965518598871e-04 1.348725600023142771e-03 1.485684498250658967e-03 6.577007630810683802e-04 1.158389589671093107e-03 2.037798994266841555e-03 1.075840704500720998e-03 6.444965916439752843e-04 1.570932576210409175e-03 1.669479723588074196e-03 1.034394787227464751e-03 1.018240693954613075e-03 1.461850143057805834e-03 1.424377967442394316e-03
1.348171476597871850e-03 1.423701946171785759e-03 8.884277511148162962e-04 9.211281997313288143e-04 1.791302580981356382e-03 1.921763981618835855e-03 8.245852126195911706e-04 1.454043611589772881e-03 2.691944300494702406e-03 1.379041657430240143e-03 9.045252290529342707e-04 1.743215154424803022e-03 1.903923237168738281e-03 1.193837954824415173e-03 1.253292934331024259e-03 1.793043841527422423e-03 1.817885038530816112e-03
1.666505062056612002e-03 1.505496707537337577e-03 8.334976148793062090e-04 8.996492564142889769e-04 1.302903474284828212e-03 1.357242754121465618e-03 6.316038595421873212e-04 9.266084745673857032e-04 1.711502875361095403e-03 9.605676366457032312e-04 4.926590368481522427e-04 1.257944264314755185e-03 1.517556028560126035e-03 1.287520631506970745e-03 1.140342652825777296e-03 1.743342276824019158e-03 2.017065700027786783e-03
2.044860961560262310e-03 1.982440660492989972e-03 1.258564383442612724e-03 1.270344900816093234e-03 1.780180459655240216e-03 1.537587956667186423e-03 6.264804375642640160e-04 1.002795759918761066e-03 2.322467153094477134e-03 1.359551010649907247e-03 5.951845633093739854e-04 1.787454371174403882e-03 2.629772622340447244e-03 1.672542773717643075e-03 1.510292465960000070e-03 2.513759734959149922e-03 2.700166084933911404e-03
3.531624631959000889e-03 3.465693025005931512e-03 1.978182119485335025e-03 2.267736772041179915e-03 3.205151991981099961e-03 1.793090883771611020e-03 7.768642435652728167e-04 1.232407830631643362e-03 1.786371918285836616e-03 1.243143441852840930e-03 5.391457811466770621e-04 1.715151091531053832e-03 3.404913103404677479e-03 2.386961217521004191e-03 1.863112237566519726e-03 3.524252049740354484e-03 3.916820630105521256e-03
3.228966461325889596e-03 3.621089579639744267e-03 2.440995405204040517e-03 2.698063810079879155e-03 4.175187370259381657e-03 3.084486120741352679e-03 1.044721365628281749e-03 1.988682951581390371e-03 3.614551472011825594e-03 1.912224199478302061e-03 7.999918555153185317e-04 2.440936394629711174e-03 4.081053371042800935e-03 2.280805590420202211e-03 1.951928821940663878e-03 3.357407042349392842e-03 3.394548935639796379e-03
4.551142649345186336e-03 5.972582760595391074e-03 4.017042521124489229e-03 4.669548520645589937e-03 9.465416497829627282e-03 7.843198430547329569e-03 2.520480048502308796e-03 5.663000316242804144e-03 1.357754199673994258e-02 6.005399696218501060e-03 2.389979932741475611e-03 7.722002586693133691e-03 1.038184008361279359e-02 3.986511595729242720e-03 3.156727678795122338e-03 6.003971114576886481e-03 4.387973896543414035e-03
3.537891851988625522e-03 4.164506710970917666e-03 4.137916717872325116e-03 3.997196589437302522e-03 6.569131392736296364e-03 6.765195298835260246e-03 2.453951243487457416e-03 4.703292950487295183e-03 1.049593542859928764e-02 4.145904462013807155e-03 1.481584263908003940e-03 4.738022263152290477e-03 4.892672212695814773e-03 2.241212585452813204e-03 2.043365650634751049e-03 3.246139020055728661e-03 2.787572115734755426e-03
4.946819601101392488e-03 6.199935099891173626e-03 5.646266246423140185e-03 6.256229098099632888e-03 1.611732412264658618e-02 1.779496907977147491e-02 5.476501964962899455e-03 1.277729037485431443e-02 0.000000000000000000e+00 1.157897592817495012e-02 4.265054914599847140e-03 1.517485212452192658e-02 1.310311200904725783e-02 3.474150670256265488e-03 3.251035724565834624e-03 4.465450827384595880e-03 2.921873585406134337e-03
4.990560946938783250e-03 5.269414114561299725e-03 4.782116528256065077e-03 4.791267148458499929e-03 6.980869201366037349e-03 6.603547213689515277e-03 2.588574507325446146e-03 4.394785975648313019e-03 9.335965299536543027e-03 3.095323552992532059e-03 1.518626319056917305e-03 4.632434231683989212e-03 3.772544418458453289e-03 1.886656895703093953e-03 2.015065161704668664e-03 2.624982542271184650e-03 2.043132071965054596e-03
8.904578509025803945e-03 9.967044798632598845e-03 6.555222748424686247e-03 7.233672967059486328e-03 1.334914466718142151e-02 9.957768302651468645e-03 3.435758001031141446e-03 5.996461618056986471e-03 1.313727257814535296e-02 4.613043173581034793e-03 1.955434104414730152e-03 6.586527242986752254e-03 7.829816938851433955e-03 3.250454014940471013e-03 2.784866066050311478e-03 4.875017310336129776e-03 3.616510040620131688e-03
8.044948382526501476e-03 7.039020348474272874e-03 4.713960324080923234e-03 4.410356761097703783e-03 5.642096984451529067e-03 3.470532649581820756e-03 1.687106504007917715e-03 2.220987193814779985e-03 3.195536785407492638e-03 1.169512494385247740e-03 6.998711164257308400e-04 2.102406371312333985e-03 2.621989337380705755e-03 1.610657565816805883e-03 1.424231262553911316e-03 2.430044373145089608e-03 2.272357717818053718e-03
8.956403922381145355e-03 9.045705219674897435e-03 5.036857736184975447e-03 4.443781679060559466e-03 5.622054905143902132e-03 2.688237236596383549e-03 9.823723164457953683e-04 1.768027625115175475e-03 2.067417529761049911e-03 9.523433624569475116e-04 4.905679097204144719e-04 1.474635529441578651e-03 2.474980981543348224e-03 1.556874968998514215e-03 1.316055144539003815e-03 3.013865486412150262e-03 3.024067682312829575e-03
8.209445810444302924e-03 6.944525936208263694e-03 5.371729753080136879e-03 4.253531313970287768e-03 4.794449014812532384e-03 2.886605224451963513e-03 1.143745962222938528e-03 1.824784878233568419e-03 2.683769085026275428e-03 8.575612170497666801e-04 5.597466110006524883e-04 1.539937419016078682e-03 1.472314063895912824e-03 8.715589337180378168e-04 9.432514237834898393e-04 1.774994243715404419e-03 1.917282036043368564e-03
8.880381628491243115e-03 7.749514497840509150e-03 4.967689445297921759e-03 5.315601221396557864e-03 5.060243594298118389e-03 3.344128454235951835e-03 1.524033834937793758e-03 1.513700568726751442e-03 1.720036145189576815e-03 6.750190601014226547e-04 3.913249682923512708e-04 1.015745454918582811e-03 9.827580139944104738e-04 6.353522094560653914e-04 6.047289802741699031e-04 1.333642282590792247e-03 1.358168730456862624e-03
8.781075028813733682e-03 8.967990930681984940e-03 6.763030825212905557e-03 5.455446595559971211e-03 6.830357213061775262e-03 4.775359866279551418e-03 2.407207850580926622e-03 2.616600725737537082e-03 2.827700610282936431e-03 9.480589285219042164e-04 6.073557956247444337e-04 1.795328428590705792e-03 1.426253801747825187e-03 6.201128585041803176e-04 8.052545191467535115e-04 1.358125025284873328e-03 1.195788438166121154e-03
8.927057442724928293e-03 8.982297893270849848e-03 7.690557122512680331e-03 6.818244390857038789e-03 6.406881332059121206e-03 6.076638817073092003e-03 3.443192091405025777e-03 3.323794857696247065e-03 3.553949831646140232e-03 9.638463840865100747e-04 5.163462565556548598e-04 1.529395496934134917e-03 1.231140716610017128e-03 6.938044833032164715e-04 7.131985972631311619e-04 1.169157321910909266e-03 9.873301308795437697e-04
