2.286123025686637861e-03 2.280089322312321264e-03 2.298220766868580480e-03 2.276250620817997766e-03 2.422022106232225511e-03 2.140436138701961710e-03 2.054117570775448442e-03 1.936412175407145825e-03 2.374785487706343543e-03 2.103662784192653588e-03 2.777573694652866673e-03 2.410308133722156073e-03 2.510944620590796397e-03 2.722418190187332783e-03 2.458711938028570760e-03 2.659864612607656942e-03 2.579439457178458062e-03
2.337289742089406624e-03 2.467497106780468068e-03 2.727235387445084858e-03 2.718662691334689310e-03 2.881768359398636549e-03 2.610912900139687135e-03 3.011545844778529702e-03 2.912509137609886785e-03 3.844466638784194753e-03 3.047781515571534525e-03 3.610770560244645072e-03 3.148794846867965843e-03 3.271271255667160260e-03 3.478816930774237658e-03 3.185577703155629842e-03 3.056412056747389444e-03 2.629258241957169780e-03
1.421425620745110294e-03 1.512369897207525892e-03 1.665228763071590007e-03 1.922359207027293966e-03 2.093397167863224936e-03 2.064973863346929433e-03 2.262760013279726222e-03 2.386766430223506361e-03 3.395307138363458030e-03 2.654463263248885499e-03 2.999121173255449475e-03 2.599733587264442709e-03 2.602560582581341965e-03 2.726519211972026468e-03 2.381966469818747392e-03 2.218381813566555442e-03 2.028442282055403431e-03
1.489425268897066239e-03 1.668465114495580170e-03 1.892992079163210084e-03 2.246149287722509682e-03 2.232908693359700412e-03 2.301276092398246709e-03 2.572954633633262305e-03 2.897694473261248904e-03 4.560008679099921206e-03 3.081482013504051147e-03 3.426995372619783941e-03 2.806541881148294591e-03 3.039389682842275758e-03 2.829278283682592349e-03 2.432954760390842932e-03 2.084029474469736767e-03 1.834741979543850522e-03
2.154444647687402993e-03 2.391764942113661606e-03 3.030789563732964702e-03 3.776057915392740539e-03 4.396391769684086792e-03 4.811038655605632403e-03 6.189338037356461632e-03 7.404895670778372831e-03 1.404141731353234814e-02 8.095900047551944645e-03 7.470623650843098186e-03 5.895202147018015378e-03 5.237591634901393386e-03 4.742517929513542438e-03 3.669201874254823890e-03 2.893750358929985615e-03 2.540027821821164329e-03
1.426410549841462859e-03 1.699121319737434280e-03 2.268894745626261721e-03 3.036974862064205621e-03 3.813414699283877111e-03 4.908983665305567158e-03 6.503693905495612146e-03 7.778062610376738385e-03 1.575060215871221247e-02 8.649346945990923213e-03 7.329417407090827591e-03 5.697254773913984667e-03 5.055033285173061823e-03 4.082416705728573840e-03 2.976606094489661451e-03 2.410344095252661255e-03 2.163515833174315534e-03
5.895529848599340801e-04 8.283959604803821852e-04 1.030656675929188726e-03 1.331054759284900713e-03 1.598288029085102825e-03 2.285182296832998037e-03 2.630935017482737958e-03 3.215290439653066979e-03 6.236270726428668441e-03 4.106291020295084818e-03 3.737659024875177385e-03 2.710247367255632419e-03 2.513974507359641262e-03 2.066211936911154651e-03 1.458324415511197489e-03 1.312195359487544274e-03 1.353432267450593689e-03
1.355401555264872061e-03 1.442460088978012251e-03 1.731557799004055948e-03 2.209412419601213592e-03 2.927902768715478880e-03 3.813591460413901738e-03 5.483217492997596171e-03 7.863763292346406808e-03 1.537866129781220725e-02 8.539947649614838474e-03 6.723225638230459142e-03 4.698108005549839553e-03 3.626122266536439907e-03 3.113583618116672058e-03 2.143913489534527827e-03 1.902776880454849556e-03 1.967674853909605771e-03
1.990212790996864680e-03 2.361933821216624738e-03 3.047846354232500426e-03 4.676368718793482392e-03 6.363734037250624691e-03 8.652213801616015498e-03 1.281531615088551956e-02 1.776491764171812121e-02 0.000000000000000000e+00 1.804972158304316010e-02 1.293696405660314623e-02 8.641129208236800197e-03 6.679983193602847744e-03 5.610233601637524582e-03 3.240661956167103543e-03 2.827341386827665528e-03 3.035827558004917069e-03
1.325554958363719385e-03 1.500359017006006566e-03 1.701588372013587225e-03 2.467179300447045181e-03 3.428110252119701690e-03 4.826708386910736823e-03 5.889213999020673392e-03 7.635204810888409840e-03 1.420511945415191442e-02 7.190205601971573143e-03 5.395723482211899590e-03 3.886276955893237534e-03 3.292471332204274011e-03 2.782857520757772100e-03 1.936862189062864455e-03 1.941528436757505253e-03 1.996693439475394783e-03
9.601310519232950091e-04 9.963644839136455000e-04 1.083298095987637660e-03 1.530878927254333052e-03 1.963533919280648077e-03 2.408895899874606995e-03 2.954189336095957782e-03 3.222761769188032047e-03 5.078467186341932907e-03 2.622655365875671118e-03 2.247044109954462760e-03 1.903670254173489215e-03 1.663156917558747351e-03 1.665842350470556066e-03 1.285863933228440642e-03 1.230989146908290912e-03 1.263670993940903481e-03
2.144466110458391386e-03 2.525377767440934243e-03 2.866694633218151884e-03 3.708641734299062895e-03 4.896810626656667234e-03 5.579379413963898512e-03 6.812018326296540548e-03 7.689543350351488345e-03 1.402394129177686292e-02 6.948383879072071029e-03 6.073962231709230386e-03 4.693017289370687850e-03 3.753206644926062891e-03 3.530728750060731311e-03 2.277077761818741518e-03 2.526519551584323862e-03 2.377959096827790379e-03
2.531748757376980907e-03 3.008404239838407927e-03 3.158263367053020052e-03 4.018650504716594386e-03 5.244231467367431454e-03 6.007745546531794746e-03 6.681835113374295747e-03 7.026102369335548471e-03 1.187406914147377465e-02 6.086632714083195159e-03 5.415838272995762356e-03 4.473859362555427689e-03 3.998105807272382684e-03 3.664769159012428237e-03 2.802380693951993240e-03 2.743377516780183285e-03 2.752291177949264724e-03
1.492744193477354422e-03 1.700211795853369835e-03 1.631358173951069114e-03 2.133997270030534715e-03 2.406796071497539335e-03 2.601242470095576752e-03 2.700846995788718646e-03 2.361971186782212996e-03 3.150217682412655325e-03 1.964784090221513221e-03 1.947322526126823343e-03 1.804384552407593649e-03 1.753047680878741608e-03 1.695381073055427304e-03 1.339546192860874459e-03 1.334197298863625545e-03 1.527714477964308868e-03
1.730703366512956372e-03 1.930479744337301132e-03 1.883336082216330093e-03 2.324707516585304556e-03 2.404677837747995137e-03 2.241662326968652409e-03 2.366223014055814870e-03 1.970345936230899746e-03 2.693720936947169298e-03 1.912977676355170822e-03 2.007502646766451144e-03 1.838728721232849462e-03 1.484933128029675099e-03 1.242188570397008245e-03 1.210110363207278191e-03 1.307300159892345629e-03 1.287569227200897979e-03
2.720813554558262903e-03 3.099567432499855495e-03 2.976420893913678343e-03 3.387305472636133966e-03 3.661423272076638584e-03 3.300690703322119082e-03 3.140138572530138533e-03 2.676493975252374792e-03 3.441283030188871210e-03 2.392577870271989787e-03 2.993887253192004886e-03 2.942106636672962069e-03 2.645204443409783675e-03 2.638371024858675046e-03 2.282461833610404615e-03 2.391647869502034392e-03 2.368747330567553839e-03
2.285070241854656684e-03 2.590329824779850042e-03 2.358163576642233455e-03 2.475803843449972137e-03 2.419515978620664226e-03 2.092619156545021293e-03 1.823644417966204965e-03 1.507243298718413411e-03 1.743823171672328944e-03 1.424680395637614250e-03 1.957362758718579100e-03 2.101041426403819044e-03 2.172163168120652774e-03 2.358898223219546043e-03 2.141860828111161880e-03 1.975284993860155526e-03 2.255564931726650960e-03
