1.213959309740805619e-03 1.577710650796902009e-03 1.706955659032583948e-03 2.158620519710652535e-03 3.473034792620863318e-03 3.269360293985091714e-03 4.711295667650191102e-03 3.172533836274980638e-03 3.524539983317361274e-03 2.906773922239408187e-03 5.139640832038036566e-03 3.472253131277967027e-03 3.945932061736190898e-03 3.207643589986833299e-03 2.629104966483466772e-03 2.578775856390287842e-03 1.968192809261951840e-03
1.006543611425498056e-03 1.564085542480671493e-03 1.414952552408937523e-03 2.034259938290951947e-03 3.484189410128900408e-03 3.443054802151571375e-03 5.661263149041788172e-03 3.543516171613118274e-03 5.465220501109565969e-03 3.768049353645928391e-03 7.009687417008701564e-03 4.330837072957777548e-03 4.335183299279727134e-03 3.380671691489390077e-03 2.734175413439479847e-03 2.729083051844943906e-03 2.024614054407221017e-03
8.351506197619554045e-04 9.514603909370136650e-04 8.151471284526291827e-04 1.151726194038484551e-03 1.693968478250220365e-03 2.070220364469851221e-03 3.672101151647033136e-03 3.133770116922575052e-03 4.875682164865254367e-03 3.248533412726774261e-03 4.662193335179847659e-03 2.943691262687700601e-03 2.598228034450156439e-03 2.345911954710589234e-03 1.748065453554638110e-03 1.775680923220142012e-03 1.239051521749064220e-03
7.334316210069473548e-04 8.179613238188518029e-04 7.812495801119384402e-04 1.181528400822370786e-03 1.837950919225288205e-03 2.186485380058791894e-03 4.095736031796494252e-03 3.225752984717698141e-03 5.330957045453833289e-03 3.185043624876458986e-03 5.330646947629603775e-03 3.276561189133002112e-03 2.707731590197679037e-03 2.287178503897097613e-03 1.505964267712804876e-03 1.585516221743157178e-03 1.358622924120123391e-03
1.120565447618770624e-03 1.593695547851572492e-03 1.190127101708391083e-03 1.803265608612100029e-03 2.575594099893186665e-03 3.217385262849436350e-03 8.197650421633149304e-03 4.559279734481219183e-03 1.457237338207997314e-02 5.450995197838067255e-03 1.101765906523867120e-02 4.783315510040095017e-03 3.742862408302676403e-03 2.973836705208216143e-03 2.295255196988989308e-03 2.823518926544086802e-03 2.118441468228204026e-03
1.456422106713958818e-03 1.648756832117038822e-03 1.104212162809214059e-03 1.721299669179329490e-03 1.373953890072248350e-03 2.113291507025512501e-03 6.559218219569541708e-03 5.052509714771465273e-03 1.595500630948524720e-02 5.826619292116444644e-03 8.577977825891116431e-03 3.150717913547866622e-03 2.168277972709513335e-03 1.944974446810593220e-03 1.586220597119833995e-03 1.944012191567265043e-03 1.495726776300219376e-03
5.939882494864907577e-04 5.678222863077709475e-04 4.678120728211135728e-04 7.309716660546530190e-04 5.845881742990689193e-04 8.342263076550389010e-04 2.021140421736431630e-03 1.762646300727457567e-03 5.073567318134689780e-03 2.610435495214323033e-03 3.164263991489506440e-03 1.520898596729842317e-03 8.204921242429123220e-04 9.600070913256956214e-04 6.673532649759467616e-04 8.114113353764416253e-04 6.423081426079341053e-04
9.608144478898839741e-04 9.914634699509932043e-04 7.513996754231404111e-04 9.936288008197413386e-04 9.819136760282397378e-04 1.492223959817595832e-03 4.551558044168639919e-03 3.627350130596211902e-03 1.191645275630449224e-02 3.989385473921952703e-03 5.380316028973031010e-03 2.039113697230580946e-03 1.205229365343482833e-03 1.654147377908273377e-03 1.081298945744895443e-03 1.465768397004935976e-03 1.382588602754544977e-03
3.891334685603515999e-03 2.666844516186300980e-03 1.925089608098839783e-03 2.544923054997119422e-03 1.646262637176194518e-03 3.259363512024917621e-03 1.246052121110383624e-02 9.414391399854397241e-03 0.000000000000000000e+00 8.917581815012410804e-03 1.257259726373379655e-02 3.066064450792596249e-03 1.977539280060728460e-03 2.793282463804460346e-03 1.772657768769522833e-03 2.680289214891150643e-03 2.305725520468591191e-03
4.201337262899675420e-03 3.003943609641583547e-03 1.378642890091993835e-03 1.779529460178060985e-03 1.314081442256881003e-03 2.166969634801878090e-03 5.640898887516011297e-03 4.136959721523989809e-03 1.199754660766395864e-02 3.355728355215865932e-03 4.776879144986485859e-03 1.740743111953669316e-03 1.119471904740472782e-03 1.080883076171486367e-03 7.081511707409446745e-04 1.035483875218486463e-03 8.549635642664443671e-04
4.366840573731478430e-03 2.972520936355283003e-03 1.853006505547550144e-03 6.955918514294921924e-04 6.350594546337180344e-04 9.054722602316463923e-04 2.454083868258576714e-03 1.881632901724034036e-03 4.660907474237231674e-03 1.868663264662595884e-03 2.198293749240007745e-03 9.021017613736548660e-04 5.163180750265357506e-04 6.251156380216070984e-04 4.222781261288421233e-04 5.481410048353338839e-04 4.389408370189227821e-04
6.570610904052404284e-03 5.364805091116820086e-03 3.617730600855874595e-03 3.436881794688363429e-03 2.621861276086317506e-03 3.280383507702997695e-03 8.736935583134965155e-03 5.218901034185391245e-03 1.545654253297898753e-02 4.238769550382873695e-03 6.418750772485774109e-03 2.152236595137248156e-03 1.486476720797023660e-03 1.759301988469604569e-03 1.148894106551593417e-03 1.604307348905604624e-03 1.420184781778406017e-03
6.756288105716906633e-03 7.518447500748666641e-03 5.634633619695083445e-03 5.519958240890406737e-03 5.231888695504880761e-03 5.932766725448341931e-03 1.188940054422950310e-02 5.879152662417412925e-03 1.444468112278929350e-02 3.700338615004057294e-03 7.853832629518152711e-03 2.748807164562128060e-03 2.554462908161846037e-03 1.653260767576688771e-03 1.242559538239985419e-03 1.659140094702996017e-03 1.392782420830910011e-03
7.292453891733292198e-03 5.660470652040534324e-03 5.876784023314356002e-03 4.805521226513012438e-03 3.898838970453804512e-03 3.340684460523841298e-03 5.071466257221851626e-03 2.864539514757504131e-03 4.345289235132546689e-03 2.360485569416450897e-03 3.616368224338037309e-03 2.085772379557795844e-03 1.907002772675868473e-03 1.238760512040546890e-03 9.136452921096499839e-04 8.350960119804768473e-04 6.859917894530870482e-04
7.723577178299139041e-03 6.982930959095143622e-03 5.367107512353266885e-03 5.967700102689823920e-03 4.995704317736894204e-03 3.488011029984766469e-03 4.666244048406938995e-03 2.852934866308925316e-03 4.340021071177349067e-03 2.672963105153217719e-03 3.439592845102011371e-03 1.973228183208899922e-03 1.635075472661352055e-03 1.129247051144145449e-03 6.560033141743698429e-04 8.095088024384657337e-04 7.044001448274341080e-04
9.513111737678490651e-03 8.944807642132953512e-03 7.886458353851011696e-03 7.316342832675527472e-03 8.572656497386093796e-03 6.801666056213720793e-03 8.691910736822915790e-03 4.202159172444889547e-03 5.803049266291316483e-03 3.139928560691997769e-03 4.910380106865466776e-03 2.569650452157769705e-03 2.947369817877104614e-03 1.462134746458004699e-03 1.001538697101143471e-03 1.282323454131487333e-03 9.517500031617887697e-04
9.923024625974686055e-03 9.387416681546006253e-03 8.835511516361777007e-03 8.588119855449997259e-03 7.940696651126954997e-03 7.281560006067000490e-03 7.446629258416436435e-03 3.508194609307066242e-03 3.694911617754273025e-03 2.881506233182882983e-03 3.824603626558107251e-03 2.318348860640006767e-03 2.994776819840629187e-03 1.611916848881553722e-03 1.230002856495595589e-03 1.167551360355757132e-03 1.098723518620758335e-03
