2.128632921668533688e-03 2.066165663380901008e-03 1.164227878818882350e-03 1.270628506373820471e-03 2.125794699796817143e-03 1.599051199087789862e-03 6.380244512191783970e-04 1.156453062726512998e-03 1.843978958659180491e-03 1.687502562051425379e-03 8.666972602319424806e-04 2.460030377780158053e-03 3.577013046607417125e-03 1.911556709961679743e-03 1.990664219507123477e-03 3.759954201508919607e-03 3.015796415740534288e-03
2.064570871771907214e-03 2.549630804657559979e-03 1.440544228895931271e-03 1.692953962417627009e-03 2.881316881555587295e-03 2.512753808247928603e-03 1.056904305010688584e-03 1.848904102184780775e-03 3.617331217174145960e-03 3.005784592009431988e-03 1.305534546924807648e-03 3.791491522009241520e-03 5.744283064712053626e-03 2.663153106359802177e-03 2.512393358060815724e-03 5.239220379425464300e-03 3.579681696232618355e-03
1.056595472936770058e-03 1.367352053755967623e-03 7.397283277308036933e-04 8.034087825719698215e-04 1.586633877025749604e-03 1.451445918541741141e-03 5.335379915120838602e-04 1.165894825282491869e-03 1.967020063745836180e-03 1.489861114718609488e-03 5.755171469554999598e-04 1.791875654034837421e-03 2.909801246043754869e-03 1.113963075805349560e-03 1.100618671843595119e-03 2.481973958518150433e-03 1.933713591152953944e-03
1.336751668401314720e-03 1.661564245684628164e-03 8.279251998239472912e-04 9.590640904974497352e-04 2.186081706142727066e-03 1.819693871676191128e-03 4.585336574789326890e-04 1.405017611433454590e-03 2.872950130400186725e-03 1.481816179489046838e-03 6.408194843998717138e-04 2.666858142961994055e-03 3.311027091031688071e-03 1.160396302280756152e-03 1.175883090194081767e-03 2.562509628626758861e-03 1.685406553184108083e-03
2.335443253884558323e-03 3.141387491515002569e-03 1.694649732595224613e-03 2.325433602503408723e-03 6.814441354564793399e-03 6.094654242747935165e-03 1.755558822080714645e-03 5.320547615241510639e-03 1.396363132723489955e-02 6.026541657176152748e-03 2.377722836362287668e-03 9.036729067713916361e-03 1.066557241842384408e-02 2.881721638849913357e-03 2.779109796239912639e-03 5.582074957733586251e-03 3.230175159448454066e-03
1.620574296054424525e-03 2.600465153997569192e-03 1.483211016901538667e-03 1.850139876750572527e-03 6.043834728785358983e-03 6.943694168059262074e-03 1.962406979396505175e-03 4.796738071811797004e-03 1.433255796748466974e-02 6.803072497774988181e-03 1.880638312987642545e-03 7.333759210276601277e-03 8.844055826881660337e-03 2.441055605031223173e-03 1.700683163782632781e-03 3.875193108453218929e-03 2.415705439523433036e-03
7.411394181255379163e-04 1.038529354998488129e-03 4.848130243397154727e-04 4.903310956365904355e-04 1.701845638669988647e-03 2.055154061015705518e-03 4.130122302936221532e-04 1.222748799104246163e-03 3.381937794072232238e-03 1.475974200633069526e-03 4.537093511061978291e-04 2.075577559270737685e-03 2.347873962189775659e-03 5.843379390196916335e-04 5.276525674677382547e-04 1.201914488091146817e-03 8.369013792021178693e-04
1.468527497630942166e-03 2.052719301948227430e-03 9.961728749464857351e-04 1.502815290983455657e-03 5.323069797531710529e-03 4.931883000661131493e-03 1.244101670849867471e-03 5.062257612843554244e-03 1.178808591741383610e-02 3.818598136496283331e-03 1.547063268132367001e-03 7.218730447111552234e-03 5.961287996431067007e-03 1.185395485694869851e-03 1.359742008220774694e-03 2.745806768978553952e-03 1.259381001167322487e-03
3.325711105413659864e-03 4.316105943179378117e-03 2.091170832191744169e-03 3.294113988912300128e-03 1.460095530878865143e-02 1.490147444847454705e-02 3.448007564141390615e-03 1.208839692571345853e-02 0.000000000000000000e+00 1.194623154352595674e-02 3.350042317899675024e-03 1.496776603029761551e-02 1.425864722717678362e-02 2.356771590105728297e-03 1.924932900170337217e-03 3.769808505757807088e-03 1.471051243339527911e-03
3.581289567412256590e-03 4.076811170263535539e-03 1.934696924511552238e-03 1.644737842735311938e-03 6.521978118269494348e-03 7.638817360420658599e-03 1.596719582956796033e-03 3.961116232080684300e-03 1.214744747223448461e-02 5.090678446753177377e-03 1.084092650295754570e-03 4.849105581093034190e-03 5.263146988526250236e-03 1.130939857539681051e-03 9.858366893072687334e-04 1.953595747754612380e-03 1.118868801743919811e-03
3.391955898702828185e-03 2.440620110225949577e-03 1.089626132882342722e-03 8.043180414496922497e-04 2.647489589508946698e-03 2.230796613595541732e-03 5.487499964810557251e-04 1.610014206091806921e-03 3.487897165510215995e-03 1.139443073262395899e-03 2.988030046301753582e-04 2.023567745188004606e-03 1.581228649911094620e-03 3.660493047899607039e-04 4.202436143939181686e-04 9.145697378769794116e-04 4.694889271458106477e-04
6.627496317409316794e-03 6.704755304656617385e-03 3.016651191816317572e-03 4.027266305010130699e-03 1.036698473529959648e-02 7.917769040466635100e-03 2.168086640331380859e-03 7.771914712299701419e-03 1.505485373985994933e-02 4.600880834709047441e-03 2.001564389537042760e-03 7.352362684457639311e-03 6.045253535348780495e-03 1.477955103907000172e-03 1.414506554431580777e-03 2.578065719238711168e-03 1.338126055869286223e-03
7.586629765873780309e-03 9.850511368368411458e-03 5.345686711584154982e-03 5.144444360269476331e-03 1.295776164123485681e-02 1.023469382004116301e-02 2.705117074387598883e-03 6.723904734734171239e-03 1.470447754256612970e-02 5.211062073507359733e-03 1.733198724492841401e-03 6.193765841826711152e-03 6.721712143885756954e-03 1.971122173387111591e-03 1.618235786950402832e-03 3.217783541134975906e-03 1.940199771307545701e-03
6.345256953265585032e-03 5.896009352293468501e-03 4.154573065247161787e-03 3.087352780322388975e-03 4.960879745569113895e-03 3.653527832047847451e-03 6.594638772402226269e-04 1.413632715481147589e-03 2.770231348113614493e-03 1.177683399416773425e-03 4.547914337652251985e-04 1.628550633365503583e-03 1.908209438955847919e-03 8.359044606432270656e-04 7.191252952013376960e-04 1.655077621440016224e-03 1.106610874552669274e-03
7.020901609451071605e-03 6.816950400550539357e-03 3.699657754880808763e-03 4.087896041631175655e-03 5.501083750563415600e-03 3.298693159048017055e-03 1.138151289736283149e-03 1.929586061253933844e-03 2.305646384094449993e-03 9.730573906543194852e-04 5.410820977761664164e-04 1.570434376945917731e-03 1.508739128128499607e-03 7.580773256989480763e-04 7.585948813720879650e-04 1.404784917085880177e-03 9.401245560898144685e-04
9.279050390167336432e-03 1.050095308803897926e-02 6.666140881565288737e-03 5.794943266576181584e-03 9.593302936236839523e-03 6.249038910668863397e-03 2.573875088524373370e-03 4.291966858866711615e-03 4.295758142324805802e-03 1.687996382542289930e-03 1.098278403370623419e-03 2.624547346307913847e-03 2.858468850078805818e-03 1.508803398982536863e-03 1.468086800420146786e-03 2.566579137506551974e-03 1.836351174811675074e-03
9.332521835943147909e-03 9.548678553838899769e-03 6.766536633891536562e-03 6.296447307405150101e-03 7.137676278509457600e-03 5.868922034226305325e-03 3.004450896734502281e-03 3.455447446048010973e-03 2.956710452174796284e-03 1.047299695132396539e-03 5.844341371748812582e-04 1.569069919599387066e-03 1.798029555291091137e-03 1.195375443351711720e-03 1.113449551420981872e-03 1.991127367440222867e-03 1.776475274907947767e-03
