1.815066994013513372e-03 2.199710224006371732e-03 1.524353983595931042e-03 2.472884281409947708e-03 1.202235159971898207e-03 1.619062476839024317e-03 2.271243456918930689e-03 1.683526390602249623e-03 1.831321177798108388e-03 1.456048115694754492e-03 1.344906312187965679e-03 1.416081292142322727e-03 1.972682853684199628e-03 2.213910630056451379e-03 2.303483134769469722e-03 2.256363605603296622e-03 1.585389787155679379e-03
1.009109020013301567e-03 1.839066853825424520e-03 1.961746873296349187e-03 2.088417089508618797e-03 1.936681519772546611e-03 2.206551002475473124e-03 1.723919411639437786e-03 1.086488570597195615e-03 1.098332536930831001e-03 1.929334245741851344e-03 1.548001767224782858e-03 1.846726055000761464e-03 2.683919980891034517e-03 3.202450988848889839e-03 2.532832972544809495e-03 1.822256760278103240e-03 1.240642347801126357e-03
5.553723832887374947e-04 1.456051204082325131e-03 2.036349963454184286e-03 2.108908541040215284e-03 2.982042033090728361e-03 2.873719927435988090e-03 2.094590776262448759e-03 1.644730065939113825e-03 1.879935486548501037e-03 2.018140830337335646e-03 3.181934830216728242e-03 2.525658648218073038e-03 4.575788997012721418e-03 3.233155738076790801e-03 2.044179025945909185e-03 1.292437695749339881e-03 7.331337950831006648e-04
6.058520781318325324e-04 8.741835438245504439e-04 1.452221603494656659e-03 1.217779014615232632e-03 2.826337885326305269e-03 4.060942435426711725e-03 3.249477866387942473e-03 4.526143166813716319e-03 2.743019365443954798e-03 3.116488809206020491e-03 4.315827061636601583e-03 4.527956050317717522e-03 4.557626189709434311e-03 3.747968327399522816e-03 1.355891706776946341e-03 9.786173695277783705e-04 6.074703932188795863e-04
6.556646812596564648e-05 3.743527226072856364e-04 7.399683967770603454e-04 1.014834890569379791e-03 3.047290397296911757e-03 3.642299146668015290e-03 5.460590417305339998e-03 5.487814553741061398e-03 4.370689178442519959e-03 4.165651127623733012e-03 6.592178711597470805e-03 5.272977049160443817e-03 4.675608771685324516e-03 2.428917995953459516e-03 1.118206310948286928e-03 6.325666306183895266e-04 9.882593155235042549e-04
1.952385970569557182e-04 5.400972183640542854e-04 5.917782959721516788e-04 4.988765094579184368e-04 2.241261390382572657e-03 2.394964263001181023e-03 4.669206544251260776e-03 8.861464130796577882e-03 9.085554444539017602e-03 9.241487132983674038e-03 7.720728032520034895e-03 5.284407171559603843e-03 3.011638051180747649e-03 2.278979867783535122e-03 7.318521142412600733e-04 3.340647067475012531e-04 1.178590464730617463e-03
1.980428529711515272e-04 3.424960048155128653e-04 6.315258440070635340e-04 4.779156230155761210e-04 1.029649885746028708e-03 2.919557775760319406e-03 5.640007204837596370e-03 8.797043454459340869e-03 1.461273358625622340e-02 1.090226754912771399e-02 8.364789641676568729e-03 5.522484792609743710e-03 2.333208865137459745e-03 1.541306142971504960e-03 1.337043277432962670e-03 6.874874267881514499e-04 1.057902455242794304e-03
3.521564811366631248e-04 4.097394673923687334e-04 5.997000100909978017e-04 5.273205589840675427e-04 1.732986917547013519e-04 2.503721831303389826e-03 7.314234460464469692e-03 8.856528887458595123e-03 1.995402576848055720e-02 1.491807011182107352e-02 1.197823089488396324e-02 7.258569362890170476e-03 2.639873397357709282e-03 1.698489628382292022e-03 1.329263629142368860e-03 4.863808933468653025e-04 8.889923622260577580e-04
1.402239139050444339e-03 9.418099664601728991e-04 1.000137254120417535e-03 1.066241101683685017e-03 4.250115439294813039e-04 3.156396953394608167e-03 1.085805419266556646e-02 1.572103543826527255e-02 0.000000000000000000e+00 2.057496461989524739e-02 1.628139556748068803e-02 5.312085300968219341e-03 2.873349320927503191e-03 2.724065930922565937e-03 1.342960628018424404e-03 1.218779652188139344e-03 1.400654796226675179e-03
1.621029779721559847e-03 7.888575720212447290e-04 6.395618284660253535e-04 5.643935633827528320e-04 1.189918670339945757e-03 4.495728726017460611e-03 1.228949403619698094e-02 1.666754284222048133e-02 2.680180870059190035e-02 1.529445808183744170e-02 7.533618071549158697e-03 4.096323003436655279e-03 2.520643106803256272e-03 1.712334869861741483e-03 1.577261151069597094e-03 5.803018477594296858e-04 4.198014340977100091e-04
1.225299238349887359e-03 8.670864291870813674e-04 6.948007285555695810e-04 1.055104376103739800e-03 3.125784855793827238e-03 6.999802633503909334e-03 1.736261534888226821e-02 1.713248106066396492e-02 2.158332007334130831e-02 1.244144888145057304e-02 7.051103839440808069e-03 3.083887790009709126e-03 2.810435777724770018e-03 2.184357849392421468e-03 1.277530048945569848e-03 5.446680319686904954e-04 2.823095078377069558e-04
1.222158348190485440e-03 1.063344194142367902e-03 1.046781171600702715e-03 2.053675817725812442e-03 5.037746921450490627e-03 8.581486355574751215e-03 1.411514493441528260e-02 1.589195915997810432e-02 1.167119575615522577e-02 1.137550735336124823e-02 5.269447022167131865e-03 2.204015436279928124e-03 3.331536324141446716e-03 1.343803757825225501e-03 1.379496252979808130e-03 9.350896351063294571e-04 1.025097602466816440e-03
9.512573440389450680e-04 2.492514072809317747e-04 1.576362430286522764e-03 3.721562613670036535e-03 7.956934090702328169e-03 8.472175965897384836e-03 9.733263439416548965e-03 6.799338484677328043e-03 5.994711605720086725e-03 4.823885347342212263e-03 4.157510137987366003e-03 3.118641415342797603e-03 3.107004370976399789e-03 1.081732453738317281e-03 9.907609094557715771e-04 7.583937170238577155e-04 7.948675742338273632e-04
9.247188296439181731e-04 8.679758848074431302e-04 2.069083783316035072e-03 4.690865406284583025e-03 7.977956744896087110e-03 9.106564745182486181e-03 6.775443630042818181e-03 6.027908683717543743e-03 4.427864497538892136e-03 4.893766292904445404e-03 3.394749440938539444e-03 2.593513611533927211e-03 2.812214688965493543e-03 1.488976503973560078e-03 1.708147016315871751e-03 7.980084643932293907e-04 1.002947686809754812e-03
1.185752435507071365e-03 1.842893366025522570e-03 3.158243809161886614e-03 4.209950958937856702e-03 5.650668318731654968e-03 4.776339620691282331e-03 3.112233011133595621e-03 2.019336036327196507e-03 2.224905289808145042e-03 2.685451821126101733e-03 1.784198560244364866e-03 2.229951715098668630e-03 2.775824218219932228e-03 1.649770314454496352e-03 1.855904742860882200e-03 6.289501287730995789e-04 1.478466721070467336e-03
1.706639883181370297e-03 2.762383555512245344e-03 2.763757887981206293e-03 3.372923805976400530e-03 2.720001612879525011e-03 2.990732755714677754e-03 1.611718291195898605e-03 1.753660583945280569e-03 1.368013627991944859e-03 2.713852633226261895e-03 1.302020962381222544e-03 1.860812190710725306e-03 1.173506978789244908e-03 1.298716387680573080e-03 2.330929635110283622e-03 6.866381202062089677e-04 1.363801067345509583e-04
1.673844295568104566e-03 2.672520742367581314e-03 1.976055372911404012e-03 1.381361639072510843e-03 8.799773589071841319e-04 9.152652752900048349e-04 9.176248033940195186e-04 2.217314033159363453e-03 1.318058959035868722e-03 1.612959822999320784e-03 1.570040500929299537e-03 7.695458845416563434e-04 9.456735393111190486e-04 1.568388213578974805e-03 1.798139541738505648e-03 1.203019610414856081e-03 4.018393719865175160e-04
