2.453783727551533088e-03 1.423987375577643027e-03 2.116505910965177720e-03 1.836660726460267101e-03 3.289084980544176948e-03 1.626056875492812217e-03 8.473006294721672571e-04 1.497107959593410934e-03 2.309738609790769944e-03 5.341530658610728821e-04 1.251880154356822816e-04 1.096835060239762395e-03 2.194794445618154701e-03 1.092745409735508544e-03 6.208378765493099754e-04 1.008204049311558917e-03 3.624863696945693626e-04
1.669898980898543769e-03 2.460043128323317115e-03 1.461247905171866434e-03 2.097878933668472032e-03 3.524463434566340626e-03 1.311673211729306576e-03 1.205362023621137351e-03 2.369788092194871371e-03 2.549831339394203512e-03 1.087774709122621202e-03 6.122838004945924117e-04 1.663199055072443104e-03 1.371768719139082474e-03 1.048344429260867836e-03 1.010847199637459389e-03 1.189720096692487581e-03 1.342832140571202214e-03
1.687736958097965992e-03 1.609376098436072697e-03 1.307576986224242210e-03 3.241666074697426014e-03 3.951601787232499573e-03 2.116019360905187045e-03 1.308786786373410333e-03 2.084189781980599378e-03 4.116844707606951044e-03 1.868556055392960784e-03 1.431883951551290784e-03 2.092520308007753040e-03 3.665622126971207744e-03 1.422869625439824497e-03 7.343223905419505931e-04 2.394628445257686398e-03 2.027145074946987580e-03
1.059087980585547879e-03 1.588033645804548056e-03 1.466540780824477676e-03 2.195405920693549711e-03 2.860223977665614977e-03 3.431972898162257389e-03 1.165570118714795260e-03 1.658228354459555763e-03 5.537071182720875069e-03 2.798780595089646675e-03 1.141597665758991827e-03 2.766037091052372943e-03 4.143243335861902105e-03 2.275936530622973616e-03 2.053359603179238588e-03 2.688840006533972215e-03 1.417892349826126207e-03
2.955857364457212342e-03 3.367971840270927043e-03 1.166661568849371080e-03 1.807868797910222288e-03 3.724271134202629396e-03 3.540762861576059444e-03 9.760588703480584062e-04 2.669818529188624362e-03 5.497594877853445930e-03 2.286699806950085855e-03 3.853147725093112848e-04 3.048952800935879424e-03 5.134977008142664265e-03 2.555078190041140500e-03 1.483188682877163971e-03 3.411366845621531009e-03 2.822996323075445662e-03
1.056484280264511581e-03 1.547873540852806942e-03 1.161079393161088729e-03 2.952444939036460818e-03 5.516767580217441479e-03 5.579604862965278390e-03 1.042472953536914809e-03 2.917373884712199349e-03 6.718079403339189369e-03 4.022874796020461420e-03 6.821892091139292267e-04 3.078086629528080549e-03 5.899314277385448065e-03 2.585533593796291319e-03 1.549510716054671106e-03 4.300721180278919802e-03 1.536544814455975032e-03
2.209502722431684694e-03 1.362267842967624862e-03 2.019938874058462095e-03 3.498255481334899917e-03 5.814470466924206299e-03 5.307695704438879919e-03 2.089765382668071214e-03 6.130885805938217185e-03 1.548170073389370203e-02 8.056552318372899035e-03 1.715529486524785228e-03 7.768422632846508358e-03 1.083841543637661942e-02 2.052675803094925963e-03 1.631553576170555490e-03 4.435719096924163433e-03 1.100214610656461128e-03
1.193507297159449509e-03 2.336610638104091083e-03 2.884682980681410602e-03 2.528160136722143805e-03 7.366959658346123457e-03 6.794395437748954221e-03 2.323217361452700053e-03 7.766371232593573086e-03 2.319771403527813580e-02 8.757730129828122240e-03 1.535078589275189458e-03 8.781018782699613265e-03 8.697588597412672304e-03 2.077805456193411882e-03 1.712294586125921942e-03 1.566691193173023631e-03 1.133405214748862879e-03
1.755498916453015991e-03 1.880318731843299033e-03 2.677189105097416404e-03 4.235654972256256562e-03 1.263540260794513391e-02 1.744128110050995745e-02 4.617826894378054478e-03 1.549414721042834467e-02 0.000000000000000000e+00 1.383689853108958576e-02 2.004145722111167014e-03 1.393758151850379642e-02 1.134240897351902408e-02 2.131299662789247658e-03 1.066254731469208107e-03 2.779042442655932105e-03 2.019465474000092450e-03
2.623241223445642312e-03 4.588857440806120777e-03 5.267114799435253930e-03 6.095913376626117125e-03 7.764536807367384587e-03 1.153876479772969650e-02 4.700336579551499076e-03 1.045551368916483245e-02 2.143805314331194423e-02 6.616502215814722664e-03 3.160241264657746504e-03 3.730675184992249954e-03 2.551711789626061929e-03 4.282166527991131404e-04 7.766127957563573846e-04 2.415221347796790881e-03 1.290902784168312988e-03
4.220460145382734160e-03 3.711844382670411585e-03 3.944599411369105468e-03 5.103522204264286134e-03 7.847552767603250753e-03 8.598963585252207206e-03 5.312436280023391869e-03 8.181181458739670426e-03 1.311639021725091031e-02 5.001760916717119809e-03 2.470740654642322037e-03 4.508550380904261315e-03 3.722101383935098786e-03 2.580115793128276609e-03 1.697073459249157264e-03 2.171985767805844486e-03 2.237781800918495038e-03
3.352619213377947081e-03 4.903911754652317580e-03 3.349088437942602386e-03 5.225475319301104912e-03 4.897593178873236967e-03 6.972295234684002148e-03 5.477777825410003881e-03 5.573319162190250135e-03 9.265885642483696200e-03 2.333020687661450238e-03 2.991638518869028495e-03 5.717232779934798212e-03 4.070490951891533871e-03 1.395215172030030192e-03 1.115849962584300166e-03 8.074363995569077681e-04 1.238782752741912760e-03
4.895140703570848364e-03 5.610454766769069207e-03 2.912284834084718620e-03 4.838352421568852500e-03 6.777320160643572969e-03 7.362633307812687170e-03 3.176106741613960501e-03 4.560400837297421545e-03 7.651157493387716543e-03 2.827302948606452357e-03 2.548516339232064117e-03 6.174990911376377137e-03 4.591119241085001197e-03 1.654165003958544622e-03 9.887091719078407691e-04 2.608828821668592642e-03 2.835127199571183150e-03
2.764906190912931865e-03 4.213628719540419079e-03 2.226873874573548004e-03 3.759815588585260944e-03 6.423519367019936074e-03 6.716455378138946018e-03 1.678038831902187297e-03 2.196162045786779517e-03 5.623736268406679534e-03 2.418515423202950970e-03 2.518343660511772591e-03 4.387018065919325895e-03 4.658203974356549086e-03 2.339220913425938114e-03 2.504674233826332131e-03 1.859561454283927126e-03 4.462453050220460400e-04
2.566735666478507042e-03 3.037150674480677652e-03 1.418904899950973681e-03 2.576631042698607037e-03 3.107759608186758202e-03 3.823698296461999421e-03 9.645328939269054132e-04 1.484648333057139030e-03 1.355265467104231625e-03 1.375667694619826407e-03 1.668268380697490987e-03 3.463565777057659150e-03 3.141758937378876047e-03 2.468879929412894515e-03 1.792207145979140539e-03 2.225696949428433106e-03 2.036448701094124326e-03
7.288256898642072115e-04 1.794896321310715916e-03 9.393374908203122858e-04 1.417386074763702470e-03 2.827710598656715986e-03 2.506738784080891035e-03 4.938285858890644527e-04 1.333443039413526390e-03 1.640396952260943621e-03 1.577526794509053702e-03 8.377931782998985881e-04 1.654579229009618332e-03 3.435622023612194386e-03 2.056022478507571038e-03 2.520250410746875235e-03 2.776537367347056782e-03 3.338358036619544673e-03
1.207827648925148827e-04 1.657248679338761731e-03 9.128533875548224723e-04 5.934727231751866713e-04 3.339166761719261200e-03 5.932011756417047109e-03 1.077103482806858990e-03 1.174380619801129949e-03 5.149317084910795018e-03 3.595052643269989415e-03 0.000000000000000000e+00 1.752822891123062077e-03 4.630181320901355542e-03 2.482529631095902779e-03 1.892344408326065248e-03 4.008462394243412184e-03 3.265349227617558771e-03
