7.346660565189126269e-04 6.919267904084110739e-04 1.809127439777546628e-03 4.010556141337083937e-04 7.065229829579527812e-04 5.152590497108480759e-04 1.585365117450667719e-03 7.288343058551095040e-04 1.047737570816547432e-03 1.488909172215447697e-03 5.927533973436912695e-04 1.021417339735276961e-03 9.836454875408291113e-04 1.615014894758676559e-03 1.799414581693889069e-03 4.412176769375934782e-03 3.829681064953004924e-03
1.156139524331945088e-03 1.529569994317742012e-03 1.971027465847220803e-03 7.054164973937135071e-04 8.599713426965216153e-04 9.223919265028565845e-04 1.100865693790075003e-03 7.002910141113398304e-04 1.953969426996696526e-03 1.046668080210382554e-03 8.284718174847686837e-04 1.125346266501621711e-03 1.158423122198567025e-03 2.050499362148066641e-03 3.426372121554736774e-03 4.908097545547647142e-03 3.244343475114323545e-03
2.097301347290790943e-03 2.607683788891769147e-03 2.322725079553032441e-03 8.612459871611014093e-04 8.450993695504217113e-04 1.162909601659647399e-03 1.046725254236498476e-03 1.086158516366308698e-03 2.256840422399685950e-03 1.632062844075180940e-03 1.818312278914136458e-03 1.597707980735648802e-03 3.163438864982578373e-03 3.390073341327270659e-03 4.991083962865604413e-03 5.228904369260936429e-03 2.261569050677256828e-03
1.078584639494979593e-03 2.545411184917733497e-03 2.646182087535686560e-03 1.535664072866076190e-03 2.528773543318060466e-03 9.386629816997879138e-04 1.197082853386811658e-03 1.372052189190937563e-03 1.392372510708064174e-03 1.424504313385096567e-03 1.857917063122293795e-03 2.289789477332373254e-03 5.378774307600261463e-03 5.765825648513626077e-03 5.236935638341190524e-03 3.927758061987506218e-03 1.794736401086420487e-03
8.254247782106017032e-04 2.574630475440870762e-03 3.467389440525753437e-03 3.354998757894281283e-03 3.854201995800634033e-03 1.122517833797897222e-03 8.371689958103713421e-04 2.044637342882202856e-03 1.138957047895169288e-03 1.031009123410690136e-03 3.018159664622543491e-03 4.936731643097598370e-03 7.086744079289073427e-03 6.074034007413418694e-03 4.421008474821810919e-03 2.216169510763370872e-03 1.159667498061085723e-03
6.902653804730485938e-04 1.855165983512725670e-03 2.498256066084294635e-03 4.780807984346019390e-03 4.404115231693620132e-03 2.340778619093571503e-03 2.508207709806435995e-03 4.158196292657897336e-03 3.552582102616177150e-03 3.942946173866245310e-03 6.225871404886726586e-03 7.140201793707268846e-03 7.362706287459599638e-03 7.564133744643277389e-03 3.720280247569586647e-03 1.983931979859339043e-03 1.250012548857937613e-03
1.055785655786836133e-03 1.735985044485511847e-03 1.939282428640971313e-03 4.179024454054052103e-03 5.132704025554231560e-03 5.400560974728356618e-03 5.759708027719243235e-03 8.680382614636489649e-03 1.359631972811799899e-02 1.069299241335986729e-02 1.158715718685159393e-02 8.661104878301470814e-03 8.229525060577981554e-03 4.525586494943467999e-03 3.072760859563052147e-03 1.341998830522111432e-03 1.371773045416372445e-03
1.326235615204207716e-03 1.474407148650096417e-03 3.005211429296337448e-03 3.263597669203292632e-03 3.726535758662247177e-03 9.418411849162205626e-03 1.081413072198703779e-02 1.446949154449123434e-02 2.017443021836962808e-02 1.561939573679856780e-02 1.146895829580236656e-02 1.261798469864991272e-02 5.346124575510181019e-03 4.721330181295639236e-03 2.730459965208259857e-03 1.471558536878330836e-03 1.299350370217793602e-03
1.745597007228965681e-03 2.117759559106196111e-03 3.737570345702580232e-03 4.697949367792318177e-03 4.079750165649129005e-03 1.140445590480981992e-02 1.735525298051980927e-02 2.174882128598409209e-02 0.000000000000000000e+00 1.731119534863065010e-02 1.380094893076415537e-02 9.767768690975276585e-03 5.428690595577287913e-03 2.437648235223629795e-03 2.993181341565989174e-03 2.353148387802607086e-03 1.442759643606044383e-03
7.494573133928489209e-04 1.465192040911445599e-03 2.209587771404050282e-03 4.009143606574225478e-03 6.243208587511816197e-03 1.074127419682558739e-02 1.283138506953782759e-02 1.658521974408131913e-02 1.972941114133094226e-02 1.030641864372346637e-02 7.338192082967984371e-03 1.010335331885047448e-02 5.503517943050732428e-03 3.400250317975867919e-03 2.174913406153871926e-03 1.166894967597713242e-03 8.830225647551756931e-04
1.191187202340879313e-03 1.740595961532844394e-03 2.981941600667240878e-03 5.621343521341202847e-03 7.549463562177582444e-03 8.918075220267551728e-03 1.055537453249933734e-02 1.173456191571192742e-02 1.284362703748259497e-02 6.273991755808119679e-03 7.628888373986334424e-03 5.811046939993150424e-03 6.112115271984490915e-03 4.424933303555754135e-03 1.375812222202547506e-03 1.236300872124186092e-03 8.144070070603026028e-04
1.242223428594172938e-03 1.324802901373307949e-03 1.963107181641191197e-03 3.672230523386337160e-03 5.232176741461558658e-03 5.307515291992038683e-03 6.012901520783688926e-03 6.569066904591329935e-03 3.300232767231440004e-03 3.798157997495204413e-03 4.047419935469694779e-03 3.583008774043757848e-03 4.144535063594247462e-03 4.920975154135707845e-03 2.838683670289296121e-03 1.876475079363853875e-03 7.810005599186903074e-04
1.285584882635933297e-03 1.778754579198074280e-03 2.162731975413217846e-03 4.416347110104376292e-03 3.941355390669027195e-03 2.790351439153475679e-03 2.229790381690939863e-03 1.771469935635330839e-03 1.818614964934748722e-03 1.500945986301809379e-03 2.559765228650785242e-03 1.680620408137457498e-03 4.555905544674832865e-03 3.853808503973837722e-03 2.661857860225413149e-03 3.038493438851696919e-03 9.775211403904341626e-04
6.254132189677924763e-04 1.662183466304142454e-03 1.808518704558314746e-03 2.055460049708106827e-03 2.105827003538045944e-03 1.244399404764577090e-03 1.238053087865732729e-03 2.522205256670766258e-03 1.622373528237570093e-03 1.181551697351377467e-03 1.224371679734041979e-03 1.585392022874722003e-03 2.901228691681883697e-03 1.982220122253874374e-03 2.642287527403804331e-03 2.333692403033229244e-03 1.228114896855618402e-03
7.814579521276160574e-04 1.811582559722515898e-03 1.744160930220058992e-03 1.629725435360450001e-03 7.718056312480803651e-04 1.207639869150178413e-03 1.387146132085486771e-03 2.131555315290118054e-03 1.928809492327774981e-03 9.187899628575661812e-04 4.319733095502835646e-04 8.886357088485361076e-04 1.437365106083126134e-03 1.807106169795456071e-03 2.576823267501309085e-03 1.436840450314064242e-03 1.220799984690813540e-03
6.882104787108896940e-04 7.913557850016484166e-04 1.282732907686161229e-03 8.550341973825292255e-04 8.914305097721927961e-04 1.076909776847589538e-03 1.817777533611054019e-03 1.874938107014742809e-03 1.863462943655518284e-03 1.830584515460974369e-03 1.441047786000579497e-03 9.774841454323593328e-04 2.285827653640354774e-03 1.268382227131116839e-03 1.608540777095573754e-03 1.418790273951531884e-03 1.569373206028300965e-03
1.598014029934268204e-04 1.344154627624474709e-03 8.254012359645541237e-04 3.066915656187222099e-04 2.408876247375396271e-04 3.636738905880503676e-04 7.215933836064544098e-04 1.488865450901359242e-03 1.353497536127383754e-03 8.595610349796911328e-04 1.191301550393110724e-03 8.318988958737051588e-04 7.460470508939468339e-04 1.118300408577361637e-03 1.203994184190799880e-03 1.059676852740711658e-03 1.267803760513945945e-03
