7.699984556429724991e-04 3.277851501262013263e-04 4.090997728828486574e-04 3.390528551581756147e-04 6.357334924216359985e-04 7.442522338005771402e-04 9.823283163964907985e-04 9.096570034752291325e-04 1.231128220743982291e-03 1.037801696105349015e-03 1.030660626279044983e-03 1.114453040086816520e-03 8.860220623202961490e-04 1.276018953063562172e-03 1.302855656358333251e-03 9.622915115524670457e-04 7.498539600995025910e-04
3.961533598889185252e-04 7.857276325091475501e-04 8.269016782520411226e-04 6.878711753392438306e-04 1.068973176293795940e-03 9.508518633869233235e-04 7.889339194682904767e-04 1.218486780571173414e-03 9.838622301407038643e-04 1.181632127336320909e-03 1.405965428740719265e-03 1.781310049612272114e-03 1.934286950585285955e-03 2.165244587451418436e-03 1.834852236441985446e-03 9.534436798845198841e-04 8.171506926509226150e-04
3.572878769551623198e-04 5.534976164545999484e-04 9.414918221737105441e-04 1.173261211623063786e-03 1.159730191974996973e-03 7.951392566624309374e-04 6.201038615801592090e-04 1.002170554010423402e-03 1.364862875142836343e-03 1.183394091973479119e-03 1.974481825430692700e-03 2.991745366713085327e-03 3.739597546752293934e-03 3.667125325880428357e-03 2.720954840545901365e-03 1.342903022094414948e-03 7.984396598631065016e-04
2.966453436728856718e-04 3.874991904872022086e-04 1.113489253574965554e-03 1.736194886255191128e-03 1.887369099217306749e-03 1.724556146040250558e-03 1.458713962264429100e-03 1.532216936973851027e-03 1.356110969644143838e-03 3.393686875456273806e-03 4.056465212860686960e-03 6.420056159487110524e-03 5.963418634991570454e-03 4.557777183313047736e-03 2.700902651316242076e-03 1.288821476803610373e-03 6.798866791945879298e-04
4.112970251370959935e-04 6.972375512994824845e-04 9.316123317043455880e-04 1.928697893780412578e-03 3.357626780491282121e-03 2.580801277481736128e-03 2.659430872463115596e-03 1.538678378940624893e-03 1.918116151354994385e-03 4.519850147903040245e-03 7.916000334988654297e-03 8.756591401564423408e-03 9.079139525827634866e-03 5.196154980136212347e-03 2.033079140387352921e-03 1.201588390396724675e-03 6.535223670352027087e-04
5.217125707684679928e-04 3.689727703270080910e-04 7.835077561583780100e-04 1.259662636241788572e-03 2.458513510959312899e-03 3.650834166456637473e-03 3.896074847939237727e-03 7.215224374993084444e-03 6.681533702561844555e-03 1.311877693569502012e-02 1.358369397455386207e-02 1.204861825674345514e-02 8.273972364622657685e-03 4.186967336348429783e-03 1.352373468898656478e-03 8.567962544327683118e-04 7.543670148737740156e-04
4.322460335528997247e-04 6.525015678001159451e-04 3.709274922665361358e-04 1.408233268176115917e-03 2.318092983556184310e-03 3.469795241121202776e-03 7.558697073647864355e-03 8.729066020771518788e-03 1.807810106350792034e-02 1.813894811862276982e-02 2.208969997807325517e-02 1.306650079330670504e-02 7.486315349162092798e-03 2.894637314656139503e-03 8.267315450461928950e-04 9.076841822584831186e-04 1.080648115063171689e-03
6.758161517482928413e-04 7.689486975643371148e-04 6.359859773388252570e-04 8.379051338366346000e-04 1.272177381474072803e-03 6.151968760372410715e-03 8.863418765487357173e-03 2.106063570804482879e-02 2.487930990192575853e-02 2.552970471385770934e-02 1.841997378605662525e-02 1.151483618296227085e-02 3.631158442193112637e-03 2.201966210998720311e-03 8.685915533956431586e-04 1.148762934944839000e-03 1.044588020098182607e-03
7.204154857046648217e-04 1.058692786834055559e-03 7.706509345866761722e-04 7.587615193822686878e-04 9.335951075235614065e-04 4.752691014563689524e-03 1.586717299539476198e-02 2.297881611183394401e-02 0.000000000000000000e+00 2.481132539684007335e-02 1.818702884855195878e-02 5.670033876109481508e-03 1.054720900448597939e-03 1.197664467095894926e-03 1.278315751342507444e-03 8.714765781841688798e-04 8.856220682937817343e-04
7.483725342592214679e-04 9.367045633495886666e-04 6.538454391335413911e-04 1.622769430822490998e-03 2.750996925835953386e-03 9.356926327603383442e-03 1.381801898194637453e-02 2.156145447319300287e-02 2.283399112531984618e-02 2.081996237916814915e-02 1.089442282374168680e-02 6.541748459789065336e-03 1.531829612441389663e-03 1.521484065583664832e-03 1.138804712619576835e-03 1.275839770219105692e-03 8.791045185676328632e-04
1.037016187474094171e-03 8.928047664576865697e-04 1.084232676916167728e-03 2.131453236885687882e-03 5.322209206247671340e-03 9.400541965842961270e-03 1.648034211890890208e-02 1.471891503028430886e-02 1.619318351138975681e-02 9.491771372659559003e-03 7.446690601549046419e-03 3.410386173581324721e-03 2.509429492664716401e-03 1.285805232255255283e-03 9.390665190265184981e-04 6.803192519200946782e-04 5.910671911395581988e-04
8.414218234000633758e-04 6.142016872794173882e-04 1.256525126536073809e-03 3.426694527318471534e-03 5.937655218835817539e-03 9.107197025370758481e-03 1.040871786003427085e-02 9.578657857907717926e-03 5.328918608312330392e-03 6.555648704692373756e-03 3.491238359805054915e-03 3.550651047200379176e-03 2.813637619323081443e-03 1.483225813400567078e-03 1.258164921052011337e-03 7.854425688929665000e-04 7.535281133747266527e-04
8.426896777691738824e-04 9.242739797563671606e-04 1.887820676183893072e-03 3.928020977192612367e-03 6.577109017689584426e-03 6.997300932615390864e-03 6.375811571364204539e-03 3.799604795404221049e-03 9.768985332311351608e-04 1.762958287477230188e-03 2.488357409163830924e-03 2.655270753594591183e-03 3.205301453498112137e-03 1.739158642899614818e-03 1.159322958237595349e-03 5.037101246837305578e-04 5.276129351414879029e-04
7.683215576087385661e-04 1.067307137825892821e-03 2.072978997014108486e-03 3.771410646318111223e-03 4.813400515171673347e-03 4.837363958208109119e-03 2.655177542316919988e-03 2.315786230674769883e-03 8.926482077097519681e-04 1.495854584079323989e-03 1.401615267461408208e-03 1.908125350330740428e-03 1.881119418793981805e-03 1.845436693758985150e-03 9.952466755107332655e-04 4.101965890822505231e-04 4.657722297073893796e-04
9.601395074912643345e-04 1.616417489482885632e-03 2.121626234320253893e-03 2.826812988173816807e-03 3.145595557811858064e-03 2.253813400516981036e-03 1.756132145074516945e-03 1.024714108749119655e-03 1.006990391533537071e-03 7.626130455742278613e-04 7.023189233783947490e-04 1.191711614818942748e-03 1.297553473097363486e-03 1.412558995431183184e-03 1.239774245470951419e-03 6.233508719130421462e-04 2.761651065370243022e-04
9.997624451765876104e-04 1.502355844455976856e-03 2.073369941402015190e-03 2.325710969337180332e-03 2.061317632702646795e-03 1.651231449211425185e-03 8.213370554714119693e-04 9.099438770191322018e-04 8.483221728393696478e-04 6.799382621346590798e-04 1.039998043395735450e-03 1.019404685777262464e-03 1.142870715246567092e-03 8.889740544345280148e-04 7.756653393398825090e-04 7.981790302711696747e-04 2.293594706877960553e-04
1.199477109709262733e-03 1.421138957796305767e-03 1.466855922120880286e-03 1.635422635525491048e-03 1.550596752988580782e-03 1.240796854633759768e-03 9.041765423336635714e-04 7.803756762358286542e-04 1.144724081233674910e-03 9.615440114033699422e-04 1.125184101549281130e-03 1.054308236928030692e-03 8.797388982341187297e-04 6.837617344469302085e-04 6.424673285105382981e-04 4.565099245911531677e-04 5.916472729743902119e-04
