4.292069855783243668e-03 3.478995994764222301e-03 4.621574850261901506e-03 5.985184304740592300e-03 5.889972302425217944e-03 3.756586799963746413e-03 1.464749133578788437e-03 1.578956170667301104e-03 2.984052397096417873e-03 3.350328491159745761e-03 3.895270753881304327e-03 4.187537957418561822e-03 2.662613500992270978e-03 1.329513123266915604e-03 8.611778984753068206e-04 5.460428184583226551e-04 9.634738576532706237e-04
2.659562593316937545e-03 1.620672805524772404e-03 4.536581298996102650e-03 4.675244356285748575e-03 5.258225447352046084e-03 4.578569590016446506e-03 4.051591461757639290e-03 4.420834876984648318e-03 5.669930810498766301e-03 6.433430904564935507e-03 6.089751030818461516e-03 5.204569872413475698e-03 4.852886590176228900e-03 4.497978261697706606e-03 2.330970084923825267e-03 3.030018012962914370e-03 1.991107328542835939e-03
1.155172556586726677e-03 7.185584129674215444e-04 1.157227391664862473e-03 9.052558522869748195e-04 2.361465230591884654e-03 2.594177044576399457e-03 2.590972894963035952e-03 4.180091792338810376e-03 5.069953795396363663e-03 2.315165268678775080e-03 1.498246428123717637e-03 1.807655832092472858e-03 2.055113699841100341e-03 2.958265958251474984e-03 2.621635213654401227e-03 1.629936977232976413e-03 1.389082443904934546e-03
7.110077647481029967e-04 1.674516450114562184e-03 8.678090950664427670e-04 1.947119926785458900e-03 3.062094336809743737e-03 3.115777773918864887e-03 1.165161144729257286e-03 2.995691818844094505e-03 3.254322416983668545e-03 1.845304590049500013e-03 1.429001968761866789e-03 3.300921897230200790e-03 4.051013321718706373e-03 3.860289798754535859e-03 2.460431660389005102e-03 1.288973665115223429e-03 1.055398123843627987e-03
1.847840047569639750e-03 1.500677402504291139e-03 3.283758800170789340e-03 5.145286139023603177e-03 5.925789122668516720e-03 5.115376098937115916e-03 5.498369495331038685e-03 8.845152525288172557e-03 1.457686769898375832e-02 7.691602940136040706e-03 7.247417251669502000e-03 6.248356436679976082e-03 6.811938491500150496e-03 5.534033073636307823e-03 3.137224679700491292e-03 3.258035051209588057e-03 2.803366221073240721e-03
6.672014670993072286e-04 1.493495928044773257e-03 2.631017799587447286e-03 1.821015742871673077e-03 1.793745643444890920e-03 4.349124615529035946e-03 7.650352996635297748e-03 1.026365742129495273e-02 1.669243534337787674e-02 9.921356724990754161e-03 7.727956107162444951e-03 7.348368861118379815e-03 6.168064626694661455e-03 5.341665682609625723e-03 1.727928231060812513e-03 2.491017358111355558e-03 2.096795506985382751e-03
0.000000000000000000e+00 3.178934349015324575e-04 9.665386964138796564e-05 7.202997986268584209e-04 4.795497484383825712e-04 2.402910209286483398e-03 1.058664963340731581e-03 2.051080650653844002e-03 4.878798408788650662e-03 3.335401333287051594e-03 3.699148935372877870e-03 3.503291807484685411e-03 2.682876264525479917e-03 1.363783593044634590e-03 8.745099470839561668e-04 4.362937286579689558e-04 1.646152760493653413e-03
6.954606735806499827e-04 7.707930172078920981e-04 2.246805433231918541e-04 1.127024798787588282e-03 3.746027037324921229e-03 5.325533485860603836e-03 3.937349596955938384e-03 4.593287781610007336e-03 1.172194949684854728e-02 7.982630277083777037e-03 6.378235944703422589e-03 3.606806736624256111e-03 2.470016247058545722e-03 1.230031243314601893e-03 1.649914153518037413e-03 1.369056508821409708e-03 1.202684522918804483e-03
1.027974782478815107e-03 3.624373835156656249e-03 2.773442249901476343e-03 5.357505326567865885e-03 6.290087002622725583e-03 1.147452645681311043e-02 1.203805278729217984e-02 2.064330505859367920e-02 0.000000000000000000e+00 2.245106537382572653e-02 1.474277299352963651e-02 9.710168437756875812e-03 7.012051565940007579e-03 4.584525128971719474e-03 2.823280707474561200e-03 2.282824254211712148e-03 3.068802154369894286e-03
1.358183296763885604e-03 3.441235788124991438e-03 2.572778897593237975e-03 1.383705044988593194e-03 2.467989274150961341e-03 4.799962397214621070e-03 5.796884790614358247e-03 6.014948068431687396e-03 1.073992639915095568e-02 3.467043123597846749e-03 2.629715243114188420e-03 2.886945767183575918e-03 1.834953793689806430e-03 8.854528145678577239e-04 6.571710857009504733e-04 6.052917241350052029e-04 1.357897709515737666e-03
3.871936186044848882e-04 1.885433081185564671e-04 3.077725014488849587e-04 5.714879457140152087e-04 4.300874301677356918e-04 1.249082002428842167e-03 2.244346596680793678e-03 1.999626187188801359e-03 9.152862336853315748e-04 3.101129237751681510e-04 6.457266991471309267e-04 3.900564566285992518e-04 2.880530502414210240e-04 1.322756546908300621e-04 5.671205504801475270e-04 9.003660413552760477e-05 2.778833579903092535e-04
8.266148759068026389e-04 2.699753774336742344e-03 1.787595069295759131e-03 3.936047040482679518e-03 4.111286162163138407e-03 5.211925485438936509e-03 6.938537228941213039e-03 8.200658727187918814e-03 1.481694905707900932e-02 1.077987378617843717e-02 9.212264484468027717e-03 5.415514365655028570e-03 5.201720965474636825e-03 2.766156292302392010e-03 2.330029736667729376e-03 2.079019442173850579e-03 2.814281226386590971e-03
3.548728042110715214e-03 5.625546372811038483e-03 2.693143474373519471e-03 2.841342359534241094e-03 7.459490162818371677e-03 7.150394208268314074e-03 9.324158961400808715e-03 7.638219021360341358e-03 1.252671346550073526e-02 7.775391452525507070e-03 7.726987896735798729e-03 5.799427213677135241e-03 4.231413910493734935e-03 1.761530008745307296e-03 2.023796620141786028e-03 1.617545276880423284e-03 2.163009955299813238e-03
9.043085384882411284e-04 2.025572833514411794e-03 8.372164318014545118e-04 1.491273919943331789e-03 3.829446375954587145e-03 2.626580748927202693e-03 3.088333535926139801e-03 1.027187676160749288e-03 9.188316948879453067e-04 1.492123716145137046e-03 1.300912605196323383e-03 1.479181737924201764e-03 1.136135728557762003e-03 7.513661187912134675e-04 1.112529504558435085e-03 5.770464487389379395e-04 2.912154065989584913e-04
4.943375954583209640e-04 8.306270284661452542e-04 1.036479710039504929e-03 1.979147491833822912e-03 2.416736811422413259e-03 2.424141183246338992e-03 1.997661904164956415e-03 6.415404080218444069e-04 1.005524838557353808e-03 1.305725795159007200e-03 2.386750150366908577e-03 1.492910822463202648e-03 2.567269153366779841e-03 1.222543284979023216e-03 2.148403212388456333e-03 9.321985712097832170e-04 1.081902013580258049e-03
2.302606395302915845e-03 1.418093928991154013e-03 3.029558287148823286e-03 4.836886738737322493e-03 6.380123606758253581e-03 3.615318629727584058e-03 4.736046577970647736e-03 1.803978025579742453e-03 2.924371627776194138e-03 2.761788897068523894e-03 6.142229429051253645e-03 4.486993600957976842e-03 4.860980550721291475e-03 3.258411190512026413e-03 4.161061929852482959e-03 2.355690795745191655e-03 2.661074116069329313e-03
2.581938586161877051e-03 1.655897554643862664e-03 3.262061134854206488e-03 4.484318832585082633e-03 4.475813905024391727e-03 3.449441197352258372e-03 1.573752910316903115e-03 1.058010202332783410e-03 9.333200235744604873e-04 1.014830803521384831e-03 2.581952517247151999e-03 2.707401940152990086e-03 1.504006931885134820e-03 2.325578754922207666e-03 3.347193996972759600e-03 2.351086572061640307e-03 2.192495097285398955e-03
