4.589220260080234342e-04 1.264602435172384977e-03 8.086908222748823366e-04 2.064456607556308752e-03 4.798804534048431610e-03 4.091574935392013578e-03 7.516566572338481862e-03 4.365270706820388764e-03 4.754392355839986463e-03 2.641814924266076142e-03 5.715709978174505178e-03 4.266110217176123480e-03 5.563128963865598964e-03 3.625819386087485077e-03 4.418691231485029694e-03 2.905254687530852038e-03 1.571000679059915634e-03
5.927652218305314632e-04 1.156490831260335774e-03 1.334608848039096777e-03 2.217896104691408771e-03 4.160585508180341188e-03 3.180552960234789804e-03 7.118516701926464949e-03 3.450734675294609734e-03 7.874267749919375628e-03 2.594724279639906359e-03 8.808434422070791914e-03 3.783688654605747107e-03 4.703169547210403825e-03 2.446321215085145873e-03 2.645260302008535774e-03 3.177325064808299727e-03 1.892462434937733102e-03
8.457887268041517888e-04 3.192182540920299877e-04 6.503980355623650671e-04 5.459263988333792634e-04 1.804988758167391273e-03 3.673333548907909557e-03 6.120078282187311862e-03 4.725993743949485730e-03 5.554051938783308856e-03 2.438995494968289671e-03 3.455256018179232724e-03 1.773350804412716485e-03 1.146337841035879705e-03 1.734661845045566914e-03 1.946409495735773468e-03 4.049532169783864703e-03 2.807124377278020274e-03
4.676327650844733664e-04 6.104156287370831246e-04 6.104156287370831246e-04 5.157993748528060755e-04 1.838698517142614477e-03 2.338106593233953666e-03 6.135943044815380179e-03 4.400434163381300619e-03 7.708729368153779266e-03 1.814077229687366660e-03 2.688756765202371564e-03 2.470610555847598672e-03 3.020337171991598155e-03 2.934237067743165808e-03 1.548703018454232949e-03 1.784785795657622357e-03 8.384858995626601804e-04
5.309773512199183511e-04 1.037081593355571952e-03 4.349073997499525971e-04 1.399521596137056310e-03 2.691996107066545185e-03 2.614354920265546649e-03 1.621671769393198681e-02 4.312788790045719509e-03 2.753789700895998768e-02 4.838947191001270048e-03 2.362749628920797831e-02 7.488969211085762419e-03 4.888567498355291842e-03 4.889609124184406304e-03 2.108078981564654418e-03 3.846815758425223622e-03 2.715026339683912666e-03
1.360077171882856156e-03 1.225169457355867282e-03 1.224013367149925837e-03 6.135862919751600359e-04 5.283217776775579830e-04 1.335009473357987204e-03 1.011313372844528831e-02 4.616497121077842852e-03 2.688368730964931994e-02 3.275123428368337340e-03 1.305700869671719451e-02 1.471050385215552387e-03 2.113161199895723357e-03 3.094842034867566292e-03 1.614851981821912663e-03 5.445848763369797590e-03 3.718237923936704593e-03
1.315081225352600575e-04 0.000000000000000000e+00 0.000000000000000000e+00 0.000000000000000000e+00 0.000000000000000000e+00 9.079772227336555456e-04 1.718957332545055635e-03 1.547546928248291504e-03 4.114135864064396089e-03 3.538586084508477288e-03 4.625448235345626553e-03 1.675941619733887491e-03 2.389592669930237431e-03 1.585262940412421155e-03 2.254501812400327466e-03 1.086003668010955461e-03 1.356059472256267683e-03
0.000000000000000000e+00 1.316157190494763934e-03 2.003698916337128997e-04 1.098548963711072721e-03 2.003698916337128997e-04 4.136170256603379164e-04 4.670112235183088850e-03 1.265003060491275621e-03 1.814894505337903349e-02 4.028733992514603110e-03 1.304460075826926503e-02 4.574717623536395106e-03 4.343717064664074853e-03 2.762757984820307135e-03 3.825296455581956440e-03 1.696053010742195862e-03 8.754235539643735698e-04
2.201001162671908234e-03 1.776292538897141600e-03 7.484596671891013140e-04 2.185514132487365643e-03 1.273255942060421905e-03 1.428126243905845222e-03 2.550563923060480270e-02 7.466923372109097318e-03 0.000000000000000000e+00 7.316757556151217215e-03 2.907989241493223395e-02 3.673699834913753473e-03 2.642433031900935907e-03 3.478618197489396525e-03 2.079577351735008295e-03 2.504972761770730104e-03 4.124323193601901055e-03
1.491047311847034642e-03 1.114585422904379236e-03 2.674460164536819097e-04 4.057533229723995463e-04 1.696384957434990664e-03 4.056159657202085115e-04 1.103692992805628027e-02 7.640153759997390980e-04 1.589856395854443924e-02 3.904837751038264001e-04 6.154223005794474607e-03 1.374488236925235172e-03 0.000000000000000000e+00 6.116976297575330360e-04 0.000000000000000000e+00 1.518232601343182282e-03 1.802699470630873412e-04
0.000000000000000000e+00 0.000000000000000000e+00 0.000000000000000000e+00 0.000000000000000000e+00 0.000000000000000000e+00 0.000000000000000000e+00 6.857675280015636905e-04 2.748862009473644445e-04 1.504451090373345708e-03 4.877556025304639799e-04 1.491264794163003546e-03 5.164518218007135451e-04 1.011040947627682863e-03 2.180088521025818574e-04 1.011040947627682863e-03 0.000000000000000000e+00 0.000000000000000000e+00
2.243158392656881706e-03 1.511879828429345783e-03 8.557700204633692269e-04 1.694301705776759788e-03 1.480310553300766404e-03 3.485440274348218861e-04 1.221021268339697249e-02 1.631186048394966384e-03 2.496780546321301225e-02 3.320394089402974123e-03 1.189925875731176821e-02 2.738731912124553729e-03 2.232856598742551709e-03 8.213047966010948980e-04 1.537016205580310360e-03 7.189850901564358125e-04 4.357773290138293497e-04
2.969686685246143276e-03 1.532964166640674074e-03 1.024707994220693755e-03 2.217369568558009551e-03 3.923518337336248316e-03 2.396014121470169556e-03 1.833478941559353939e-02 2.184644203223488727e-03 2.586525196327869175e-02 2.602622321640892921e-03 1.360968849378329897e-02 1.667173648469024881e-03 2.701416525279315157e-03 8.580936473129344676e-04 1.849057543245356881e-04 8.109228776229870320e-04 3.799644988735274452e-04
9.518170790579698988e-04 2.034054869071353494e-03 5.503676166542235178e-04 8.968054995554489584e-04 2.051487793661936360e-03 9.733936140896491630e-04 5.733783903275314030e-03 3.558205278696434035e-03 4.408881634391051754e-03 4.089480237296100676e-03 5.919170407982518069e-03 1.999955931214921889e-03 1.283271575032686939e-03 1.687273593039650141e-03 1.651137189275718366e-03 6.429235117556346109e-04 1.218793791566665429e-03
8.283100164628391920e-04 1.694301705776759897e-04 0.000000000000000000e+00 0.000000000000000000e+00 2.364536417843050506e-03 1.629663672183182107e-03 4.424666271955341769e-03 2.372285656154163140e-03 5.211242576627463270e-03 3.619867238492538788e-03 6.898241455162730691e-03 3.067347691553988769e-03 2.687234388990588155e-03 2.032509599984203864e-03 1.013215770787374934e-03 7.018383265079180177e-04 9.548503850438558836e-04
2.117052988707803472e-03 1.034883877320514961e-03 3.580216778360052407e-04 1.173694827097266410e-03 2.233737974444111301e-03 3.262772722108823412e-03 9.550964834540313919e-03 3.836937482705148322e-03 1.059800482867974056e-02 3.466816920238646738e-03 8.788506174065407670e-03 5.572297560449353086e-03 4.188984120070841921e-03 3.186367750577544407e-03 1.189960215044224938e-03 1.057192984363880105e-03 1.291146724158307932e-03
1.072061906913562715e-03 1.523440730488760230e-03 2.055436814662428991e-03 1.399990900082042364e-03 4.515814255221795026e-03 3.810164264965574220e-03 7.877621556160374280e-03 3.969361320255015459e-03 7.038895281406378976e-03 5.540293320688836551e-03 9.963391430681664204e-03 5.010826899243018932e-03 5.583503622940607161e-03 3.017177955191203270e-03 1.446669472951639043e-03 1.459947340663441317e-03 2.723347899879154359e-03
