1.574731959628585367e-03 1.631439388674793024e-03 1.404360829321252193e-03 1.439641551840692901e-03 2.728473665836388118e-03 1.657460525916468717e-03 7.261950901419711533e-04 2.170213662350173670e-03 2.110991607599112946e-03 1.988327641836035511e-03 8.445239459659533744e-04 3.088575924976645713e-03 3.431039132558070300e-03 1.905248075710183359e-03 1.314627982684643363e-03 2.931988086814036817e-03 2.598732076474859730e-03
1.416949674256172192e-03 2.240078346516668605e-03 1.510572332529974433e-03 1.429687825092317184e-03 4.175845072317727405e-03 3.540257709005512933e-03 1.278003507054172299e-03 2.655363542869567002e-03 5.507229368162729240e-03 4.110760796392227967e-03 1.283719041729160498e-03 4.024448888474931561e-03 8.336484517326424662e-03 2.982343466553715513e-03 1.453561052877764149e-03 4.964114745744699873e-03 4.155437313081779792e-03
8.209755240007164537e-04 1.294277850287766773e-03 5.658065000025485573e-04 6.466464776100162761e-04 8.883360600694626286e-04 1.843775954833634005e-03 5.679151184321388785e-04 1.389194493038858717e-03 2.027985384722986052e-03 1.378132759339282002e-03 3.200489865851476935e-04 1.417410688968728663e-03 3.128681585567271665e-03 5.719647135776622380e-04 2.704034647267349110e-04 1.405023537970552039e-03 1.589552534876562031e-03
1.516526232766569502e-03 1.473114887134771220e-03 7.974585348567907140e-04 1.068674014134051277e-03 2.507516648433098447e-03 1.470469291341123608e-03 1.389304507913445466e-04 1.128103001625406932e-03 2.676271607844708193e-03 1.615660112376841439e-03 3.670986812836550344e-04 1.854709337846192387e-03 2.828715552397862137e-03 8.545903069906922141e-04 2.654475565667540910e-04 2.066461777409009468e-03 1.469314135157956652e-03
2.592647206149470331e-03 3.269285834093410038e-03 1.592213847080863878e-03 1.634388835074443479e-03 1.058794678396110175e-02 7.930694652411120205e-03 1.875208776144294620e-03 6.928354368849666371e-03 2.244471607175187872e-02 8.067605544433255685e-03 2.456875753899848223e-03 1.160330287494694933e-02 1.738348700516611361e-02 3.986386361269494971e-03 2.492473424034171315e-03 7.640294674527254096e-03 5.112857475588524457e-03
2.152307431810200448e-03 2.855952092063548334e-03 1.707533010264351012e-03 1.457602789817959849e-03 7.933172606491107823e-03 1.110290021788655317e-02 2.574748833814825746e-03 6.322353148596112152e-03 2.371080915893106558e-02 9.699770507399974387e-03 1.321205300543899222e-03 1.026993307255581918e-02 1.266339310946141411e-02 2.398840288153264010e-03 1.336214472719739936e-03 4.662328228341049499e-03 2.743011345692567514e-03
6.104018152370485487e-04 1.278579775444867780e-03 6.284756874906785107e-04 2.250459035754514647e-04 1.205047928792128166e-03 1.353038890326271025e-03 4.790021445513830897e-04 4.017690831893137361e-04 1.976008595284032155e-03 9.312680551762734507e-04 1.511735346918469483e-04 2.397682512568321059e-03 2.069848663905233740e-03 2.744373434616030052e-04 9.422250128048144586e-05 1.816801355345535164e-03 2.820362280134553336e-04
2.235486535203536074e-03 2.609953593682765634e-03 7.424772915808930699e-04 7.135171855466710105e-04 6.831281958437018798e-03 5.925694518271557194e-03 7.473205654645108213e-04 5.142124051630525029e-03 1.489002868606421719e-02 2.970281121375749258e-03 1.098260157192710446e-03 8.632510970224898175e-03 6.835211061100847363e-03 1.008603273207602435e-03 1.551838388107320199e-03 4.026101730995516534e-03 1.475805012758608578e-03
2.704498281381681035e-03 4.104854045387598856e-03 1.229562910012668101e-03 2.137135856724254983e-03 2.093252494892441570e-02 2.220120600505818415e-02 2.350106318112861383e-03 1.606469417365782512e-02 0.000000000000000000e+00 1.672510560760012005e-02 1.617912797904105414e-03 2.420613279594802797e-02 2.325539472737156790e-02 2.341878777134794812e-03 1.195117776659735537e-03 5.283933224973571229e-03 1.253719033189910599e-03
1.052245126195678953e-03 2.942869081791077250e-03 1.662018285006514398e-03 7.480932889883977954e-04 7.277722319512333615e-03 9.157664354665657341e-03 1.256851837713873548e-03 3.903935451569856031e-03 1.660896657166078746e-02 5.891823033907539128e-03 5.206768268057674872e-04 8.359150200893186722e-03 9.265733013733489995e-03 9.258275576877532343e-04 3.107763042985027036e-04 3.722898117231107293e-03 1.876104611551648697e-03
5.124492858277020007e-04 1.011903719445221691e-03 3.344425993436544119e-04 4.841309332285725323e-04 3.182405515990743752e-03 2.757923600002700967e-03 7.993890339656204499e-05 1.893683416869635554e-03 3.540289141826823138e-03 8.775493635563543296e-04 3.829355844206761787e-04 1.579268763504424605e-03 1.215766520859063848e-03 1.000663866424884797e-04 3.916739087450398730e-04 1.197111141411186849e-03 3.606497141114177810e-04
2.917455645761407677e-03 3.826018726344280335e-03 5.079203401571909639e-04 2.319220951773360521e-03 1.087636649410239804e-02 8.092220062921276491e-03 7.398316957872457834e-04 8.914196198400385629e-03 2.168263255787844859e-02 5.429205247464340134e-03 1.740773218800374667e-03 9.955623195261640440e-03 6.790710044330284384e-03 1.514844576826448585e-03 1.772132696861310674e-03 2.330188387009005102e-03 1.034430574717861654e-03
3.405169920619394077e-03 5.076921902625109936e-03 2.364251087702658009e-03 2.966124130757414115e-03 1.388399242659699162e-02 1.000302912860167454e-02 1.619432050934120930e-03 7.433663165436295815e-03 2.081858097167326588e-02 5.722677783631325427e-03 6.638533278758271304e-04 8.411051027680641751e-03 1.298934098884585789e-02 2.117846582046612348e-03 1.204442846981898475e-03 4.001825115336581952e-03 2.276265382050566936e-03
1.117819230253268856e-03 6.705223247972390190e-04 9.358834411053888530e-04 1.393623901441885847e-03 3.066758927585270470e-03 2.834920915204940366e-03 5.643396350080512065e-04 1.518095254430326538e-03 2.714027665042363559e-03 7.472838938396485177e-04 9.929628252037728383e-05 1.753862369474489110e-03 2.193780420127841579e-03 3.275692890837232619e-04 3.325225778419281953e-04 2.132384261902793478e-03 1.701875102428432535e-03
1.791091926915190733e-03 2.069754365441301824e-03 4.718930881316220935e-04 1.261037641751742685e-03 3.460394768260450799e-03 1.449521935339344010e-03 4.244059533365412062e-04 1.564201964489514169e-03 2.277069538395764658e-03 1.253734749600565919e-03 3.982878982291581976e-04 1.084859297707265391e-03 9.437861762632441870e-04 3.233546716263188312e-04 2.007745267200696047e-04 8.088607907872329009e-04 3.794098696303304600e-04
3.768247820177061860e-03 4.706263454328022712e-03 1.239865017197236841e-03 2.445290139845093108e-03 6.284534225755834640e-03 3.768114230686491969e-03 9.264588335157423332e-04 3.831731641617493623e-03 5.147187355263318012e-03 2.436221770896967922e-03 1.051113544628495301e-03 2.621431812264709074e-03 4.213074629758431847e-03 1.986467866575154957e-03 1.083295514847060128e-03 2.377727909839604317e-03 1.238204316471323450e-03
1.708478614305446392e-03 2.427344618278481480e-03 1.165893111046148716e-03 1.277094574637939114e-03 3.158388221107622483e-03 2.224602920824720297e-03 4.643832632401499630e-04 1.918020278769414985e-03 1.402854673300116652e-03 1.277141723869904639e-03 3.054589186934493191e-04 1.073677071525997676e-03 3.269361796744911508e-03 1.766631953131944958e-03 9.260344904280485992e-04 2.163099367126860521e-03 2.728966113370255662e-03
