6.620135494125583414e-03 1.230011455813206922e-02 5.853392536115431359e-03 1.493357281909833516e-02 1.086078023207151695e-02 7.786544332505904165e-03 1.202100329739013915e-02 1.357597529008939619e-03 0.000000000000000000e+00 0.000000000000000000e+00 0.000000000000000000e+00 5.430390116035758476e-03 5.430390116035758476e-03 4.072792587026819074e-03 1.357597529008939619e-03 4.072792587026819074e-03 1.357597529008939619e-03
5.728946072498694933e-03 9.673625060159139755e-03 2.715195058017879238e-03 9.503182703062577549e-03 5.430390116035758476e-03 7.178842612412426709e-03 3.816810657861060239e-03 0.000000000000000000e+00 0.000000000000000000e+00 1.357597529008939619e-03 1.357597529008939619e-03 4.147463598862959760e-03 2.789866069854019925e-03 2.715195058017879238e-03 1.357597529008939619e-03 5.430390116035758476e-03 2.808276018690705842e-03
1.357597529008939619e-03 1.357597529008939619e-03 1.600634325364611423e-03 6.112116790316781539e-03 5.077672478391790679e-03 5.663322336521899036e-03 1.408638901972970869e-02 4.072792587026819074e-03 0.000000000000000000e+00 3.187727594105085015e-03 1.357597529008939619e-03 2.715195058017879238e-03 4.072792587026819074e-03 2.715195058017879238e-03 4.072792587026819074e-03 5.671472197682388139e-03 4.072792587026819074e-03
1.357597529008939619e-03 4.072792587026819074e-03 2.715195058017879238e-03 9.503182703062577549e-03 3.807447235400203498e-03 9.184503280544677878e-03 1.561529949337936082e-02 2.715195058017879238e-03 0.000000000000000000e+00 2.958231854373551042e-03 5.430390116035758476e-03 4.072792587026819074e-03 6.787987645044697878e-03 2.715195058017879238e-03 6.787987645044697878e-03 7.013317254501857771e-03 2.715195058017879238e-03
2.715195058017879238e-03 3.712880552142477572e-03 2.792568672920692739e-03 5.430390116035758476e-03 1.386610786814220257e-03 7.469714319325721809e-03 5.778305406701603024e-03 0.000000000000000000e+00 0.000000000000000000e+00 1.357597529008939619e-03 4.242498958991578785e-03 5.430390116035758476e-03 6.787987645044697878e-03 4.088545059216287976e-03 2.730947530207348140e-03 2.730947530207348140e-03 1.357597529008939619e-03
1.357597529008939619e-03 1.357597529008939619e-03 1.357597529008939619e-03 1.357597529008939619e-03 1.357597529008939619e-03 5.709210792708242083e-03 5.430390116035758476e-03 0.000000000000000000e+00 0.000000000000000000e+00 0.000000000000000000e+00 1.375811228480661695e-03 0.000000000000000000e+00 0.000000000000000000e+00 0.000000000000000000e+00 1.357597529008939619e-03 2.715195058017879238e-03 1.357597529008939619e-03
0.000000000000000000e+00 0.000000000000000000e+00 0.000000000000000000e+00 0.000000000000000000e+00 1.357597529008939619e-03 1.357597529008939619e-03 5.430390116035758476e-03 2.715195058017879238e-03 0.000000000000000000e+00 0.000000000000000000e+00 1.357597529008939619e-03 0.000000000000000000e+00 2.715195058017879238e-03 0.000000000000000000e+00 1.357597529008939619e-03 4.072792587026819074e-03 1.357597529008939619e-03
1.357597529008939619e-03 0.000000000000000000e+00 0.000000000000000000e+00 0.000000000000000000e+00 0.000000000000000000e+00 1.357597529008939619e-03 2.951517585768858622e-03 0.000000000000000000e+00 0.000000000000000000e+00 0.000000000000000000e+00 1.375811228480661695e-03 0.000000000000000000e+00 1.357597529008939619e-03 0.000000000000000000e+00 1.357597529008939619e-03 1.357597529008939619e-03 0.000000000000000000e+00
0.000000000000000000e+00 0.000000000000000000e+00 0.000000000000000000e+00 0.000000000000000000e+00 0.000000000000000000e+00 0.000000000000000000e+00 0.000000000000000000e+00 0.000000000000000000e+00 0.000000000000000000e+00 0.000000000000000000e+00 0.000000000000000000e+00 0.000000000000000000e+00 0.000000000000000000e+00 0.000000000000000000e+00 0.000000000000000000e+00 0.000000000000000000e+00 0.000000000000000000e+00
2.715195058017879238e-03 4.072792587026819074e-03 4.993939236271170354e-03 4.993939236271170354e-03 2.715195058017879238e-03 2.715195058017879238e-03 2.715195058017879238e-03 2.715195058017879238e-03 0.000000000000000000e+00 2.715195058017879238e-03 4.033071807090060634e-03 1.357597529008939619e-03 1.357597529008939619e-03 0.000000000000000000e+00 0.000000000000000000e+00 0.000000000000000000e+00 1.357597529008939619e-03
2.715195058017879238e-03 5.430390116035758476e-03 8.145585174053638147e-03 8.145585174053638147e-03 2.715195058017879238e-03 2.715195058017879238e-03 1.357597529008939619e-03 1.357597529008939619e-03 0.000000000000000000e+00 5.390669336099000036e-03 8.105864394116878840e-03 4.955089355100908942e-03 6.312686884109848344e-03 1.357597529008939619e-03 0.000000000000000000e+00 0.000000000000000000e+00 0.000000000000000000e+00
1.357597529008939619e-03 4.072792587026819074e-03 2.715195058017879238e-03 6.787987645044697878e-03 1.357597529008939619e-03 2.821582479290629317e-03 6.894375066317447523e-03 4.072792587026819074e-03 0.000000000000000000e+00 4.091006286498540499e-03 6.787987645044697878e-03 5.604688650635248834e-03 4.247091121626307697e-03 3.325073573615460257e-03 0.000000000000000000e+00 0.000000000000000000e+00 0.000000000000000000e+00
1.357597529008939619e-03 6.787987645044697878e-03 4.072792587026819074e-03 5.430390116035758476e-03 1.357597529008939619e-03 6.894375066317447523e-03 1.375308260465600910e-02 5.430390116035758476e-03 0.000000000000000000e+00 2.958231854373551042e-03 7.640902956997951134e-03 3.345825567273153119e-03 4.682671102624400526e-03 1.357597529008939619e-03 1.357597529008939619e-03 0.000000000000000000e+00 1.357597529008939619e-03
2.715195058017879238e-03 5.430390116035758476e-03 6.787987645044697878e-03 6.044854206006371362e-03 6.044854206006371362e-03 8.251972595326386925e-03 9.630115636752359029e-03 2.821582479290629317e-03 0.000000000000000000e+00 4.072792587026819074e-03 6.145959448478636490e-03 6.808739638702390740e-03 8.203289722800443523e-03 2.715195058017879238e-03 0.000000000000000000e+00 0.000000000000000000e+00 1.357597529008939619e-03
6.787987645044697878e-03 9.517548792676985489e-03 8.177388518680809085e-03 7.419888990028075497e-03 5.393830132844230039e-03 8.029209819962570757e-03 4.199725520716601421e-03 2.821582479290629317e-03 0.000000000000000000e+00 3.187727594105085015e-03 1.304033451479608315e-02 5.941323961889589771e-03 6.845692193791504121e-03 6.805636961153631835e-03 4.072792587026819074e-03 1.357597529008939619e-03 1.357597529008939619e-03
7.856668906628649571e-03 9.228632525251995178e-03 4.054598534142015744e-03 4.790084735756314389e-03 2.715195058017879238e-03 5.314014761944691086e-03 5.601875017793138574e-03 4.179180008299569586e-03 0.000000000000000000e+00 2.715195058017879238e-03 8.446655440165182910e-03 6.805636961153631835e-03 4.090441903135752164e-03 2.825925334799638932e-03 6.881068605717525349e-03 1.357597529008939619e-03 2.715195058017879238e-03
7.298577459218667969e-03 8.145585174053638147e-03 5.430390116035758476e-03 5.178786646856503584e-03 8.178566367808027052e-03 1.086078023207151695e-02 6.733784361879499060e-03 1.357597529008939619e-03 0.000000000000000000e+00 2.715195058017879238e-03 6.892043822051701490e-03 5.940979930209729434e-03 8.939321373820238725e-03 4.925820605361525689e-03 6.203374322144668794e-03 5.430390116035758476e-03 5.427573156646901820e-03
