2.198816768597889899e-03 1.806694897309562555e-03 1.256503255380962648e-03 8.592309621319658931e-04 1.100425843616677094e-03 8.506617539598181413e-04 9.727586438830008444e-04 8.851642749054115019e-04 1.234499860980060263e-03 1.513587895103756572e-03 1.289108288813958824e-03 6.912258878111149450e-04 9.088170403138936312e-04 1.129437152782470982e-03 1.427412604838632386e-03 1.908815566236019348e-03 1.682654261109405589e-03
1.600577124323871456e-03 1.581543935781978957e-03 1.303639690735470657e-03 1.145009109661272685e-03 8.760775939010789857e-04 4.945245354444131837e-04 7.025479094710562799e-04 9.653179947524231615e-04 1.400123996273015987e-03 1.390322021407119826e-03 9.744773288806424065e-04 6.650702209455912773e-04 7.412334921892457362e-04 8.739708301248981384e-04 1.198493752223754550e-03 1.544486593650475862e-03 1.270290220571798114e-03
1.364824406604268209e-03 1.809552780720002614e-03 1.932235968220231016e-03 1.661209864624576009e-03 1.412816253366535116e-03 1.225001631010809661e-03 1.075658464525994012e-03 1.271877813187443198e-03 2.038869543251151974e-03 1.505364602560378033e-03 1.254963418010775949e-03 9.386792451226158790e-04 1.040330837765674659e-03 1.476519078251616263e-03 1.496399795960539486e-03 1.361841362521267916e-03 8.596170706583156984e-04
1.031032778710297719e-03 1.151982413810749952e-03 1.510610963268819865e-03 1.661660764768267077e-03 1.949852953525560342e-03 1.493573025708271442e-03 1.229239485854231005e-03 1.590930944039706165e-03 3.154429677604993643e-03 1.785958386039238803e-03 1.787895142946798344e-03 1.352548518106925059e-03 1.456317295326219801e-03 1.688353016573706676e-03 1.239166693004058531e-03 1.252331962093062093e-03 1.019542540309218825e-03
7.337377050529232019e-04 8.909271658732901633e-04 1.072349130335857126e-03 1.379989933204577718e-03 2.085693045177695361e-03 2.239836203067357458e-03 2.164620416050244515e-03 2.664714281076130571e-03 4.129081051163497641e-03 2.775757239715108664e-03 2.302462419241640013e-03 1.725892115136548654e-03 1.582056580184107008e-03 1.737602214874999287e-03 1.152223370071018280e-03 9.257620372203626468e-04 7.204973797742290562e-04
2.834387581785706585e-04 4.607795039278573157e-04 5.854540913645158969e-04 9.986796426886997147e-04 2.196904278992248532e-03 3.059493986560422266e-03 3.661331261114703518e-03 5.535473973938677926e-03 9.885041335490979408e-03 6.644340544055545722e-03 5.186303338226798745e-03 4.094758817673449340e-03 3.142931310505360423e-03 2.497510478633831448e-03 1.590222275392388007e-03 1.314421952867283637e-03 1.237962448566330568e-03
7.548891651703004127e-04 9.174342786504977075e-04 9.999389298531904512e-04 1.599627206381909125e-03 2.495194272614369938e-03 3.913450901628963939e-03 5.940232789740742571e-03 9.924999859040970623e-03 1.868232538014223329e-02 1.135734115811896754e-02 8.183921105220374331e-03 5.245905902991010450e-03 3.761618233081514585e-03 2.692594709277001692e-03 1.659013857381081694e-03 1.456068787101294764e-03 1.363850300245145371e-03
1.293941635965988263e-03 1.429160419159960496e-03 1.487419981310784609e-03 2.445947188918575627e-03 3.524071290697853524e-03 5.295626590270100485e-03 9.023218607889356424e-03 1.698489746870451150e-02 3.569690660790697523e-02 1.964149740451804488e-02 1.188026387689470643e-02 7.106255157802146040e-03 4.274163184369812046e-03 2.321400374430774519e-03 1.758020348358524864e-03 1.517597445200331114e-03 1.441652501147823624e-03
1.848776537059842887e-03 2.275546725835357349e-03 2.455046077235027626e-03 3.449518396596617902e-03 5.940433141148010986e-03 9.748107264155822863e-03 1.750050285657886798e-02 3.505731212850365236e-02 0.000000000000000000e+00 3.508299073934192241e-02 1.834214911103393408e-02 9.858973922292476808e-03 5.552223067311372849e-03 3.495445190373023137e-03 2.442368477254391705e-03 1.970105507474030453e-03 1.742658143032470210e-03
1.773808493646157136e-03 1.982204779028046062e-03 2.113171077271624922e-03 2.559762034797033892e-03 4.597328676099673127e-03 6.684320233021357090e-03 1.125061881622391180e-02 1.962221989474037531e-02 3.624540947267754221e-02 1.689063603654661003e-02 8.825459932232680715e-03 5.208830205815350237e-03 3.299884304403022210e-03 2.443587664371497589e-03 1.612420342191426929e-03 1.212460703653031081e-03 1.196200618565139342e-03
2.110326172024608142e-03 1.898790142608154912e-03 1.870776820905123818e-03 2.446968133608922423e-03 3.175497431086209479e-03 4.511006247995667101e-03 7.124705822263177092e-03 1.062201330966056588e-02 1.832572264074100107e-02 9.773737816405498116e-03 5.554999066093945989e-03 3.590876404319077574e-03 2.465374503433639605e-03 1.317893592736965516e-03 1.124981506440953568e-03 8.874446010829482086e-04 6.712760135533924052e-04
2.929231998975328696e-03 2.375053350436325591e-03 2.011860082412635174e-03 2.435441044104907221e-03 3.250756716976130854e-03 3.819639501759765788e-03 5.041521863201458425e-03 6.497263214059119038e-03 9.731694187070243779e-03 5.396140999840417715e-03 3.741706135394498155e-03 2.695961148724440506e-03 2.001170041212463595e-03 1.070275855174698506e-03 6.593904055314755205e-04 3.454867248899860278e-04 2.392319092534556091e-04
2.420457562211557681e-03 2.833706496273734419e-03 2.614250572057138459e-03 2.224686295271901572e-03 2.169547557177724066e-03 1.750185974278473024e-03 2.125526391253716469e-03 2.786283753710545874e-03 4.190984171762018699e-03 2.809189870041336849e-03 2.428287981370524234e-03 2.262473429693426328e-03 2.067907206047355298e-03 1.245646797412608160e-03 9.383352948757876268e-04 7.882961943368434546e-04 5.872306831131334426e-04
3.637843438627413450e-03 2.868120858490794990e-03 3.935747887531586275e-03 3.125812461353501791e-03 2.150445572708572367e-03 1.544562202126744353e-03 1.689076933244922172e-03 1.609223196216903740e-03 2.962940631578098259e-03 1.637039774303450856e-03 1.033065044099737428e-03 1.585905347459457557e-03 1.829371639925334936e-03 1.637453951085077533e-03 1.420732795097439565e-03 1.160799036865906714e-03 1.067740553496192204e-03
4.365513089634464466e-03 4.700876967455328188e-03 4.636171034129110691e-03 4.499792391809605448e-03 3.039587848422537798e-03 1.463373078862201509e-03 1.790401319431009263e-03 1.746484833435323764e-03 2.521299363117394943e-03 1.175371170508778679e-03 8.739400025193657089e-04 1.261030487966184176e-03 1.502993120407556315e-03 1.721309976879611568e-03 1.916012471503203375e-03 1.995456252748838404e-03 1.470906388052961849e-03
6.022060167946304519e-03 6.437659273207821907e-03 5.353234305504396204e-03 3.963046505154807324e-03 3.467224585675222816e-03 1.857716023201156199e-03 2.138064207020544654e-03 1.949487373883395779e-03 2.091605950585924932e-03 1.228145867732318873e-03 8.104475848962119228e-04 3.833893236755277168e-04 7.598687050292462705e-04 1.300076183100677685e-03 1.379335240652917278e-03 1.647022307996000171e-03 1.805373022877984970e-03
7.004634780062826867e-03 6.915490394126703327e-03 5.929346665628338307e-03 4.653552270042276770e-03 3.513465065813023772e-03 2.925013791078252129e-03 2.807538434173721328e-03 2.165443352019110444e-03 1.870564610499990095e-03 1.228253461298497561e-03 1.069403122597062513e-03 9.169849936991309293e-04 9.741434415685312114e-04 9.733126480695971673e-04 1.352342217302229246e-03 1.865070975820015209e-03 2.174182609840305622e-03
