3.379155186429073573e-03 1.135191683198820238e-03 1.121981751615126451e-03 0.000000000000000000e+00 1.121981751615126451e-03 0.000000000000000000e+00 0.000000000000000000e+00 0.000000000000000000e+00 0.000000000000000000e+00 0.000000000000000000e+00 0.000000000000000000e+00 1.121981751615126451e-03 2.243963503230252902e-03 0.000000000000000000e+00 1.121981751615126451e-03 3.365945254845379569e-03 2.243963503230252902e-03
4.544897825417476556e-03 1.135191683198820238e-03 3.379155186429073573e-03 3.365945254845379569e-03 0.000000000000000000e+00 1.135191683198820238e-03 1.121981751615126451e-03 0.000000000000000000e+00 0.000000000000000000e+00 0.000000000000000000e+00 1.121981751615126451e-03 2.243963503230252902e-03 2.243963503230252902e-03 1.121981751615126451e-03 1.121981751615126451e-03 1.121981751615126451e-03 2.243963503230252902e-03
3.422916073802349454e-03 1.135191683198820238e-03 3.379155186429073573e-03 3.365945254845379569e-03 2.243963503230252902e-03 2.259477093027035914e-03 1.121981751615126451e-03 0.000000000000000000e+00 0.000000000000000000e+00 1.695399709541332584e-03 1.121981751615126451e-03 1.121981751615126451e-03 1.503143431832985790e-03 0.000000000000000000e+00 0.000000000000000000e+00 0.000000000000000000e+00 5.609908758075632038e-03
1.009783084439008945e-02 3.365940334699329441e-03 6.731890509690759139e-03 1.013085509712415531e-02 6.731890509690759139e-03 4.503440596257289250e-03 2.243963503230252902e-03 0.000000000000000000e+00 0.000000000000000000e+00 3.939363212771585486e-03 2.243963503230252902e-03 1.121981751615126451e-03 2.279687936764799271e-03 1.121981751615126451e-03 1.121981751615126451e-03 1.121981751615126451e-03 3.365945254845379569e-03
5.665972053502603412e-03 4.487922086314456542e-03 6.731890509690759139e-03 1.013085509712415531e-02 4.430262389332326710e-03 7.796207644177705412e-03 4.487927006460505804e-03 0.000000000000000000e+00 0.000000000000000000e+00 5.609908758075632038e-03 2.243963503230252902e-03 3.137132874338213750e-03 6.666037120544290352e-03 5.523420264326515776e-03 4.099404104120164816e-03 1.121981751615126451e-03 3.365945254845379569e-03
4.487927006460505804e-03 2.243963503230252902e-03 4.487927006460505804e-03 7.853872261305886240e-03 4.487927006460505804e-03 2.257173434813946906e-03 3.379155186429073573e-03 0.000000000000000000e+00 0.000000000000000000e+00 4.487927006460505804e-03 0.000000000000000000e+00 1.121981751615126451e-03 2.442508637140652656e-03 3.169336923466168580e-03 3.365945254845379569e-03 1.121981751615126451e-03 1.121981751615126451e-03
5.609908758075632038e-03 2.243963503230252902e-03 4.487927006460505804e-03 7.866032799374514731e-03 1.806284202658777578e-03 4.501136938044199808e-03 4.517157837760367098e-03 3.148407341132684369e-03 0.000000000000000000e+00 6.731890509690759139e-03 0.000000000000000000e+00 2.243963503230252902e-03 5.808453891986031792e-03 3.169336923466168580e-03 2.243963503230252902e-03 4.487927006460505804e-03 5.575491595230559413e-03
2.243963503230252902e-03 1.121981751615126451e-03 2.243963503230252902e-03 3.365945254845379569e-03 2.243963503230252902e-03 2.243963503230252902e-03 4.487927006460505804e-03 3.365945254845379569e-03 0.000000000000000000e+00 5.609908758075632038e-03 1.121981751615126451e-03 2.243963503230252902e-03 6.930435643601158893e-03 1.121981751615126451e-03 0.000000000000000000e+00 2.243963503230252902e-03 2.243963503230252902e-03
0.000000000000000000e+00 0.000000000000000000e+00 0.000000000000000000e+00 0.000000000000000000e+00 0.000000000000000000e+00 0.000000000000000000e+00 0.000000000000000000e+00 0.000000000000000000e+00 0.000000000000000000e+00 0.000000000000000000e+00 0.000000000000000000e+00 0.000000000000000000e+00 0.000000000000000000e+00 0.000000000000000000e+00 0.000000000000000000e+00 0.000000000000000000e+00 0.000000000000000000e+00
1.121981751615126451e-03 0.000000000000000000e+00 0.000000000000000000e+00 2.251982127767111156e-03 2.243963503230252902e-03 1.121981751615126451e-03 0.000000000000000000e+00 1.121981751615126451e-03 0.000000000000000000e+00 4.487927006460505804e-03 3.365945254845379569e-03 3.456832049914059391e-03 1.140176697388436619e-02 1.009783576453613871e-02 5.609908758075632038e-03 6.236228006662338993e-03 1.169412283752260459e-02
7.247553808734063553e-03 1.121981751615126451e-03 2.243963503230252902e-03 7.861890885842744495e-03 4.330733132012870926e-03 3.187784866346876547e-03 4.474979116946495479e-03 2.267834125608553329e-03 0.000000000000000000e+00 1.229672883822199858e-02 6.731890509690759139e-03 8.635855407077707921e-03 1.664176198528588904e-02 9.580354986228686517e-03 4.487927006460505804e-03 1.242845192850555724e-02 1.066876750403959913e-02
7.247553808734061818e-03 3.365945254845379569e-03 3.365945254845379569e-03 4.495945630997364058e-03 4.495945630997364058e-03 4.720058701037384459e-03 2.267834125608553329e-03 1.121981751615126451e-03 0.000000000000000000e+00 6.731890509690759139e-03 4.487927006460505804e-03 4.166924946222619157e-03 1.346097381067631014e-02 1.121981751615126408e-02 6.731890509690759139e-03 9.574069574685064449e-03 1.270971961731012095e-02
9.487219925548290647e-03 3.365945254845379569e-03 5.847085416950090903e-03 8.854647496811867899e-03 3.368257301827634002e-03 2.243963503230252902e-03 3.389815877223679996e-03 2.243963503230252902e-03 0.000000000000000000e+00 5.609908758075632038e-03 1.121981751615126451e-03 4.427387528911435992e-03 9.157314890368665680e-03 8.700013647874838343e-03 6.456050144644585875e-03 1.294001482953044402e-02 1.795170802584202321e-02
1.149400676990408598e-02 1.009783576453613871e-02 4.374933328987715662e-03 8.609452213400550780e-03 3.461878801943576046e-03 4.487927006460505804e-03 4.487927006460505804e-03 2.243963503230252902e-03 0.000000000000000000e+00 4.487927006460505804e-03 0.000000000000000000e+00 2.315031777539543548e-03 6.731890509690759139e-03 6.731890509690759139e-03 3.286313028419277256e-03 8.898387434167525506e-03 1.684225394500184214e-02
8.411598090276256254e-03 6.731890509690759139e-03 4.374933328987715662e-03 4.482220428905902415e-03 3.360238677290775747e-03 2.243963503230252902e-03 1.121981751615126451e-03 2.243963503230252902e-03 0.000000000000000000e+00 1.121981751615126451e-03 0.000000000000000000e+00 1.121981751615126451e-03 5.564072705667172034e-03 3.365945254845379569e-03 3.090104889799205872e-03 7.927818528746171517e-03 1.236903416206406453e-02
4.762116260213325979e-03 3.408007784772447771e-03 2.243963503230252902e-03 3.402301207217843949e-03 2.238256925675649080e-03 1.121981751615126451e-03 2.605349049504128087e-03 3.365945254845379569e-03 0.000000000000000000e+00 4.487927006460505804e-03 0.000000000000000000e+00 3.219475615441975015e-03 3.547406132293033643e-03 2.243963503230252902e-03 1.121981751615126451e-03 6.731890509690759139e-03 1.011997452589461638e-02
3.365945254845379569e-03 2.243963503230252902e-03 3.365945254845379569e-03 1.121981751615126451e-03 1.121981751615126451e-03 1.121981751615126451e-03 1.121981751615126451e-03 1.121981751615126451e-03 0.000000000000000000e+00 3.365945254845379569e-03 0.000000000000000000e+00 2.243963503230252902e-03 3.320109202436918264e-03 1.121981751615126451e-03 1.121981751615126451e-03 4.428544996250799275e-03 5.690996932980051104e-03
