6.078313901034710937e-04 9.217416598618237205e-04 9.164409720706071958e-04 6.107314233098959161e-04 1.003298004911914315e-03 1.234710403638894852e-03 2.675254990915266248e-03 2.369774666891730480e-03 1.527401620117678624e-03 2.282401763677605836e-03 1.527401620117678624e-03 1.621863684142956560e-03 9.189520503893177251e-04 2.786462315322265661e-03 3.362794642577603653e-03 1.832881944141214392e-03 1.527401620117678624e-03
9.164409720706071958e-04 1.832881944141214392e-03 1.221921296094143072e-03 6.109606480470715362e-04 1.614258652958985634e-03 2.064294342868195145e-03 2.064294342868195145e-03 2.980470263849904419e-03 2.225537854657312024e-03 3.360018513169995419e-03 1.527401620117678624e-03 1.621863684142956560e-03 9.164409720706071958e-04 1.832881944141214392e-03 3.026760418924852574e-03 8.883981507601024143e-04 6.318290734313023642e-04
1.221921296094143072e-03 1.832881944141214392e-03 1.548270045501909560e-03 1.527401620117678624e-03 3.101488144227893418e-03 2.749322916211821479e-03 2.717484953793638299e-03 4.554952028990233957e-03 4.610777620825163778e-03 4.100300520613249858e-03 2.159723805658890841e-03 1.045762331466789340e-03 9.378025095647478772e-04 6.109606480470715362e-04 1.221921296094143072e-03 1.527401620117678624e-03 3.054803240235357681e-04
9.164409720706071958e-04 1.266991968628434920e-03 1.593340718036201625e-03 1.914693058202815695e-03 3.146558816762185483e-03 3.665763888282428783e-03 6.683420468347384125e-03 5.691100001948000940e-03 6.752097396129454199e-03 3.062366998502250894e-03 2.538304656213563430e-03 1.624374762461666981e-03 1.221921296094143072e-03 3.054803240235357681e-04 1.527401620117678624e-03 9.164409720706071958e-04 1.221921296094143072e-03
9.164409720706071958e-04 9.164409720706071958e-04 3.505509965578278327e-04 6.109606480470715362e-04 2.227935129871761680e-03 1.572472292651970471e-03 5.564998307573456107e-03 5.533302140321870802e-03 9.340983664569422681e-03 5.115502401323768558e-03 3.763526685534377639e-03 1.832881944141214392e-03 1.527401620117678624e-03 3.054803240235357681e-04 1.527401620117678624e-03 0.000000000000000000e+00 0.000000000000000000e+00
1.420410501356985430e-03 1.221921296094143072e-03 1.063485767013645604e-03 9.164409720706071958e-04 2.490527496180821882e-03 3.054803240235357247e-03 5.832799203272030775e-03 7.944303403348054390e-03 1.269291604072129986e-02 7.541137612831202292e-03 6.277034008276927667e-03 4.903246635803546090e-03 3.971244212305964985e-03 1.832881944141214392e-03 1.832881944141214392e-03 6.109606480470715362e-04 1.221921296094143072e-03
0.000000000000000000e+00 0.000000000000000000e+00 3.054803240235357681e-04 6.109606480470715362e-04 9.164409720706071958e-04 1.527401620117678624e-03 3.054803240235357247e-03 5.431717819712250303e-03 1.254917147213140821e-02 6.444367188232749157e-03 5.828235385450014974e-03 4.292285987756475421e-03 1.832881944141214392e-03 1.221921296094143072e-03 1.527401620117678624e-03 6.109606480470715362e-04 9.164409720706071958e-04
0.000000000000000000e+00 0.000000000000000000e+00 0.000000000000000000e+00 3.054803240235357681e-04 9.164409720706071958e-04 1.832881944141214392e-03 4.276459485240602723e-03 6.060658482179910600e-03 1.271741082575363058e-02 5.201713285975967035e-03 4.020302502587308480e-03 2.492900882469629639e-03 1.881940234422558537e-03 6.109606480470715362e-04 6.109606480470715362e-04 3.054803240235357681e-04 3.054803240235357681e-04
0.000000000000000000e+00 0.000000000000000000e+00 0.000000000000000000e+00 0.000000000000000000e+00 0.000000000000000000e+00 0.000000000000000000e+00 0.000000000000000000e+00 0.000000000000000000e+00 0.000000000000000000e+00 0.000000000000000000e+00 0.000000000000000000e+00 0.000000000000000000e+00 0.000000000000000000e+00 0.000000000000000000e+00 0.000000000000000000e+00 0.000000000000000000e+00 0.000000000000000000e+00
0.000000000000000000e+00 3.054803240235357681e-04 6.109606480470715362e-04 1.527401620117678624e-03 2.749322916211821479e-03 4.428885790892407581e-03 7.393656204529963465e-03 1.156466104348794106e-02 1.567707776680311513e-02 9.788312993746824814e-03 7.271070759766299491e-03 4.582204860353036521e-03 3.319191225159083200e-03 2.443842592188286145e-03 1.823828726413327488e-03 1.864921065513136869e-03 6.429997694189940136e-04
1.527401620117678624e-03 2.732770303571286415e-03 1.900598299896142729e-03 3.366178009513295152e-03 3.671658333536830920e-03 5.487643829726220404e-03 8.756197211937767969e-03 1.323160412292678605e-02 1.965546354976084598e-02 1.160403041341453480e-02 7.832278569071961238e-03 5.917216294759781135e-03 3.312788466266231024e-03 2.475881713560208405e-03 1.212868078366255951e-03 3.054803240235357681e-04 3.054803240235357681e-04
2.125338240448451568e-03 4.243319018286521339e-03 3.951636892320594709e-03 3.704520304327719917e-03 5.150068583404456522e-03 7.554216217661005421e-03 8.020540547864775729e-03 1.105296011078866006e-02 1.711640489741353410e-02 1.044914291424249228e-02 8.713188637991279781e-03 6.226427070088710533e-03 4.584841716314840866e-03 2.749322916211821479e-03 2.102579092614203886e-03 1.195191338271483486e-03 6.109606480470715362e-04
4.157972545717099344e-03 5.972079490467291710e-03 6.091945621603101109e-03 6.137134897244564923e-03 7.358863965222358847e-03 7.352951532282073384e-03 9.520068322264452557e-03 1.072624139716215654e-02 1.501247159796661838e-02 7.591841573001199654e-03 7.239085173292534106e-03 6.095875099726374459e-03 4.522115935461649278e-03 3.775359860574722861e-03 3.150036831250501313e-03 1.486309281017869025e-03 1.486309281017869025e-03
5.185210549968470063e-03 4.553149201067196138e-03 4.268769577897862759e-03 4.719919333837036511e-03 7.164738172111146004e-03 9.203710556594775841e-03 8.346388882571852130e-03 9.599724963796744254e-03 1.315009013304009426e-02 6.217232176135891950e-03 4.694524838800963849e-03 4.702410910884895039e-03 2.666261456103964558e-03 3.526260116907014696e-03 2.749322916211821479e-03 1.832881944141214392e-03 1.684676190780492501e-03
3.479674562292105113e-03 2.772397157116204824e-03 3.644914695997266297e-03 3.246101350855745866e-03 4.304756737005441779e-03 5.807814859099037254e-03 5.218242658445962356e-03 7.262437573778581131e-03 1.080211974042404044e-02 5.149396581362378038e-03 3.404886738621561246e-03 3.598153656625133374e-03 3.871630139557572566e-03 3.799701319558627336e-03 3.032731557484671155e-03 1.832881944141214392e-03 9.164409720706071958e-04
3.150977368571545797e-03 2.406310687674487712e-03 5.501009261642666147e-03 4.032246253470826540e-03 3.452490196363261921e-03 5.353270585769612754e-03 3.740488332959462231e-03 6.700707346811962152e-03 7.131671760976404303e-03 2.894928208889550360e-03 2.510631306177868796e-03 2.048529588621699881e-03 2.825910011282740421e-03 4.309017500763978083e-03 3.453423271970346587e-03 2.749322916211821479e-03 1.534150763466301214e-03
3.939874762720068854e-03 3.054803240235357247e-03 4.582204860353036521e-03 4.254694755423298405e-03 3.943689872122436123e-03 6.178520640329483726e-03 5.578943165375988347e-03 5.893427560020802862e-03 7.634587574275649574e-03 3.952582458441931609e-03 1.992273733635445063e-03 1.970854177734967985e-03 7.675820415797042495e-04 1.944979982300231065e-03 1.881727521216227002e-03 2.138362268164750377e-03 2.138362268164750377e-03
