3.451237357734808584e-03 3.451237357734808584e-03 2.588428018301106547e-03 4.314046697168510622e-03 2.588428018301106547e-03 8.628093394337021460e-04 0.000000000000000000e+00 0.000000000000000000e+00 0.000000000000000000e+00 0.000000000000000000e+00 0.000000000000000000e+00 8.628093394337021460e-04 8.628093394337021460e-04 8.628093394337021460e-04 8.628093394337021460e-04 8.628093394337021460e-04 8.628093394337021460e-04
1.725618678867404292e-03 1.725618678867404292e-03 2.123680679682657130e-03 3.451237357734808584e-03 1.725618678867404292e-03 8.628093394337021460e-04 0.000000000000000000e+00 0.000000000000000000e+00 0.000000000000000000e+00 0.000000000000000000e+00 1.725618678867404292e-03 1.473832320853648127e-03 1.802131511670939127e-03 3.420621241570270289e-03 8.628093394337021460e-04 0.000000000000000000e+00 0.000000000000000000e+00
8.628093394337021460e-04 1.725618678867404292e-03 8.628093394337021460e-04 8.628093394337021460e-04 8.628093394337021460e-04 1.725618678867404292e-03 0.000000000000000000e+00 0.000000000000000000e+00 0.000000000000000000e+00 0.000000000000000000e+00 8.628093394337021460e-04 2.588428018301106547e-03 1.725618678867404292e-03 2.545258299625726035e-03 8.628093394337021460e-04 1.725618678867404292e-03 0.000000000000000000e+00
1.725618678867404292e-03 3.503422555553361087e-03 8.628093394337021460e-04 8.628093394337021460e-04 2.588428018301106547e-03 3.451237357734808584e-03 8.628093394337021460e-04 8.628093394337021460e-04 0.000000000000000000e+00 1.725618678867404292e-03 1.725618678867404292e-03 5.176856036602213093e-03 5.146239920437675232e-03 5.176856036602213093e-03 1.725618678867404292e-03 2.588428018301106547e-03 3.451237357734808584e-03
1.725618678867404292e-03 1.725618678867404292e-03 8.628093394337021460e-04 8.628093394337021460e-04 1.725618678867404292e-03 2.588428018301106547e-03 0.000000000000000000e+00 0.000000000000000000e+00 0.000000000000000000e+00 8.628093394337021460e-04 2.588428018301106547e-03 3.458014093526255456e-03 5.183632772393659965e-03 3.458014093526255456e-03 1.732395414658851381e-03 4.314046697168510622e-03 5.176856036602213093e-03
9.276037303597046155e-04 9.276037303597046155e-04 1.725618678867404292e-03 2.687268737802114144e-03 3.451237357734808584e-03 5.176856036602213093e-03 8.628093394337021460e-04 8.628093394337021460e-04 0.000000000000000000e+00 2.588428018301106547e-03 3.493625908660469553e-03 6.805365509562451114e-03 7.734667938738780911e-03 4.472850931903742111e-03 4.560255349174334449e-03 6.170008791359794798e-03 6.902474715469617168e-03
2.745345140964523638e-03 1.882535801530821600e-03 1.882535801530821600e-03 2.588428018301106547e-03 1.736599898227207802e-03 4.398004181837331279e-03 0.000000000000000000e+00 0.000000000000000000e+00 0.000000000000000000e+00 2.588428018301106547e-03 6.693076908381521972e-03 8.243427041458735102e-03 1.176737825204723226e-02 1.164198661887677101e-02 8.688906831364865552e-03 6.902474715469617168e-03 1.322435820289086933e-02
2.588428018301106547e-03 1.725618678867404292e-03 2.745345140964523638e-03 4.314046697168510622e-03 5.580408284562945499e-03 5.176856036602213093e-03 1.725618678867404292e-03 8.628093394337021460e-04 0.000000000000000000e+00 5.939542904271294041e-03 8.376307036323265079e-03 1.455340103249938219e-02 2.044626359290728154e-02 1.589191594402237367e-02 1.392181527381683957e-02 1.045454927664850840e-02 1.523020794007322841e-02
4.314046697168510622e-03 5.176856036602213093e-03 6.039665376035914697e-03 4.496844901338338876e-03 4.717598945129243895e-03 1.038829828911746675e-02 4.713866074187253279e-03 2.588428018301106547e-03 0.000000000000000000e+00 9.490902733770723715e-03 1.614770956612774852e-02 1.910429474404739050e-02 2.774716793406116488e-02 2.179256511118312853e-02 1.819508639860868346e-02 1.091725093794049424e-02 1.809121879837323477e-02
8.628093394337021460e-04 2.972555868758990083e-03 2.588428018301106547e-03 1.725618678867404292e-03 8.628093394337021460e-04 5.176856036602213093e-03 0.000000000000000000e+00 0.000000000000000000e+00 0.000000000000000000e+00 1.725618678867404292e-03 3.451237357734808584e-03 1.121345916199611298e-02 1.726906947584842117e-02 1.387572947338423617e-02 1.360177462284571995e-02 6.037586573126450980e-03 1.255277031829100248e-02
1.725618678867404292e-03 2.572777648262014865e-03 8.628093394337021460e-04 1.809576163536224950e-03 2.672385502969927204e-03 1.725618678867404292e-03 1.725618678867404292e-03 8.628093394337021460e-04 0.000000000000000000e+00 2.588428018301106547e-03 3.451237357734808584e-03 9.390780262006102191e-03 1.466775877037293681e-02 1.213676708140753319e-02 8.949579101870398443e-03 5.116879878422125362e-03 8.819314849170856868e-03
4.353117275368074794e-03 6.024015005996823449e-03 5.176856036602213093e-03 2.991980266261839386e-03 2.213128411496958006e-03 2.307152341864226412e-03 8.628093394337021460e-04 8.628093394337021460e-04 0.000000000000000000e+00 0.000000000000000000e+00 1.725618678867404292e-03 1.026593567555185264e-02 1.332887668499486977e-02 7.773048651367184432e-03 3.451237357734808584e-03 1.725618678867404292e-03 2.588428018301106547e-03
4.314046697168510622e-03 5.161205666563120978e-03 4.314046697168510622e-03 3.451237357734808584e-03 2.588428018301106547e-03 8.628093394337021460e-04 0.000000000000000000e+00 0.000000000000000000e+00 0.000000000000000000e+00 8.628093394337021460e-04 1.725618678867404292e-03 6.834717058787601225e-03 4.407060176760465610e-03 6.037867089675549685e-03 2.588428018301106547e-03 0.000000000000000000e+00 2.295322320554065310e-03
3.474657565895282376e-03 3.451237357734808584e-03 2.588428018301106547e-03 1.725618678867404292e-03 2.672385502969927204e-03 2.582253177739419602e-03 0.000000000000000000e+00 0.000000000000000000e+00 0.000000000000000000e+00 8.628093394337021460e-04 1.725618678867404292e-03 6.580303589095352380e-03 5.723684400289674387e-03 2.651811219497042082e-03 1.743895264030158711e-03 1.281806224551946182e-03 9.786745761156455479e-04
4.314046697168510622e-03 3.451237357734808584e-03 3.451237357734808584e-03 8.628093394337021460e-04 8.628093394337021460e-04 0.000000000000000000e+00 0.000000000000000000e+00 0.000000000000000000e+00 0.000000000000000000e+00 0.000000000000000000e+00 1.725618678867404292e-03 8.628093394337021460e-04 5.176856036602213093e-03 2.588428018301106547e-03 1.725618678867404292e-03 1.725618678867404292e-03 0.000000000000000000e+00
2.588428018301106547e-03 2.588428018301106547e-03 1.725618678867404292e-03 1.725618678867404292e-03 1.725618678867404292e-03 0.000000000000000000e+00 0.000000000000000000e+00 0.000000000000000000e+00 0.000000000000000000e+00 8.628093394337021460e-04 3.020463980293366154e-03 2.588428018301106547e-03 3.020463980293366154e-03 2.594942679730346483e-03 1.732133340296644662e-03 2.714056861670609711e-03 8.628093394337021460e-04
8.628093394337021460e-04 3.059332518114580429e-03 3.451237357734808584e-03 0.000000000000000000e+00 0.000000000000000000e+00 1.719443838305717998e-03 0.000000000000000000e+00 0.000000000000000000e+00 0.000000000000000000e+00 0.000000000000000000e+00 2.157654640859664116e-03 4.494296301147013631e-03 3.714611670600198243e-03 3.549596039771335879e-03 8.693240008629424080e-04 1.725618678867404292e-03 1.732395414658851381e-03
