7.952109901472317541e-04 5.258548315014073028e-04 9.548530665092560838e-04 2.173136253668040557e-03 1.378968522660034123e-03 2.607362442236471189e-03 2.234883033880980929e-03 2.379093425280402133e-03 2.850117677904457497e-03 1.833986488137322787e-03 2.214193610786248118e-03 2.236956134441668315e-03 1.871731540164523313e-03 2.179666563982594375e-03 1.785275440356538573e-03 2.063762827841908974e-03 1.971955618130277060e-03
3.943911236260554229e-04 2.629274157507036514e-04 6.573185393767590201e-04 1.183173370878166106e-03 1.392176870218268716e-03 1.771153983147536826e-03 2.178621333849959773e-03 2.425212024675142512e-03 2.540229611240792974e-03 1.960476419818039332e-03 1.870311234342175374e-03 2.422513733716912584e-03 2.785471019366106676e-03 2.783397918805418855e-03 1.262157217843247210e-03 7.887822472521108458e-04 9.202459551274626715e-04
5.536018808973138883e-04 2.629274157507036514e-04 5.258548315014073028e-04 5.258548315014073028e-04 9.498270481437777945e-04 1.992817127243040349e-03 2.471605084593269438e-03 3.595820489232856489e-03 4.940382993857267424e-03 2.996106406643850653e-03 2.809530111842359779e-03 1.598882801005007369e-03 1.446100786628869974e-03 1.051709663002814606e-03 7.887822472521108458e-04 5.162137773033440447e-04 7.887640324640588516e-04
5.383399979314710572e-04 3.943911236260554229e-04 0.000000000000000000e+00 1.314637078753518257e-04 1.344218171769833272e-03 2.130361461439264290e-03 4.120561794438389221e-03 3.653129872650292057e-03 5.361173226908671867e-03 3.725338015772363363e-03 2.889457160622505103e-03 2.186447387259685907e-03 1.446100786628869974e-03 9.330693178740138071e-04 5.258548315014073028e-04 5.033904145567930175e-04 9.202459551274626715e-04
2.754125821807675142e-04 1.314637078753518257e-04 2.629274157507036514e-04 1.314637078753518257e-04 5.554359245177224258e-04 2.150967487260414032e-03 4.082884553649558657e-03 4.209530131332594495e-03 6.262706527898277004e-03 4.898747374520521537e-03 3.356723975273543607e-03 1.051709663002814606e-03 3.943911236260554229e-04 1.314637078753518257e-04 5.258548315014073028e-04 7.887822472521108458e-04 7.906160933422973864e-04
6.805364724911029152e-04 3.963558526854841059e-04 3.943911236260554229e-04 3.943911236260554229e-04 4.696225816087020604e-04 1.576614962800434051e-03 5.292035530633051009e-03 7.175165714216646604e-03 1.361408294957103075e-02 7.917927051111790099e-03 3.764774150844120860e-03 1.971955618130277060e-03 5.258548315014073028e-04 2.629274157507036514e-04 6.573185393767590201e-04 1.344704901298415843e-03 1.190170624526904744e-03
6.573185393767590201e-04 2.629274157507036514e-04 2.066036222086535513e-04 1.314637078753518257e-04 2.629274157507036514e-04 2.732516039537942303e-03 6.860447395268525796e-03 8.943995220010771477e-03 2.168110615710756861e-02 9.987940924345245150e-03 6.786947382088394549e-03 2.221682673779389484e-03 6.391131534278804991e-04 5.386781942479582216e-04 1.059270149628516568e-03 1.586713903896921950e-03 1.446100786628869974e-03
5.559279663279378123e-04 6.644399564675254740e-04 6.573185393767590201e-04 2.629274157507036514e-04 6.169274700445705108e-04 2.796744161959427086e-03 1.036089000304506527e-02 1.566434089872537766e-02 4.221204831982894312e-02 1.838436036037773696e-02 1.217857135204097364e-02 3.885303145394865092e-03 1.821017282155025984e-03 6.573185393767590201e-04 1.623852143113943070e-03 1.670023730653741366e-03 1.702426265509636135e-03
3.118507396095378248e-03 2.532547915375247833e-03 3.030079367383409911e-03 2.047056704742457756e-03 2.300427492060416138e-03 5.147363794935282816e-03 2.260275287668969332e-02 4.261490570403048128e-02 0.000000000000000000e+00 4.306488579459366584e-02 2.215349688101614020e-02 5.021954494429302536e-03 1.952480990030377702e-03 1.667089157335059548e-03 3.071634579978054468e-03 2.962388862470679337e-03 3.409624009300505666e-03
1.338238362881346991e-03 1.281875741618175970e-03 1.653934823267423117e-03 9.953470417396433675e-04 2.513948355432869559e-03 4.682673420383596900e-03 1.278823238645977051e-02 1.796462919465726879e-02 4.078083064473710800e-02 1.553556213393833541e-02 9.746176784771281437e-03 2.721025260947312115e-03 8.531270162464237678e-04 3.599111517743655672e-04 7.837030140980297786e-04 6.348541224321447348e-04 5.196385917350178655e-04
1.572451397652728554e-03 1.521201873241050670e-03 1.074330888704724254e-03 6.617065315548695346e-04 1.072235560982110099e-03 3.102649128098172553e-03 7.928622151866859119e-03 1.097422685837967822e-02 2.173388617049900814e-02 9.146012346988233524e-03 6.327138370548641630e-03 2.663313163230059729e-03 5.227525144018093685e-04 2.629274157507036514e-04 1.314637078753518257e-04 2.629274157507036514e-04 5.258548315014073028e-04
1.319636250544190112e-03 1.581078089264956405e-03 8.758811422750871229e-04 8.644678842340969152e-04 1.470163764148399313e-03 2.900024555704735444e-03 4.697256768530378573e-03 8.739416777604777295e-03 1.421097192281211077e-02 6.896610361775476830e-03 4.467635864229280336e-03 1.368593789968086368e-03 3.943911236260554229e-04 2.629274157507036514e-04 2.629274157507036514e-04 1.314637078753518257e-04 3.968982466861146444e-04
9.202459551274626715e-04 8.717248457494617200e-04 1.056708834793486460e-03 5.258548315014073028e-04 1.214237732420614130e-03 2.554376657752992393e-03 5.053754808840091838e-03 5.348765471353362708e-03 6.690949308390726873e-03 4.268469558015019170e-03 3.790637985626062016e-03 1.863070966717401532e-03 4.913748596497174471e-04 1.314637078753518257e-04 2.629274157507036514e-04 1.314637078753518257e-04 2.654345388107628187e-04
2.103419326005629211e-03 6.573185393767590201e-04 1.446100786628869974e-03 2.051483524641689246e-03 2.792007244087658501e-03 4.494946665571783115e-03 4.644446586727548482e-03 4.337198525323783180e-03 5.481125424974177263e-03 3.471853484773013403e-03 3.533833441715156318e-03 1.716275955868890729e-03 1.183173370878166106e-03 2.629274157507036514e-04 1.314637078753518257e-04 5.280842835189138119e-04 3.966205756435619320e-04
2.530825200761353724e-03 1.466965309698966538e-03 1.745510109937314707e-03 3.321382016951450553e-03 4.127460862103135737e-03 4.287728461552697302e-03 3.857963461960100225e-03 4.153555111869554166e-03 5.360479650456986475e-03 3.556338753801685602e-03 2.339725253108146386e-03 1.585672803273209443e-03 7.887822472521108458e-04 5.258548315014073028e-04 3.943911236260554229e-04 3.966205756435619320e-04 5.283619545614664159e-04
4.189745373448593158e-03 2.656289993327456359e-03 2.988526054115354588e-03 6.184798786878721935e-03 6.633062955042826406e-03 6.780094573824257606e-03 2.904444825012013516e-03 2.740246917339739761e-03 3.161126547894730233e-03 2.485071328399616249e-03 2.747998744150319684e-03 1.710933473179910604e-03 1.183173370878166106e-03 1.051709663002814606e-03 6.573185393767590201e-04 2.670427330757234384e-04 4.197191755441534704e-04
6.000689317079013242e-03 4.544528249014676002e-03 4.286523375631203642e-03 6.753621174051891406e-03 5.238052263314488255e-03 5.948720079988910683e-03 4.237744625812384439e-03 2.510229574816085461e-03 3.339877645775513135e-03 2.871481415918691795e-03 2.346923343319087460e-03 2.215459635443735309e-03 1.183173370878166106e-03 1.709028202379573626e-03 1.051709663002814606e-03 6.614338567017788613e-04 8.991999321940525756e-04
