0.000000000000000000e+00 0.000000000000000000e+00 0.000000000000000000e+00 0.000000000000000000e+00 0.000000000000000000e+00 0.000000000000000000e+00 0.000000000000000000e+00 0.000000000000000000e+00 0.000000000000000000e+00 6.427991889062791356e-03 0.000000000000000000e+00 3.213995944531395678e-03 0.000000000000000000e+00 6.501137737862838252e-03 6.427991889062791356e-03 3.282632959162875164e-03 3.213995944531395678e-03
3.213995944531395678e-03 0.000000000000000000e+00 0.000000000000000000e+00 0.000000000000000000e+00 0.000000000000000000e+00 0.000000000000000000e+00 3.213995944531395678e-03 3.213995944531395678e-03 0.000000000000000000e+00 6.427991889062791356e-03 3.213995944531395678e-03 3.213995944531395678e-03 6.427991889062791356e-03 1.016424123216929168e-02 1.306101321504003418e-02 6.427991889062791356e-03 9.641987833594186166e-03
0.000000000000000000e+00 0.000000000000000000e+00 0.000000000000000000e+00 0.000000000000000000e+00 0.000000000000000000e+00 0.000000000000000000e+00 0.000000000000000000e+00 0.000000000000000000e+00 0.000000000000000000e+00 6.427991889062791356e-03 3.213995944531395678e-03 9.641987833594186166e-03 3.213995944531395678e-03 1.609936094343801874e-02 1.606997972265697752e-02 1.227461398821686964e-02 1.638139102463411975e-02
0.000000000000000000e+00 0.000000000000000000e+00 0.000000000000000000e+00 0.000000000000000000e+00 0.000000000000000000e+00 0.000000000000000000e+00 0.000000000000000000e+00 0.000000000000000000e+00 0.000000000000000000e+00 3.213995944531395678e-03 4.323130271091985347e-03 0.000000000000000000e+00 0.000000000000000000e+00 6.427991889062791356e-03 3.213995944531395678e-03 6.427991889062791356e-03 1.488378148060285310e-02
0.000000000000000000e+00 0.000000000000000000e+00 0.000000000000000000e+00 0.000000000000000000e+00 0.000000000000000000e+00 0.000000000000000000e+00 0.000000000000000000e+00 0.000000000000000000e+00 0.000000000000000000e+00 3.213995944531395678e-03 0.000000000000000000e+00 3.213995944531395678e-03 0.000000000000000000e+00 3.213995944531395678e-03 6.427991889062791356e-03 3.213995944531395678e-03 5.241793647008666061e-03
0.000000000000000000e+00 0.000000000000000000e+00 0.000000000000000000e+00 0.000000000000000000e+00 0.000000000000000000e+00 0.000000000000000000e+00 0.000000000000000000e+00 0.000000000000000000e+00 0.000000000000000000e+00 6.427991889062791356e-03 6.427991889062791356e-03 0.000000000000000000e+00 0.000000000000000000e+00 3.213995944531395678e-03 3.213995944531395678e-03 3.213995944531395678e-03 5.948654005436433689e-03
0.000000000000000000e+00 0.000000000000000000e+00 0.000000000000000000e+00 0.000000000000000000e+00 0.000000000000000000e+00 0.000000000000000000e+00 0.000000000000000000e+00 0.000000000000000000e+00 0.000000000000000000e+00 3.213995944531395678e-03 0.000000000000000000e+00 3.213995944531395678e-03 0.000000000000000000e+00 3.213995944531395678e-03 0.000000000000000000e+00 0.000000000000000000e+00 6.427991889062791356e-03
0.000000000000000000e+00 0.000000000000000000e+00 0.000000000000000000e+00 0.000000000000000000e+00 0.000000000000000000e+00 0.000000000000000000e+00 0.000000000000000000e+00 0.000000000000000000e+00 0.000000000000000000e+00 3.213995944531395678e-03 6.427991889062791356e-03 6.427991889062791356e-03 0.000000000000000000e+00 0.000000000000000000e+00 0.000000000000000000e+00 0.000000000000000000e+00 3.213995944531395678e-03
0.000000000000000000e+00 0.000000000000000000e+00 0.000000000000000000e+00 0.000000000000000000e+00 0.000000000000000000e+00 0.000000000000000000e+00 0.000000000000000000e+00 0.000000000000000000e+00 0.000000000000000000e+00 0.000000000000000000e+00 0.000000000000000000e+00 0.000000000000000000e+00 0.000000000000000000e+00 0.000000000000000000e+00 0.000000000000000000e+00 0.000000000000000000e+00 0.000000000000000000e+00
0.000000000000000000e+00 0.000000000000000000e+00 0.000000000000000000e+00 0.000000000000000000e+00 0.000000000000000000e+00 3.213995944531395678e-03 0.000000000000000000e+00 0.000000000000000000e+00 0.000000000000000000e+00 0.000000000000000000e+00 0.000000000000000000e+00 3.213995944531395678e-03 6.427991889062791356e-03 6.427991889062791356e-03 0.000000000000000000e+00 3.213995944531395678e-03 3.213995944531395678e-03
0.000000000000000000e+00 0.000000000000000000e+00 0.000000000000000000e+00 0.000000000000000000e+00 0.000000000000000000e+00 3.213995944531395678e-03 0.000000000000000000e+00 0.000000000000000000e+00 0.000000000000000000e+00 0.000000000000000000e+00 0.000000000000000000e+00 0.000000000000000000e+00 6.511471287667153565e-03 6.427991889062791356e-03 6.427991889062791356e-03 6.427991889062791356e-03 9.641987833594186166e-03
0.000000000000000000e+00 0.000000000000000000e+00 0.000000000000000000e+00 0.000000000000000000e+00 0.000000000000000000e+00 0.000000000000000000e+00 0.000000000000000000e+00 0.000000000000000000e+00 0.000000000000000000e+00 0.000000000000000000e+00 0.000000000000000000e+00 0.000000000000000000e+00 3.213995944531395678e-03 7.080759678181482164e-03 3.866763733650086486e-03 3.213995944531395678e-03 6.427991889062791356e-03
6.427991889062791356e-03 9.641987833594186166e-03 6.427991889062791356e-03 3.213995944531395678e-03 3.213995944531395678e-03 0.000000000000000000e+00 0.000000000000000000e+00 0.000000000000000000e+00 0.000000000000000000e+00 0.000000000000000000e+00 3.213995944531395678e-03 0.000000000000000000e+00 0.000000000000000000e+00 6.427991889062791356e-03 0.000000000000000000e+00 0.000000000000000000e+00 0.000000000000000000e+00
1.928397566718837233e-02 1.953341416442754691e-02 1.606997972265697752e-02 1.285598377812558271e-02 6.427991889062791356e-03 3.213995944531395678e-03 0.000000000000000000e+00 0.000000000000000000e+00 0.000000000000000000e+00 0.000000000000000000e+00 0.000000000000000000e+00 0.000000000000000000e+00 3.213995944531395678e-03 6.427991889062791356e-03 3.213995944531395678e-03 6.427991889062791356e-03 3.213995944531395678e-03
2.249797161171976714e-02 2.571196755625116542e-02 1.928397566718837233e-02 2.249797161171976714e-02 1.285598377812558271e-02 3.213995944531395678e-03 0.000000000000000000e+00 0.000000000000000000e+00 0.000000000000000000e+00 0.000000000000000000e+00 0.000000000000000000e+00 0.000000000000000000e+00 0.000000000000000000e+00 7.080759678181482164e-03 3.866763733650086486e-03 6.427991889062791356e-03 1.285598377812558271e-02
3.856795133437674467e-02 3.213995944531395504e-02 3.213995944531395504e-02 2.249797161171976714e-02 1.285598377812558271e-02 0.000000000000000000e+00 3.213995944531395678e-03 3.213995944531395678e-03 0.000000000000000000e+00 0.000000000000000000e+00 3.213995944531395678e-03 0.000000000000000000e+00 3.213995944531395678e-03 0.000000000000000000e+00 0.000000000000000000e+00 3.213995944531395678e-03 5.045375696883517419e-03
3.856795133437674467e-02 4.178194727890813948e-02 3.213995944531395504e-02 2.571196755625116542e-02 1.285598377812558271e-02 0.000000000000000000e+00 0.000000000000000000e+00 0.000000000000000000e+00 0.000000000000000000e+00 0.000000000000000000e+00 6.427991889062791356e-03 3.213995944531395678e-03 0.000000000000000000e+00 0.000000000000000000e+00 3.213995944531395678e-03 3.213995944531395678e-03 3.213995944531395678e-03
