5.017282902882456812e-03 2.990031531709812663e-03 3.359935731346699438e-03 5.039903597020048941e-03 1.149975775673749666e-02 6.247985435088549561e-03 1.431555909199863641e-02 7.117940848764297244e-03 1.390420888447782902e-02 1.679967865673349719e-03 7.559855395530072977e-03 8.399839328366748596e-04 3.373041093700720160e-03 2.369332051813599453e-03 8.399839328366748596e-04 0.000000000000000000e+00 4.049299917486948522e-03
2.519951798510024470e-03 4.470782059996975671e-03 1.735662755574692235e-03 3.359935731346699438e-03 7.567967122545113043e-03 3.383728045462176901e-03 7.583313279331646735e-03 4.215265820969908532e-03 9.975388511245729742e-03 3.406136795248755882e-03 5.937479349042821403e-03 0.000000000000000000e+00 3.359935731346699438e-03 1.529348118976924485e-03 1.679967865673349719e-03 0.000000000000000000e+00 1.529348118976924485e-03
1.679967865673349719e-03 1.679967865673349719e-03 8.399839328366748596e-04 2.519951798510024470e-03 5.879887529856723909e-03 3.964066408535002299e-03 1.012942055954461386e-02 6.211041076415166340e-03 1.354028529890543599e-02 2.584843084946703614e-03 7.699273188721366193e-03 1.679967865673349719e-03 5.879887529856723909e-03 0.000000000000000000e+00 8.399839328366748596e-04 0.000000000000000000e+00 1.679967865673349719e-03
5.823683706112164037e-03 2.150047598873137695e-03 3.359935731346699438e-03 1.679967865673349719e-03 7.559855395530072977e-03 3.743376395290278023e-03 1.551206032485709548e-02 1.176597124821035338e-02 2.101732764658536048e-02 5.700546326994542466e-03 1.137685648679310525e-02 8.399839328366748596e-04 5.039903597020048941e-03 0.000000000000000000e+00 8.399839328366748596e-04 8.399839328366748596e-04 3.359935731346699438e-03
5.657199789140153305e-03 2.575646688411366986e-03 2.675939745932451666e-03 8.399839328366748596e-04 5.879887529856723909e-03 1.993668241565676839e-03 1.272173727198302844e-02 1.013199751773427755e-02 2.053574265773394636e-02 5.594834557864723952e-03 9.239823261203422913e-03 8.497304322659054001e-04 1.689714365102580043e-03 0.000000000000000000e+00 0.000000000000000000e+00 8.399839328366748596e-04 1.679967865673349719e-03
1.679967865673349719e-03 1.679967865673349719e-03 8.399839328366748596e-04 0.000000000000000000e+00 8.399839328366748596e-04 8.399839328366748596e-04 5.716812837297630470e-03 5.699836683092858979e-03 1.711037712827931032e-02 3.359935731346699438e-03 5.178589680641530052e-03 0.000000000000000000e+00 8.399839328366748596e-04 0.000000000000000000e+00 0.000000000000000000e+00 0.000000000000000000e+00 0.000000000000000000e+00
8.399839328366748596e-04 1.679967865673349719e-03 0.000000000000000000e+00 8.399839328366748596e-04 2.519951798510024470e-03 8.399839328366748596e-04 6.151426332789767734e-03 4.199919664183373973e-03 9.885291054454618809e-03 1.679967865673349719e-03 4.199919664183373973e-03 0.000000000000000000e+00 8.399839328366748596e-04 8.399839328366748596e-04 8.399839328366748596e-04 0.000000000000000000e+00 1.111522735769718793e-03
0.000000000000000000e+00 1.679967865673349719e-03 1.679967865673349719e-03 8.399839328366748596e-04 8.399839328366748596e-04 0.000000000000000000e+00 5.879887529856723909e-03 3.359935731346699438e-03 1.108143418695277729e-02 8.399839328366748596e-04 3.784375319907413038e-03 0.000000000000000000e+00 8.399839328366748596e-04 8.399839328366748596e-04 8.399839328366748596e-04 8.399839328366748596e-04 8.399839328366748596e-04
0.000000000000000000e+00 0.000000000000000000e+00 0.000000000000000000e+00 0.000000000000000000e+00 0.000000000000000000e+00 0.000000000000000000e+00 0.000000000000000000e+00 0.000000000000000000e+00 0.000000000000000000e+00 0.000000000000000000e+00 0.000000000000000000e+00 0.000000000000000000e+00 0.000000000000000000e+00 0.000000000000000000e+00 0.000000000000000000e+00 0.000000000000000000e+00 0.000000000000000000e+00
0.000000000000000000e+00 0.000000000000000000e+00 8.399839328366748596e-04 0.000000000000000000e+00 0.000000000000000000e+00 1.679967865673349719e-03 3.359935731346699438e-03 3.204261559111851350e-03 1.148973057403858238e-02 2.519951798510024470e-03 1.410462229661477249e-03 8.399839328366748596e-04 0.000000000000000000e+00 0.000000000000000000e+00 0.000000000000000000e+00 0.000000000000000000e+00 0.000000000000000000e+00
8.399839328366748596e-04 0.000000000000000000e+00 0.000000000000000000e+00 8.399839328366748596e-04 1.679967865673349719e-03 3.218183296257706629e-03 5.724213357621876254e-03 4.859653056433253272e-03 1.344052094981602538e-02 3.359935731346699438e-03 3.090430095334826318e-03 8.399839328366748596e-04 8.399839328366748596e-04 0.000000000000000000e+00 0.000000000000000000e+00 1.679967865673349719e-03 8.399839328366748596e-04
8.399839328366748596e-04 0.000000000000000000e+00 0.000000000000000000e+00 8.399839328366748596e-04 8.539056699825299220e-04 1.702570608252544724e-03 8.660095490271557325e-03 9.061167617752869871e-03 2.145657456546109718e-02 8.107352221139169438e-03 4.087778757016407270e-03 8.399839328366748596e-04 1.679967865673349719e-03 8.399839328366748596e-04 8.399839328366748596e-04 1.679967865673349719e-03 8.399839328366748596e-04
8.399839328366748596e-04 8.399839328366748596e-04 8.399839328366748596e-04 0.000000000000000000e+00 1.679967865673349719e-03 2.914059821982734576e-03 1.324223409342752643e-02 8.376857857151040823e-03 2.524241038549209989e-02 7.681360468267056998e-03 7.781456763227543628e-03 1.679967865673349719e-03 8.399839328366748596e-04 0.000000000000000000e+00 8.399839328366748596e-04 2.670325528326616699e-03 8.399839328366748596e-04
2.519951798510024470e-03 8.399839328366748596e-04 1.657347171535756940e-03 8.488726382121210366e-04 3.357567262360925623e-03 5.408832708985684100e-03 1.108663050530888858e-02 5.892599618641094182e-03 2.140016754162689730e-02 7.529452064319974540e-03 8.323636236996345000e-03 1.813612670460050145e-03 8.399839328366748596e-04 1.679967865673349719e-03 8.399839328366748596e-04 3.041809534701473122e-03 2.519951798510024470e-03
1.679967865673349719e-03 0.000000000000000000e+00 8.399839328366748596e-04 2.528840503885470756e-03 5.877519060870949226e-03 3.728864843312334164e-03 9.852943484236603364e-03 3.973055954379881190e-03 1.136912677612591897e-02 6.606342987496765205e-03 2.567462130952934216e-03 1.679967865673349719e-03 4.184373414037827373e-03 8.399839328366748596e-04 1.679967865673349719e-03 1.679967865673349719e-03 1.679967865673349719e-03
3.416122272336512018e-03 8.399839328366748596e-04 0.000000000000000000e+00 1.688856571048795788e-03 6.636609570051616065e-03 2.364277626275176382e-03 1.310530809884426391e-02 5.653023820053230258e-03 1.124981788320228437e-02 3.996815929272731598e-03 2.162887443432604494e-03 0.000000000000000000e+00 2.519951798510024470e-03 1.679967865673349719e-03 8.399839328366748596e-04 1.729493232916576783e-03 8.399839328366748596e-04
6.899448733463553647e-03 8.961704738264870051e-04 1.679967865673349719e-03 8.539056699825299220e-04 2.533873535655879316e-03 2.519951798510024470e-03 1.370981317746562504e-02 9.076285997960016616e-03 1.577256448293369931e-02 6.264338602563441355e-03 6.743217019907659857e-03 2.596318713695029094e-03 1.297305096122701278e-03 8.399839328366748596e-04 8.399839328366748596e-04 3.409461098589926503e-03 2.519951798510024470e-03
