2.726216056799444978e-03 4.668879814010480460e-03 4.082759631349499631e-03 3.241801040033192357e-03 2.364712612544978432e-03 2.245059069049117756e-03 1.711020709708321354e-03 5.646391694747050207e-04 0.000000000000000000e+00 2.945074856138472615e-04 1.050899505804529007e-03 1.635572914822851437e-03 1.876856520145556715e-03 4.068684028616690977e-03 4.470796223672207463e-03 3.912535175467144258e-03 3.624490285512605055e-03
1.698751769931903903e-03 2.719255428949323827e-03 3.323279175580149108e-03 2.754613902868091862e-03 2.491012534791146177e-03 1.029723037320984377e-03 1.399593675349782582e-03 0.000000000000000000e+00 0.000000000000000000e+00 5.861205964214461720e-04 1.470913726785365305e-03 1.051017665752460115e-03 1.499123778486502684e-03 3.193932724551336051e-03 3.427056694524626551e-03 2.749681500815906454e-03 1.600671686523160928e-03
1.182471096126575709e-03 1.662642871129349845e-03 2.259510053443347568e-03 2.882340591243117995e-03 2.197951779747740839e-03 1.175079016013286714e-03 1.611831640158976810e-03 4.436294578336243827e-04 0.000000000000000000e+00 6.053024903270871459e-04 1.412136576934911987e-03 1.864154709962510034e-03 2.278903237244717453e-03 3.097273117817156418e-03 2.479813736953535505e-03 1.933577507058152102e-03 7.369297247828444095e-04
8.791808946321691496e-04 1.117054552517779496e-03 1.620740236649652853e-03 2.224659990586592712e-03 2.494132111946906205e-03 1.437806326832782216e-03 2.652935429450563147e-03 1.161249948158845973e-03 0.000000000000000000e+00 5.861205964214461720e-04 1.509581617614986137e-03 2.855236372089208982e-03 2.956743647002627214e-03 3.078203216053686502e-03 3.431944220757005698e-03 2.553205210708786588e-03 9.413735705498101026e-04
8.791808946321691496e-04 1.349322763112409439e-03 1.252908375646339615e-03 1.952685155791819777e-03 2.801973281602986726e-03 2.616613522089666910e-03 2.619599166138419661e-03 1.017082234403453994e-03 0.000000000000000000e+00 1.324182925426657751e-03 2.984609987374582749e-03 4.286990293844018633e-03 4.077880169149041001e-03 3.336995417750919079e-03 2.394517059729701306e-03 1.643971438556153129e-03 1.025711043737530638e-03
8.791808946321691496e-04 9.150474248629401810e-04 1.174095020450752853e-03 1.690493082952582030e-03 2.728719551708513186e-03 2.683454505328863437e-03 3.328223401462201535e-03 1.954161724673996858e-03 0.000000000000000000e+00 3.139709864265975703e-03 5.694524027789505359e-03 4.988852483536546957e-03 3.975568464939880503e-03 2.738708951312743712e-03 2.480541067242231484e-03 1.573366933018489596e-03 1.057307928872277007e-03
9.077750341369931336e-04 1.311625726620243865e-03 1.751216173936328332e-03 1.764464952864319659e-03 2.075888117732461492e-03 2.642464898578977470e-03 3.976101480559184574e-03 1.903392176652867742e-03 0.000000000000000000e+00 5.501569073638700597e-03 9.516931110262668095e-03 7.957626537196723499e-03 5.397313786454169086e-03 3.975982978448864766e-03 2.325930612933904077e-03 1.102179600567658978e-03 6.071178978183558016e-04
1.262468309859190270e-03 1.321769954754535396e-03 1.220007329602548979e-03 2.163628558327617118e-03 2.447482194593364815e-03 3.378331348540386265e-03 7.652170763453877179e-03 5.184878712742332571e-03 0.000000000000000000e+00 1.234368052744071013e-02 1.729716260024775215e-02 1.187406651208348408e-02 5.742146984092598265e-03 4.102211393489732690e-03 2.834734086995225905e-03 1.054433448317032172e-03 7.326418295001488204e-04
2.367534173076047983e-03 2.016519388625097851e-03 3.785385914933874808e-03 4.144362367852781615e-03 5.586933057873322978e-03 9.605874050679761092e-03 1.726860400487512798e-02 1.407951573838864788e-02 0.000000000000000000e+00 2.509092371495677543e-02 2.845563263627420153e-02 1.602685795506468905e-02 7.109823337425834160e-03 5.698239886226311862e-03 4.058307458187698433e-03 2.471783849862741345e-03 1.339118162623070861e-03
2.214490908364122150e-03 1.584108714383534186e-03 2.186947712303933134e-03 2.647352485370743549e-03 3.415554253370265640e-03 6.435157088374188553e-03 8.698028584467186464e-03 6.415595665699247094e-03 0.000000000000000000e+00 1.039701459517335287e-02 1.048867539539168753e-02 7.159703349083475568e-03 3.267497009086693920e-03 2.480588049158420107e-03 1.620694206276380956e-03 1.296613002824988353e-03 5.861205964214461720e-04
3.270459963108886779e-03 2.056465730025107581e-03 2.123801562890350464e-03 2.496142814874538311e-03 2.983703059167434283e-03 4.877082062738316744e-03 6.836670584022969295e-03 3.728094547505000043e-03 0.000000000000000000e+00 5.870900636467303417e-03 6.997984950801574254e-03 5.592642729196817611e-03 2.345882341838966077e-03 1.751176486113524989e-03 1.611831640158976810e-03 1.296613002824988136e-03 5.639711733248394237e-04
6.164208408353535028e-03 4.576346437153324190e-03 3.129895770512673356e-03 2.590648164911402759e-03 2.840560696658730056e-03 4.534800879426965567e-03 5.613094341820983740e-03 3.464020914826993619e-03 0.000000000000000000e+00 4.393554580313559395e-03 4.749226565833187218e-03 3.542028697600171222e-03 1.735967987528458465e-03 2.051422087475061277e-03 1.184812129255764660e-03 1.465301491053615322e-03 7.339164950747072884e-04
5.017490224550102788e-03 5.481245938859006205e-03 3.642009236246507471e-03 3.668565445497914100e-03 4.134668453408872277e-03 4.214786185422475864e-03 2.681698542861438248e-03 1.465301491053615322e-03 0.000000000000000000e+00 2.526821361394396889e-03 3.314527551596602867e-03 3.152695438472510533e-03 2.057048817274307381e-03 2.197952236580423199e-03 2.176733521659589797e-03 1.904891938369699788e-03 1.465301491053615322e-03
6.949170613031183281e-03 5.108501610586358051e-03 7.583209580411872687e-03 5.887604808857018965e-03 4.396929945586338338e-03 3.739815781736341091e-03 1.836245038123817709e-03 8.798758526994749545e-04 0.000000000000000000e+00 2.894908732121321757e-03 3.410491725501891072e-03 2.235521553078881167e-03 2.344482385685784688e-03 2.334769752041268229e-03 2.984000548767633005e-03 2.012197522728849212e-03 1.426076926307403040e-03
1.020309418160844812e-02 9.326615924638738744e-03 8.407557055231745791e-03 9.225986629815219331e-03 6.448817342415942740e-03 3.103934183288668130e-03 1.559292349263127417e-03 8.933383425855996769e-04 0.000000000000000000e+00 1.874609271862194820e-03 2.181982843628509777e-03 1.693717483556706361e-03 2.651807422500258686e-03 2.344482385685784688e-03 2.676383847145395994e-03 2.197952236580423199e-03 1.696987801421519703e-03
1.192593589870644989e-02 1.447697124936163371e-02 1.482178338616193386e-02 9.540334308649733516e-03 7.112850471215295504e-03 3.395769171092740974e-03 1.108976862552649547e-03 1.465301491053615430e-04 0.000000000000000000e+00 1.551891513951737843e-03 1.840462778982909818e-03 1.617458369958222914e-03 1.895846613485864182e-03 1.469264850013199874e-03 1.758361789264338299e-03 1.904891938369699788e-03 1.133016628096680063e-03
1.544206345696027063e-02 1.677619184985076894e-02 1.652262559290182745e-02 9.828600606935272710e-03 5.456745934023919664e-03 3.817288943050162978e-03 1.707725906675219060e-03 2.930602982107230860e-04 0.000000000000000000e+00 1.035826806716328178e-03 2.061537850453858817e-03 1.465301491053615322e-03 1.579458877985279695e-03 1.329225737855448683e-03 2.261208695952047088e-03 2.344482385685784688e-03 8.399563298859571937e-04
