2.605917321715407742e-02 1.295848851283613358e-02 1.671799476384208324e-02 3.320615869898656952e-02 1.295848851283613358e-02 0.000000000000000000e+00 0.000000000000000000e+00 0.000000000000000000e+00 0.000000000000000000e+00 0.000000000000000000e+00 0.000000000000000000e+00 0.000000000000000000e+00 0.000000000000000000e+00 0.000000000000000000e+00 0.000000000000000000e+00 0.000000000000000000e+00 0.000000000000000000e+00
1.295848851283613358e-02 6.479244256418066790e-03 6.479244256418066790e-03 8.139698183740913875e-03 1.411840132443006532e-02 0.000000000000000000e+00 0.000000000000000000e+00 0.000000000000000000e+00 0.000000000000000000e+00 6.479244256418066790e-03 6.479244256418066790e-03 0.000000000000000000e+00 0.000000000000000000e+00 0.000000000000000000e+00 0.000000000000000000e+00 0.000000000000000000e+00 0.000000000000000000e+00
1.943773276925419777e-02 6.617712381159035311e-03 7.289181673314306699e-03 3.279879309545125077e-02 1.295848851283613358e-02 0.000000000000000000e+00 0.000000000000000000e+00 0.000000000000000000e+00 0.000000000000000000e+00 6.479244256418066790e-03 0.000000000000000000e+00 0.000000000000000000e+00 0.000000000000000000e+00 0.000000000000000000e+00 0.000000000000000000e+00 0.000000000000000000e+00 0.000000000000000000e+00
4.963518838529555610e-02 1.309695663757710384e-02 1.170060639887421199e-02 3.069799673177027802e-02 1.295848851283613358e-02 0.000000000000000000e+00 0.000000000000000000e+00 0.000000000000000000e+00 0.000000000000000000e+00 0.000000000000000000e+00 6.479244256418066790e-03 6.479244256418066790e-03 6.479244256418066790e-03 0.000000000000000000e+00 0.000000000000000000e+00 0.000000000000000000e+00 0.000000000000000000e+00
2.591697702567226716e-02 1.957620089399517149e-02 1.729598807077579320e-02 2.757743095299510991e-02 0.000000000000000000e+00 0.000000000000000000e+00 0.000000000000000000e+00 0.000000000000000000e+00 0.000000000000000000e+00 6.479244256418066790e-03 0.000000000000000000e+00 0.000000000000000000e+00 0.000000000000000000e+00 0.000000000000000000e+00 0.000000000000000000e+00 0.000000000000000000e+00 0.000000000000000000e+00
2.226645422310205222e-02 9.307965710265918638e-03 1.081674381435773075e-02 2.452814877651953579e-02 1.691507838709169556e-02 0.000000000000000000e+00 6.479244256418066790e-03 6.479244256418066790e-03 0.000000000000000000e+00 0.000000000000000000e+00 0.000000000000000000e+00 0.000000000000000000e+00 0.000000000000000000e+00 0.000000000000000000e+00 0.000000000000000000e+00 0.000000000000000000e+00 0.000000000000000000e+00
2.226645422310205222e-02 6.479244256418066790e-03 0.000000000000000000e+00 6.479244256418066790e-03 0.000000000000000000e+00 0.000000000000000000e+00 0.000000000000000000e+00 0.000000000000000000e+00 0.000000000000000000e+00 0.000000000000000000e+00 0.000000000000000000e+00 0.000000000000000000e+00 0.000000000000000000e+00 0.000000000000000000e+00 0.000000000000000000e+00 0.000000000000000000e+00 0.000000000000000000e+00
6.479244256418066790e-03 0.000000000000000000e+00 0.000000000000000000e+00 0.000000000000000000e+00 6.479244256418066790e-03 0.000000000000000000e+00 6.479244256418066790e-03 0.000000000000000000e+00 0.000000000000000000e+00 0.000000000000000000e+00 0.000000000000000000e+00 0.000000000000000000e+00 0.000000000000000000e+00 0.000000000000000000e+00 0.000000000000000000e+00 0.000000000000000000e+00 0.000000000000000000e+00
0.000000000000000000e+00 0.000000000000000000e+00 0.000000000000000000e+00 0.000000000000000000e+00 0.000000000000000000e+00 0.000000000000000000e+00 0.000000000000000000e+00 0.000000000000000000e+00 0.000000000000000000e+00 0.000000000000000000e+00 0.000000000000000000e+00 0.000000000000000000e+00 0.000000000000000000e+00 0.000000000000000000e+00 0.000000000000000000e+00 0.000000000000000000e+00 0.000000000000000000e+00
0.000000000000000000e+00 0.000000000000000000e+00 0.000000000000000000e+00 0.000000000000000000e+00 6.479244256418066790e-03 0.000000000000000000e+00 6.479244256418066790e-03 0.000000000000000000e+00 0.000000000000000000e+00 0.000000000000000000e+00 0.000000000000000000e+00 0.000000000000000000e+00 0.000000000000000000e+00 0.000000000000000000e+00 0.000000000000000000e+00 0.000000000000000000e+00 0.000000000000000000e+00
0.000000000000000000e+00 6.479244256418066790e-03 1.295848851283613358e-02 0.000000000000000000e+00 1.295848851283613358e-02 0.000000000000000000e+00 0.000000000000000000e+00 0.000000000000000000e+00 0.000000000000000000e+00 0.000000000000000000e+00 0.000000000000000000e+00 0.000000000000000000e+00 0.000000000000000000e+00 0.000000000000000000e+00 0.000000000000000000e+00 0.000000000000000000e+00 0.000000000000000000e+00
0.000000000000000000e+00 0.000000000000000000e+00 6.986986848392136643e-03 0.000000000000000000e+00 6.479244256418066790e-03 1.295848851283613358e-02 6.479244256418066790e-03 0.000000000000000000e+00 0.000000000000000000e+00 0.000000000000000000e+00 0.000000000000000000e+00 0.000000000000000000e+00 0.000000000000000000e+00 0.000000000000000000e+00 0.000000000000000000e+00 0.000000000000000000e+00 0.000000000000000000e+00
0.000000000000000000e+00 0.000000000000000000e+00 6.479244256418066790e-03 0.000000000000000000e+00 1.943773276925419777e-02 2.591697702567226716e-02 1.263479415494293996e-02 0.000000000000000000e+00 0.000000000000000000e+00 0.000000000000000000e+00 0.000000000000000000e+00 0.000000000000000000e+00 0.000000000000000000e+00 0.000000000000000000e+00 0.000000000000000000e+00 6.479244256418066790e-03 0.000000000000000000e+00
0.000000000000000000e+00 0.000000000000000000e+00 0.000000000000000000e+00 0.000000000000000000e+00 6.479244256418066790e-03 1.295848851283613358e-02 6.479244256418066790e-03 0.000000000000000000e+00 0.000000000000000000e+00 0.000000000000000000e+00 0.000000000000000000e+00 0.000000000000000000e+00 0.000000000000000000e+00 0.000000000000000000e+00 0.000000000000000000e+00 6.479244256418066790e-03 0.000000000000000000e+00
1.295848851283613358e-02 0.000000000000000000e+00 1.295848851283613358e-02 0.000000000000000000e+00 6.479244256418066790e-03 6.577299379883414648e-03 1.295848851283613358e-02 0.000000000000000000e+00 0.000000000000000000e+00 0.000000000000000000e+00 0.000000000000000000e+00 0.000000000000000000e+00 1.295848851283613358e-02 0.000000000000000000e+00 0.000000000000000000e+00 6.479244256418066790e-03 0.000000000000000000e+00
1.295848851283613358e-02 0.000000000000000000e+00 6.479244256418066790e-03 6.479244256418066790e-03 6.479244256418066790e-03 1.295848851283613358e-02 1.295848851283613358e-02 0.000000000000000000e+00 0.000000000000000000e+00 0.000000000000000000e+00 0.000000000000000000e+00 0.000000000000000000e+00 1.539531979028204572e-02 0.000000000000000000e+00 0.000000000000000000e+00 0.000000000000000000e+00 0.000000000000000000e+00
0.000000000000000000e+00 0.000000000000000000e+00 6.479244256418066790e-03 0.000000000000000000e+00 0.000000000000000000e+00 1.295848851283613358e-02 6.479244256418066790e-03 0.000000000000000000e+00 0.000000000000000000e+00 0.000000000000000000e+00 0.000000000000000000e+00 6.479244256418066790e-03 6.479244256418066790e-03 0.000000000000000000e+00 0.000000000000000000e+00 0.000000000000000000e+00 0.000000000000000000e+00
