1.456378060271068010e-03 2.737193007910088995e-03 2.737193007910088995e-03 2.275772973287194020e-03 1.368596503955044497e-03 4.561988346516814810e-04 0.000000000000000000e+00 0.000000000000000000e+00 0.000000000000000000e+00 0.000000000000000000e+00 0.000000000000000000e+00 4.561988346516814810e-04 1.368596503955044497e-03 2.737193007910088995e-03 3.193391842561770638e-03 1.431796794268441102e-03 1.796467488624658689e-03
9.216425301872159309e-04 1.840435851163790566e-03 2.280994173258407351e-03 2.280994173258407351e-03 1.824795338606725924e-03 9.123976693033629621e-04 0.000000000000000000e+00 0.000000000000000000e+00 0.000000000000000000e+00 0.000000000000000000e+00 0.000000000000000000e+00 9.123976693033629621e-04 2.280994173258407351e-03 3.649590677213451848e-03 4.946716245005837974e-03 2.344194463571803739e-03 2.280994173258407351e-03
1.824795338606725924e-03 2.737193007910088995e-03 4.112783467018537621e-03 3.649590677213451848e-03 3.188170642590557307e-03 2.280994173258407351e-03 4.561988346516814810e-04 0.000000000000000000e+00 0.000000000000000000e+00 4.561988346516814810e-04 4.561988346516814810e-04 1.824795338606725924e-03 2.737193007910088995e-03 3.916412415877047401e-03 4.174697950249231515e-03 3.193391842561770638e-03 2.708865157928021759e-03
1.824795338606725924e-03 2.737193007910088995e-03 4.105789511865133058e-03 4.575882360448812157e-03 4.561988346516814702e-03 3.193391842561770638e-03 9.123976693033629621e-04 0.000000000000000000e+00 0.000000000000000000e+00 1.368596503955044497e-03 1.368596503955044497e-03 3.193391842561770638e-03 4.105789511865133058e-03 4.835041410642342170e-03 5.018187181168496346e-03 3.256592132875167026e-03 2.280994173258407351e-03
1.824795338606725924e-03 3.634209217831387267e-03 4.561988346516814702e-03 5.474386015820177989e-03 5.469164815848964224e-03 4.100568311893920161e-03 2.737193007910088995e-03 4.561988346516814810e-04 0.000000000000000000e+00 1.824795338606725924e-03 1.824795338606725924e-03 3.756757224353386455e-03 4.561988346516814702e-03 5.474386015820177989e-03 5.087095619552593935e-03 4.105789511865133058e-03 2.307913234833472091e-03
1.368596503955044497e-03 3.193391842561770638e-03 3.649590677213451848e-03 4.105789511865133058e-03 4.743936777608230224e-03 3.375340273653185726e-03 2.748231047404881520e-03 4.561988346516814810e-04 0.000000000000000000e+00 1.824795338606725924e-03 1.824795338606725924e-03 2.388160720398341090e-03 2.737193007910088995e-03 3.460213581225365757e-03 3.649590677213451848e-03 3.131774185498960306e-03 2.090592118805956450e-03
9.123976693033629621e-04 2.041864468436114122e-03 3.164236196013646245e-03 3.189365221803238965e-03 4.087622329079590791e-03 3.424374424362330426e-03 3.193391842561770638e-03 1.368596503955044497e-03 0.000000000000000000e+00 1.368596503955044497e-03 1.368596503955044497e-03 1.824795338606725924e-03 3.193391842561770638e-03 3.193391842561770638e-03 2.737193007910088995e-03 2.280994173258407351e-03 1.824795338606725924e-03
4.561988346516814810e-04 1.368596503955044497e-03 1.368596503955044497e-03 1.368596503955044497e-03 1.806628155821183874e-03 2.280994173258407351e-03 1.824795338606725924e-03 9.123976693033629621e-04 0.000000000000000000e+00 9.123976693033629621e-04 9.123976693033629621e-04 5.633653817916154912e-04 1.368596503955044497e-03 9.123976693033629621e-04 0.000000000000000000e+00 9.123976693033629621e-04 9.123976693033629621e-04
0.000000000000000000e+00 0.000000000000000000e+00 0.000000000000000000e+00 0.000000000000000000e+00 0.000000000000000000e+00 0.000000000000000000e+00 0.000000000000000000e+00 0.000000000000000000e+00 0.000000000000000000e+00 0.000000000000000000e+00 0.000000000000000000e+00 0.000000000000000000e+00 0.000000000000000000e+00 0.000000000000000000e+00 0.000000000000000000e+00 0.000000000000000000e+00 0.000000000000000000e+00
2.396552802174040011e-03 4.105789511865133058e-03 5.264336863893067861e-03 4.105789511865133058e-03 3.236552328401568271e-03 7.299181354426903696e-03 7.026107237532222376e-03 2.920317725667089317e-03 0.000000000000000000e+00 4.561988346516814810e-04 9.123976693033629621e-04 4.561988346516814810e-04 0.000000000000000000e+00 0.000000000000000000e+00 4.561988346516814810e-04 1.368596503955044497e-03 1.824795338606725924e-03
8.227929458043285738e-03 7.588825268452004114e-03 9.058199835379598247e-03 9.135483948583050448e-03 8.254739509570063749e-03 1.322976620489876159e-02 1.098166216594803103e-02 3.832715394970451737e-03 0.000000000000000000e+00 8.009836729397583994e-04 1.713381342243121361e-03 2.280994173258407351e-03 1.850313975487937303e-03 2.280994173258407351e-03 1.368596503955044497e-03 2.675575350847278662e-03 3.193391842561770638e-03
1.505456154350548817e-02 1.308428098425947796e-02 1.365584281985574022e-02 1.553078262196655283e-02 1.302677700801398858e-02 1.365740146320469119e-02 1.034233861353935080e-02 2.737193007910088995e-03 0.000000000000000000e+00 9.123976693033629621e-04 1.368596503955044497e-03 2.737193007910088995e-03 3.736726971157473126e-03 4.105789511865133058e-03 1.368596503955044497e-03 2.280994173258407351e-03 3.634209217831387267e-03
1.729314880408947333e-02 1.579231042008609129e-02 1.303005188302326471e-02 1.610501297113217656e-02 1.363848196133227685e-02 1.073105464871496918e-02 6.858534059981206965e-03 1.596169655932333769e-03 0.000000000000000000e+00 9.123976693033629621e-04 1.368596503955044497e-03 3.193391842561770638e-03 5.499904652701389368e-03 6.325166028060730944e-03 3.388602703962160807e-03 2.824329301854110272e-03 4.500370689454004369e-03
1.318853171685207236e-02 1.420624567045972349e-02 1.414743782626602144e-02 1.513086686033446142e-02 1.331503423842865866e-02 7.267524182418377311e-03 2.737193007910088995e-03 4.561988346516814810e-04 0.000000000000000000e+00 4.561988346516814810e-04 9.123976693033629621e-04 2.737193007910088995e-03 5.868967193409049300e-03 6.325166028060730944e-03 3.649590677213451848e-03 1.763177681543915808e-03 3.131774185498960306e-03
1.214118170218374607e-02 1.147248931184285427e-02 1.186116970094371927e-02 1.161539725936848455e-02 9.671367902506616474e-03 4.986720701975023290e-03 2.737193007910088995e-03 9.123976693033629621e-04 0.000000000000000000e+00 4.561988346516814810e-04 9.123976693033629621e-04 2.737193007910088995e-03 5.105323475112518057e-03 6.386783685123541277e-03 2.280994173258407351e-03 1.824795338606725924e-03 4.956569524105686013e-03
1.126951171543720889e-02 1.193461248778594427e-02 1.048587786394593151e-02 9.286947257229614602e-03 8.829977430826599361e-03 5.936509191763268863e-03 9.123976693033629621e-04 0.000000000000000000e+00 0.000000000000000000e+00 0.000000000000000000e+00 0.000000000000000000e+00 1.824795338606725924e-03 3.649590677213451848e-03 4.105789511865133058e-03 9.123976693033629621e-04 1.368596503955044497e-03 1.824795338606725924e-03
1.211439093918975640e-02 1.186116970094371927e-02 1.094877203164035598e-02 1.003637436233699269e-02 8.667777858381946893e-03 6.164082343740558134e-03 2.280994173258407351e-03 0.000000000000000000e+00 0.000000000000000000e+00 0.000000000000000000e+00 0.000000000000000000e+00 1.368596503955044497e-03 2.737193007910088995e-03 1.824795338606725924e-03 4.561988346516814810e-04 4.561988346516814810e-04 2.244412308553691161e-03
