7.381243064297243099e-04 1.476248612859448620e-03 7.381243064297243099e-04 2.952497225718897240e-03 2.963642465972280132e-03 3.592710952117417287e-03 2.105317099004585558e-03 0.000000000000000000e+00 0.000000000000000000e+00 0.000000000000000000e+00 0.000000000000000000e+00 7.381243064297243099e-04 0.000000000000000000e+00 0.000000000000000000e+00 7.381243064297243099e-04 1.476248612859448620e-03 0.000000000000000000e+00
7.381243064297243099e-04 2.952497225718897240e-03 2.214372919289173038e-03 3.555002685509560823e-03 3.407570068486508522e-03 2.214372919289173038e-03 2.214372919289173038e-03 7.381243064297243099e-04 0.000000000000000000e+00 0.000000000000000000e+00 0.000000000000000000e+00 0.000000000000000000e+00 7.381243064297243099e-04 7.381243064297243099e-04 1.476248612859448620e-03 1.476248612859448620e-03 7.381243064297243099e-04
7.381243064297243099e-04 1.476248612859448620e-03 1.864784085077901511e-03 3.346318975013282820e-03 4.428745838578346077e-03 0.000000000000000000e+00 2.119099877846129278e-03 0.000000000000000000e+00 0.000000000000000000e+00 0.000000000000000000e+00 0.000000000000000000e+00 0.000000000000000000e+00 0.000000000000000000e+00 7.381243064297243099e-04 7.381243064297243099e-04 7.381243064297243099e-04 7.381243064297243099e-04
7.381243064297243099e-04 7.381243064297243099e-04 7.381243064297243099e-04 2.787651864184381538e-03 5.126989233860802450e-03 3.690621532148621441e-03 7.381243064297243099e-04 7.381243064297243099e-04 0.000000000000000000e+00 0.000000000000000000e+00 0.000000000000000000e+00 7.381243064297243099e-04 1.476248612859448620e-03 7.381243064297243099e-04 0.000000000000000000e+00 7.381243064297243099e-04 1.476248612859448620e-03
1.588371016674011661e-03 0.000000000000000000e+00 2.214372919289173038e-03 4.055040661309403278e-03 2.988441646484982402e-03 5.166870145008070278e-03 1.476248612859448620e-03 7.381243064297243099e-04 0.000000000000000000e+00 0.000000000000000000e+00 0.000000000000000000e+00 1.476248612859448620e-03 1.476248612859448620e-03 2.214372919289173038e-03 7.381243064297243099e-04 0.000000000000000000e+00 0.000000000000000000e+00
2.560436739069498879e-03 2.214372919289173038e-03 4.166473546916824727e-03 7.479977237925996246e-03 1.039014899542711930e-02 8.857491677156692153e-03 7.381243064297243099e-04 0.000000000000000000e+00 0.000000000000000000e+00 7.381243064297243099e-04 7.381243064297243099e-04 2.214372919289173038e-03 1.476248612859448620e-03 1.614460488178316201e-03 2.214372919289173038e-03 0.000000000000000000e+00 0.000000000000000000e+00
5.629061819583566252e-03 4.428745838578346077e-03 8.146435419470625383e-03 9.293015773242679911e-03 1.235762191978516909e-02 9.500237385726575598e-03 2.952497225718897240e-03 2.214372919289173038e-03 0.000000000000000000e+00 7.381243064297243099e-04 1.476248612859448620e-03 1.527117238166765100e-03 1.476248612859448620e-03 1.476248612859448620e-03 0.000000000000000000e+00 0.000000000000000000e+00 7.381243064297243099e-04
8.903017091608730199e-03 7.149090683377304703e-03 1.141208677650754760e-02 1.249850811989531608e-02 1.236627994255787982e-02 1.053165588055592766e-02 5.167780590284450949e-03 2.215283364565553276e-03 0.000000000000000000e+00 0.000000000000000000e+00 0.000000000000000000e+00 4.428745838578346077e-03 7.381243064297243099e-04 1.476248612859448620e-03 7.381243064297243099e-04 7.523925112091980763e-04 1.490516817638922386e-03
1.604580833393214057e-02 1.304778569376120398e-02 1.564038688054888993e-02 1.985323817353997281e-02 2.338962419999146211e-02 1.669447957099151267e-02 1.499448281959233319e-02 9.216828974424448942e-03 0.000000000000000000e+00 2.214372919289173038e-03 3.690621532148621441e-03 8.124512463688792624e-03 3.932158000946913388e-03 4.670282307376637590e-03 4.428745838578346077e-03 3.690621532148621441e-03 4.357932898331070247e-03
1.915480191231364732e-02 1.315575792578803360e-02 1.293664868152376649e-02 1.798559180945349598e-02 2.119432947260853350e-02 1.402436182216476070e-02 8.003634661606565462e-03 5.177567596881199087e-03 0.000000000000000000e+00 7.381243064297243099e-04 1.476248612859448620e-03 5.166870145008070278e-03 4.428745838578346077e-03 3.690621532148621441e-03 2.214372919289173038e-03 7.381243064297243099e-04 2.214372919289173038e-03
1.873839623195636475e-02 1.117356141753906261e-02 1.146040006866431808e-02 1.515102160081293996e-02 1.457221551477047919e-02 6.581611024792858970e-03 5.742232547950586706e-03 2.225070371162301847e-03 0.000000000000000000e+00 0.000000000000000000e+00 0.000000000000000000e+00 4.428745838578346077e-03 1.476248612859448620e-03 2.214372919289173038e-03 1.481393705821274593e-03 0.000000000000000000e+00 1.476248612859448620e-03
1.417254895085469715e-02 1.043499446042868775e-02 5.904994451437794480e-03 8.923935320410183655e-03 1.225406886988922826e-02 8.681783007108402617e-03 2.952497225718897240e-03 1.476248612859448620e-03 0.000000000000000000e+00 7.889929317370406817e-04 7.889929317370406817e-04 3.741490157455937705e-03 2.214372919289173038e-03 1.476248612859448620e-03 1.476248612859448620e-03 0.000000000000000000e+00 7.381243064297243099e-04
9.662059626839908724e-03 5.904994451437794480e-03 1.973492483735936592e-03 7.447581151133938690e-03 6.586454199664082410e-03 4.353258941261120736e-03 2.952497225718897240e-03 7.381243064297243099e-04 0.000000000000000000e+00 0.000000000000000000e+00 0.000000000000000000e+00 2.214372919289173038e-03 2.195946815895162031e-03 0.000000000000000000e+00 7.381243064297243099e-04 1.476248612859448620e-03 1.476248612859448620e-03
8.119261814310170522e-03 5.172630120346096046e-03 5.365517991711126616e-03 1.093489636030495725e-02 6.698515846636772346e-03 6.055543790657882952e-03 1.512580355353124227e-03 1.476248612859448620e-03 0.000000000000000000e+00 7.381243064297243099e-04 7.381243064297243099e-04 2.214372919289173038e-03 3.244638964379919881e-03 1.476248612859448620e-03 7.381243064297243099e-04 2.952497225718897240e-03 2.143559979041896775e-03
9.614181337348044754e-03 8.119367370726967084e-03 4.227302675559049296e-03 8.923829763993387093e-03 5.904994451437794480e-03 2.214372919289173038e-03 7.381243064297243099e-04 0.000000000000000000e+00 0.000000000000000000e+00 0.000000000000000000e+00 0.000000000000000000e+00 0.000000000000000000e+00 7.433408453267048967e-04 7.381243064297243099e-04 7.381243064297243099e-04 2.021488834857357829e-03 7.381243064297243099e-04
8.137932724488596350e-03 5.185435498769698677e-03 5.748393059648458127e-03 1.033363473359934226e-02 6.643118757867518681e-03 2.214372919289173038e-03 1.476248612859448620e-03 0.000000000000000000e+00 0.000000000000000000e+00 0.000000000000000000e+00 0.000000000000000000e+00 0.000000000000000000e+00 7.381243064297243099e-04 3.619808591901345612e-03 2.143559979041896775e-03 7.622042112171640346e-04 1.500328517646888236e-03
5.913678123408279592e-03 2.952497225718897240e-03 4.934717764088132098e-03 6.643118757867518681e-03 4.428745838578346077e-03 2.214372919289173038e-03 7.381243064297243099e-04 0.000000000000000000e+00 0.000000000000000000e+00 0.000000000000000000e+00 0.000000000000000000e+00 0.000000000000000000e+00 1.476248612859448620e-03 3.619808591901345612e-03 2.214372919289173038e-03 2.214372919289173038e-03 3.619808591901345612e-03
