1.923248823708065746e-03 9.901012824115242462e-04 8.877972829841229620e-04 6.402719623812419547e-04 0.000000000000000000e+00 4.950506412057621231e-04 2.475253206028810615e-04 2.499699746765842931e-04 0.000000000000000000e+00 4.950506412057621231e-04 1.649736334062335474e-03 1.742796425385820117e-03 1.257010070054131578e-03 4.950506412057621231e-04 1.557857747758122080e-03 2.504755854234189463e-03 1.999586031862774817e-03
4.207930450248978209e-03 1.980202564823048492e-03 7.425759618086432388e-04 1.135322603587004186e-03 4.950506412057621231e-04 4.950506412057621231e-04 4.950506412057621231e-04 9.901012824115242462e-04 0.000000000000000000e+00 4.950506412057621231e-04 1.897261654665216265e-03 1.710049166284386595e-03 1.980192742772278556e-03 2.091401405532883860e-03 2.475253206028810507e-03 2.475253206028810507e-03 1.243661624439953376e-03
3.506274356841334889e-03 2.018984272138703642e-03 9.190458356098324746e-04 9.190458356098324746e-04 4.950506412057621231e-04 7.425759618086432388e-04 4.950506412057621231e-04 7.425759618086432388e-04 0.000000000000000000e+00 9.901012824115242462e-04 2.467534803994021492e-03 1.742796425385820117e-03 1.752060711259893809e-03 1.141979142817960364e-03 1.846676707351695233e-03 3.240365543092648803e-03 2.247111352465656041e-03
2.515997655312710631e-03 1.771309874879599964e-03 6.715205150069513589e-04 7.425759618086432388e-04 4.949015645495395601e-04 1.237477526358182799e-03 7.425759618086432388e-04 2.475253206028810615e-04 0.000000000000000000e+00 1.485151923617286478e-03 2.275218727499972449e-03 9.924463018760115111e-04 1.719032615644442872e-03 2.597215298502447960e-03 1.735022263684654750e-03 1.300556791500225625e-03 1.980202564823048492e-03
4.225830176698401434e-03 2.586875263174967261e-03 4.950506412057621231e-04 1.241512323333867880e-03 1.092029179856044124e-03 5.969785386502820005e-04 4.950506412057621231e-04 9.929505376647801418e-04 0.000000000000000000e+00 9.901012824115242462e-04 1.477433521582497246e-03 8.377020991862662528e-04 1.471507295041561865e-03 1.989537382144831393e-03 1.310332427155240856e-03 1.300556791500225625e-03 1.732677244220167485e-03
4.185085727414501744e-03 2.970303847234572955e-03 1.661621797418475497e-03 1.237626603014405254e-03 1.249495538097687057e-03 2.399516465577566492e-03 2.478102461282066619e-03 2.536141928926027248e-03 0.000000000000000000e+00 2.550428084414568634e-03 4.184299326750857105e-03 3.060207595199627550e-03 1.471507295041561865e-03 2.167785257899795901e-03 2.227727885425929283e-03 2.039979845093400565e-03 1.742441124445077462e-03
4.451422410671563613e-03 3.965285506386226171e-03 2.480685318641801147e-03 2.726664246951154141e-03 1.841994182155665995e-03 3.240546139677350813e-03 2.233167314222160322e-03 5.138548262821130905e-03 0.000000000000000000e+00 3.540529366826093097e-03 4.343565579656367796e-03 3.283756409558990976e-03 3.031334297203026190e-03 3.472733943839882535e-03 2.637801806777264300e-03 2.227727885425929283e-03 1.980202564823048492e-03
3.980004584517183447e-03 3.718311921656205967e-03 4.201615038436357086e-03 4.986055452675097581e-03 5.104004303573359685e-03 7.676106445083215324e-03 6.323248699420152934e-03 9.114405276245286097e-03 0.000000000000000000e+00 5.008437924629621264e-03 7.356111388122008737e-03 7.768734642824744185e-03 4.560075150013654516e-03 4.653491753415475891e-03 4.253752262264589787e-03 3.976826842547226577e-03 3.227593048062364373e-03
1.107135816964005016e-02 7.042101213925771458e-03 7.237403720652929584e-03 1.059899505192227719e-02 1.437297088473181439e-02 1.677808609592683353e-02 1.286852591732770903e-02 1.264605884298134267e-02 0.000000000000000000e+00 1.079020004674832028e-02 1.628787659131491691e-02 1.308219491192905322e-02 8.734103193599560000e-03 9.305913425507060868e-03 5.654907559746273453e-03 5.352237637469245066e-03 4.591810326645300207e-03
9.977634013853115685e-03 6.814101443348204862e-03 6.500849713094836169e-03 7.244461664272920307e-03 6.145810549898910076e-03 1.005778742089045649e-02 8.378267078009453070e-03 6.476228370325730690e-03 0.000000000000000000e+00 4.707130529497611897e-03 8.528523928658032077e-03 6.365182689137187898e-03 3.736377628382712111e-03 3.946578126214902310e-03 4.184781549880369801e-03 4.576262353292275854e-03 4.455455770851858566e-03
1.203077637938710677e-02 6.253364336366574322e-03 6.492485661289697577e-03 5.334970144951739490e-03 5.262287227514264414e-03 1.015975426557092290e-02 7.803370218838883224e-03 4.763396732706153165e-03 0.000000000000000000e+00 2.974654464579293625e-03 6.018090625662324278e-03 3.448502339766610237e-03 3.057481004270849213e-03 4.127774045655305778e-03 3.142238122174500440e-03 4.860700893208102016e-03 4.545332827442610107e-03
1.436935879258144713e-02 9.078021277174020201e-03 6.152289407148145081e-03 3.657027798976510147e-03 3.710377881864924347e-03 6.282177560286508061e-03 5.264400979186617882e-03 2.454792790711180905e-03 0.000000000000000000e+00 1.485151923617286478e-03 4.275098129706439778e-03 3.556509922309654230e-03 2.697039763899461515e-03 3.135559671572666404e-03 3.049065594543988369e-03 3.768339016214700913e-03 3.617178929657932640e-03
1.068011921432280090e-02 1.327361375477445656e-02 7.588776303657938406e-03 3.692871406900391333e-03 2.735951481719646299e-03 3.423300790790079033e-03 2.109386325434580312e-03 4.950506412057621231e-04 0.000000000000000000e+00 7.425759618086432388e-04 2.957150706732194871e-03 2.966522031772845722e-03 1.719611668933147602e-03 1.391617191861621800e-03 2.533596334679582163e-03 3.422230741270090078e-03 2.007481063985172391e-03
1.436185941429112163e-02 7.980525076876745019e-03 7.327908756402106913e-03 4.787814072293288155e-03 2.127467060490702798e-03 3.168438721684696795e-03 1.248532489905632235e-03 2.475253206028810615e-04 0.000000000000000000e+00 7.425759618086432388e-04 1.391169234036135132e-03 1.485151923617286478e-03 9.770357071245045801e-04 1.367430617526268176e-03 2.533596334679582163e-03 1.980202564823048492e-03 1.492509816316825487e-03
1.509239688572732579e-02 1.090363525193088767e-02 6.168730865527160233e-03 6.013725379972396576e-03 3.151044158862793994e-03 2.195154076672064039e-03 1.295671829961770509e-03 0.000000000000000000e+00 0.000000000000000000e+00 7.425759618086432388e-04 6.120017147007883896e-04 4.950506412057621231e-04 7.425759618086432388e-04 9.680274365169509428e-04 1.732677244220167485e-03 1.528830422686025623e-03 1.490048715370370473e-03
1.151632123338216379e-02 1.172037601373384502e-02 8.488978586001207083e-03 3.424256330390231320e-03 4.280620794373495540e-03 2.851962287243223551e-03 7.425759618086432388e-04 0.000000000000000000e+00 0.000000000000000000e+00 4.994012585504830097e-04 7.425759618086432388e-04 1.246910362839698120e-03 7.425759618086432388e-04 7.425759618086432388e-04 1.413683089098599372e-03 2.120942472913571377e-03 2.288315242010825843e-03
1.384588994722645884e-02 1.012918966604731824e-02 8.091741296585764145e-03 6.073917171518671519e-03 3.111082804524638572e-03 3.761577596620046659e-03 1.732677244220167485e-03 2.475253206028810615e-04 0.000000000000000000e+00 2.518759379476020565e-04 4.950506412057621231e-04 7.425759618086432388e-04 5.837226942626010280e-04 6.469285016121983489e-04 1.862224368155752192e-03 2.627121244384476688e-03 2.221023790622611137e-03
