2.345798988160201302e-03 3.518698482240302169e-03 1.759349241120151085e-03 5.864497470400503254e-04 2.932248735200251519e-03 3.105632369043501151e-03 1.172899494080100651e-03 5.945585605737017379e-04 2.504693406180718077e-03 1.172899494080100651e-03 0.000000000000000000e+00 1.172899494080100651e-03 1.172899494080100651e-03 0.000000000000000000e+00 0.000000000000000000e+00 5.864497470400503254e-04 1.267468204290236313e-03
2.407104344637049555e-03 2.531701848008763387e-03 5.864497470400503254e-04 5.864497470400503254e-04 2.932248735200251519e-03 3.518698482240302169e-03 2.940357548733903148e-03 1.767458054653802280e-03 4.756131221922923862e-03 2.399530124586750617e-03 5.864497470400503254e-04 3.677592900260818511e-03 2.932248735200251519e-03 5.864497470400503254e-04 1.172899494080100651e-03 2.345798988160201302e-03 1.185607379063088841e-03
4.064846148628045198e-03 2.375577121643998504e-03 1.172899494080100651e-03 2.345798988160201302e-03 5.278047723360452387e-03 4.708856883798887352e-03 3.518698482240302169e-03 3.518698482240302169e-03 3.818418879555106338e-03 1.759349241120151085e-03 9.194415880059828884e-04 2.802626950077180892e-03 1.759349241120151085e-03 0.000000000000000000e+00 1.172899473427901082e-03 1.172899473427901082e-03 1.172899494080100651e-03
4.105148229280352820e-03 4.134926362764149155e-03 1.172899494080100651e-03 5.864497470400503254e-04 7.067172526248415541e-03 5.278045151644468122e-03 2.353907801693852931e-03 3.526807295773953365e-03 7.345226175329059269e-03 2.345798988160201302e-03 1.715446103555778347e-03 3.493468184033009325e-03 2.345798988160201302e-03 5.864497470400503254e-04 5.864497470400503254e-04 1.863975189918176808e-03 1.862069414111159477e-03
4.105148229280352820e-03 3.518698482240302169e-03 1.342565788372556681e-03 3.518698482240302169e-03 7.954055406787606877e-03 7.054655871959089088e-03 3.211509439739634875e-03 8.577787206141468390e-03 1.298821237919009150e-02 3.518698482240302169e-03 2.767020851515313365e-03 6.099855016723314954e-03 5.786593271276279683e-03 2.932248735200251519e-03 2.144900787779150872e-03 5.278047702708252818e-03 3.737325055537922026e-03
1.759349241120151085e-03 1.172899494080100651e-03 0.000000000000000000e+00 2.038609945659534441e-03 4.727790167860022701e-03 2.255696405177880573e-03 5.864497470400503254e-04 8.489557142447888560e-03 1.289807675950465672e-02 4.105148229280352820e-03 2.625059672047384655e-03 4.873446532953301311e-03 5.969123419198529845e-03 1.759349241120151085e-03 5.864497470400503254e-04 4.829151107981572745e-03 3.805894894149536301e-03
2.923402252838550736e-03 3.518698482240302169e-03 0.000000000000000000e+00 2.038609945659534441e-03 9.113153656449747564e-03 7.273928445064743557e-03 1.464256190044153742e-03 1.151399455103727446e-02 2.439845130220752098e-02 7.050707432376832930e-03 2.482686535846810941e-03 1.020522539274030388e-02 8.368538853467014094e-03 1.759349241120151085e-03 5.864497470400503254e-04 3.087375273739265905e-03 1.221494308014071549e-03
5.864497470400503254e-04 0.000000000000000000e+00 0.000000000000000000e+00 0.000000000000000000e+00 1.172899494080100651e-03 4.601495393338081441e-03 1.759349241120151085e-03 5.864497470400503037e-03 1.476586962479928440e-02 4.861216660296216810e-03 6.081122637860912313e-04 3.644986947784369016e-03 5.382673672158479194e-03 5.864497470400503254e-04 0.000000000000000000e+00 2.345798988160201302e-03 5.864497470400503254e-04
0.000000000000000000e+00 0.000000000000000000e+00 0.000000000000000000e+00 0.000000000000000000e+00 0.000000000000000000e+00 0.000000000000000000e+00 0.000000000000000000e+00 0.000000000000000000e+00 0.000000000000000000e+00 0.000000000000000000e+00 0.000000000000000000e+00 0.000000000000000000e+00 0.000000000000000000e+00 0.000000000000000000e+00 0.000000000000000000e+00 0.000000000000000000e+00 0.000000000000000000e+00
5.864497470400503254e-04 5.864497470400503254e-04 5.864497470400503254e-04 0.000000000000000000e+00 5.864497470400503254e-04 3.518698482240302169e-03 2.345798988160201302e-03 4.369023957474303492e-03 1.768353704164544668e-02 6.450947217440553688e-03 2.024210795636363896e-03 6.760001578297833956e-03 4.073988973197316746e-03 2.082115785409620855e-03 2.940357548733903148e-03 5.945585605737017379e-04 1.172899494080100651e-03
2.390676266546182694e-03 3.184785704265055001e-03 2.827171147247471445e-03 2.958403509482040398e-03 7.331996079193266007e-03 8.271472115137915027e-03 3.548226669154327679e-03 1.018283881941376041e-02 2.559132114967177171e-02 9.856823827960612197e-03 5.027450997849335426e-03 9.685782943237516290e-03 9.536676034101031901e-03 4.105148229280352820e-03 3.518698482240302169e-03 2.429393466448096905e-03 1.172899494080100651e-03
7.373110780703868950e-04 1.172899494080100651e-03 1.847163154534924761e-03 6.017988385120062083e-04 5.277344100181005637e-03 5.938929218638611465e-03 2.932248735200251519e-03 7.670345597435308110e-03 1.537873042936071383e-02 4.995157632450781919e-03 2.675053701692391411e-03 6.391425288059029812e-03 4.693375428057894316e-03 0.000000000000000000e+00 2.124849855327765481e-03 1.759349241120151085e-03 5.864497470400503254e-04
6.640098436155643380e-03 4.702057563962577097e-03 2.809597719312315490e-03 5.456030785345510579e-03 8.822089471345849476e-03 4.109339492038842877e-03 2.942946483408800940e-03 1.120240381541393396e-02 9.676930920846246731e-03 4.816289996147256336e-03 3.543966590123110057e-03 8.370138941441030225e-03 6.445150449127745595e-03 2.954901454730577207e-03 3.884199096447916132e-03 4.833340622603963382e-03 2.962026868684048721e-03
2.376674026621597782e-03 1.325105078491004094e-03 2.222490217465629848e-03 3.020058163256485097e-03 6.420121923785789171e-03 3.681784163019308567e-03 3.080450747018688862e-03 6.450947217440553688e-03 7.079402110521006673e-03 2.496660319190538088e-03 3.518698482240302169e-03 4.117625188406730079e-03 2.496660319190537655e-03 1.172899494080100651e-03 2.874474749602544225e-03 5.929978476186842807e-04 1.172899494080100651e-03
5.607392171401206701e-03 3.640029028189809349e-03 3.080450747018687995e-03 3.080450747018688862e-03 2.932248735200251519e-03 4.413453145234108067e-03 4.253350241098789730e-03 3.518698482240302169e-03 4.117625188406730079e-03 4.814924741975216450e-03 2.321840896772742364e-03 4.105148229280352820e-03 2.932248735200251519e-03 1.172899494080100651e-03 1.179447594658734498e-03 1.907639987982345927e-03 2.932248735200251519e-03
2.088693689160904532e-03 3.053579281149758698e-03 3.518698482240302169e-03 5.095016845294784644e-03 5.095016845294784644e-03 6.264933562731197884e-03 5.426249735178891032e-03 7.335070656965714427e-03 4.590876860764508960e-03 4.119950227158757777e-03 1.854197205914276218e-03 2.345798988160201302e-03 1.759349241120151085e-03 1.759349241120151085e-03 5.864497470400503254e-04 1.179447594658734498e-03 5.864497470400503254e-04
3.518698482240302169e-03 4.105148229280352820e-03 4.891890902393004371e-03 4.881211690661430708e-03 5.545552084722701544e-03 9.071947002050889317e-03 8.121813330078365978e-03 2.905736592835166717e-03 7.513631413482072148e-03 6.346943159137375876e-03 1.172899494080100651e-03 5.864497470400503254e-04 2.345798988160201302e-03 0.000000000000000000e+00 5.864497470400503254e-04 5.864497470400503254e-04 5.864497470400503254e-04
