3.004807544639183652e-04 1.368034512818025743e-04 1.368034512818025743e-04 2.855175884075639354e-04 4.104103538454076687e-04 5.472138051272102972e-04 8.208207076908153373e-04 5.765854512033493241e-04 2.335417295025756651e-03 1.214726945139687824e-03 1.029427422323396599e-03 6.840172564090127088e-04 1.244445417525517038e-03 9.708385149619119976e-04 9.596428771888459996e-04 1.131155476762785942e-03 1.903454718957402463e-03
1.636773031821158180e-04 1.377582907340141522e-04 2.672082357118732042e-04 5.472138051272102972e-04 6.579129341706561667e-04 5.353758662722482055e-04 9.522619172303252574e-04 1.230455416061709264e-03 2.742304696489246147e-03 1.083797565173993385e-03 7.296598822341222521e-04 1.224832394684490953e-03 1.088028943402688433e-03 1.280559438833494624e-03 1.144262203177939590e-03 1.315774802751879533e-03 1.849174171984327908e-03
8.096612263684783636e-04 7.349733977724440910e-04 7.340185583202325130e-04 8.327313935347741784e-04 8.305793309259281712e-04 3.029785486397441755e-04 2.919932855202334271e-04 7.049883767965911411e-04 2.165643747141043993e-03 7.963416139845763946e-04 4.040116869936757785e-04 7.042388033327089906e-04 6.972316123983068490e-04 6.855198301461015937e-04 8.228394259070434796e-04 9.576241589726178574e-04 1.559322027420775207e-03
6.849720958612243952e-04 1.368989352270237212e-03 8.239276097518729225e-04 1.377492310693364825e-03 8.356694909322199367e-04 7.445632163439452065e-04 6.937758796441256511e-04 5.579641148480742876e-04 2.739942980610854222e-03 6.869728146390343933e-04 9.576241589726178574e-04 5.633368112977546732e-04 9.474993986749792900e-04 1.280653650091723161e-03 9.596428771888459996e-04 1.368019405594700019e-03 2.473966357596355491e-03
1.067958898935102716e-03 2.303643653378578422e-03 1.505835184592117272e-03 2.188855220508841189e-03 1.394563119213141234e-03 1.260234036599473502e-03 8.625895865560442724e-04 8.295422116323000706e-04 1.533381091594191326e-03 1.088495691774626168e-03 1.509869176795482605e-03 2.033205504987914934e-03 1.355581500361685912e-03 1.691476008305149888e-03 1.515521727173901314e-03 1.789128629737506571e-03 2.138527814831853776e-03
1.626721450247558881e-03 2.054716730434526066e-03 2.383349973037979068e-03 3.430056978519044775e-03 2.503985230033102614e-03 2.513566843558548598e-03 2.059111499800129856e-03 3.064879360930014129e-03 4.985742109442647257e-03 4.951889713449137559e-03 4.809851188043936729e-03 3.808178776140435946e-03 2.588873582758438076e-03 2.468303315210453909e-03 2.763905289754959270e-03 2.288648366647765865e-03 1.611822539154149879e-03
1.236556277921588287e-03 1.622625498217219802e-03 1.988849273065729315e-03 3.676829033009078925e-03 3.622539581589083891e-03 3.624284770092617899e-03 4.884017906272614291e-03 8.211856126154985780e-03 1.903924129931574075e-02 1.191595844740872198e-02 7.821934352221553144e-03 6.021928412029827100e-03 4.978493309971420561e-03 4.086557642280477277e-03 2.915643564410647440e-03 2.233456612139931609e-03 1.522189203098187537e-03
1.658502429867897855e-03 1.849112070946399124e-03 3.272064252858141419e-03 4.683199648732011555e-03 5.265562356683482770e-03 6.320929765224525543e-03 7.167943670141884230e-03 1.560205412318329057e-02 4.312152301345739680e-02 1.998646799314713132e-02 1.027314106445778238e-02 9.397325289558399602e-03 6.620029244316718263e-03 4.562849239695888903e-03 3.018882669600172260e-03 2.479663972459210820e-03 2.158155926364678685e-03
2.595076155653070708e-03 3.076262794218460710e-03 3.864151539262916137e-03 5.503573931589258311e-03 8.173218391871546820e-03 1.138276097676755964e-02 1.849173844986732804e-02 3.743127499312058626e-02 0.000000000000000000e+00 3.734089938701910805e-02 1.871062405220471833e-02 1.224635583297400618e-02 7.973054033225970838e-03 4.988207929238476675e-03 3.138643838987903879e-03 2.686769686652852943e-03 2.104476038340681414e-03
3.457388491393713521e-03 3.653828698684863461e-03 4.302774147662575405e-03 5.409565537198698579e-03 7.076372041594567244e-03 8.948478987723022457e-03 1.030107344476551869e-02 2.026713188201005253e-02 4.358778618910593566e-02 1.572996454394990848e-02 7.621144387751820071e-03 7.008076018975306805e-03 5.187963687265023834e-03 4.812529746748361349e-03 2.485950488864434402e-03 1.549466660045869951e-03 1.436177804174261106e-03
4.595459869817912664e-03 3.825333367830246068e-03 4.898197743902994727e-03 6.817277401403709809e-03 6.045302331947237720e-03 6.348759440589864765e-03 8.106856549287147842e-03 1.273732509935514116e-02 1.930319605638951275e-02 7.688337805409410121e-03 4.929263254978665486e-03 4.516329273226407127e-03 3.846216418689833196e-03 4.370664538761156147e-03 1.849637005774692252e-03 9.381245323595822309e-04 9.619900740640734745e-04
5.079509129411648345e-03 5.065605397072991609e-03 5.377430706866943334e-03 5.067583050587502573e-03 4.597863704893362206e-03 4.078716615165770346e-03 4.912521272094883505e-03 5.276148392072450496e-03 4.863858538286350806e-03 2.414609159278650885e-03 1.511133441873568992e-03 2.644908200179357967e-03 2.483011690058360525e-03 4.072191436947029952e-03 2.356618741848642840e-03 2.227656591451326450e-03 1.889316990855056250e-03
6.505534165719434152e-03 5.466943238707232949e-03 4.021614580664701830e-03 3.476493211230210177e-03 2.555044567742848199e-03 1.641641415381630675e-03 1.236748126434712713e-03 1.099944675152910193e-03 9.631412238711076733e-04 5.472138051272102972e-04 6.308444865490292356e-04 1.010600558567799389e-03 7.864393066461172407e-04 2.052168477979180589e-03 1.089027254108072915e-03 2.106982737257651062e-03 1.035468059211421465e-03
6.262043927741391645e-03 3.948629599598886541e-03 2.538816485706101803e-03 2.325764921396052901e-03 1.645793002369963596e-03 5.484162835011033733e-04 1.231231061536222898e-03 8.102210890978151381e-04 2.725428646858373948e-03 6.704685292015728814e-04 5.502679341032221897e-04 4.961981198777240618e-04 5.944717897379024141e-04 1.097927911520101647e-03 5.472138051272102972e-04 1.453822278850342136e-03 6.840172564090127088e-04
4.241944907796925401e-03 2.101907192820419434e-03 9.318851486725424028e-04 1.066654307323566548e-03 9.596584516033961239e-04 4.444900753093133862e-04 5.472138051272102972e-04 6.859148490958158267e-04 1.780342459350236313e-03 4.151231107628860486e-04 4.104103538454076687e-04 2.736069025636051486e-04 6.840172564090127088e-04 5.472138051272102972e-04 2.736069025636051486e-04 4.104103538454076687e-04 5.472138051272102972e-04
3.787306922787148176e-03 2.872872476917854006e-03 1.619539856152912806e-03 1.258388726635981895e-03 1.639989786657283484e-03 1.585058818626670874e-03 1.203457758605369285e-03 1.231231061536222898e-03 2.705699570026857091e-03 1.197127171775881800e-03 1.009182491904868362e-03 4.615515824346186412e-04 4.576683384560998940e-04 5.472138051272102972e-04 1.368034512818025743e-04 0.000000000000000000e+00 0.000000000000000000e+00
3.409300623072475216e-03 2.834468238835954196e-03 2.309912076034066532e-03 1.696572383412243284e-03 1.747632772981176077e-03 1.205674057269156760e-03 1.528205889758185460e-03 1.612661458548954492e-03 2.724400117766827625e-03 5.492325233434382226e-04 6.840172564090127088e-04 4.104103538454076687e-04 4.104103538454076687e-04 2.736069025636051486e-04 2.736069025636051486e-04 0.000000000000000000e+00 1.387764908151568964e-04
