3.636138603540522377e-03 1.252300027658393919e-02 0.000000000000000000e+00 1.454455441416208951e-02 3.636138603540522377e-03 7.349985235024545684e-03 3.636138603540522377e-03 7.272277207081044754e-03 0.000000000000000000e+00 1.090841581062156583e-02 7.272277207081044754e-03 1.217402933685558276e-02 7.272277207081044754e-03 1.090841581062156583e-02 0.000000000000000000e+00 1.454455441416208951e-02 7.272277207081044754e-03
0.000000000000000000e+00 7.313991815246655495e-03 7.272277207081044754e-03 1.091753635134360897e-02 8.080488536997255944e-03 9.595442292595676020e-03 1.315387286819269703e-02 7.272277207081044754e-03 0.000000000000000000e+00 7.272277207081044754e-03 7.272277207081044754e-03 1.090841581062156583e-02 3.636138603540522377e-03 3.636138603540522377e-03 0.000000000000000000e+00 7.272277207081044754e-03 0.000000000000000000e+00
0.000000000000000000e+00 3.636138603540522377e-03 0.000000000000000000e+00 3.636138603540522377e-03 3.636138603540522377e-03 1.112717679319593506e-02 7.491038189655413113e-03 0.000000000000000000e+00 0.000000000000000000e+00 0.000000000000000000e+00 3.836134657526441439e-03 7.272277207081044754e-03 0.000000000000000000e+00 0.000000000000000000e+00 3.636138603540522377e-03 0.000000000000000000e+00 0.000000000000000000e+00
0.000000000000000000e+00 3.636138603540522377e-03 3.636138603540522377e-03 0.000000000000000000e+00 3.636138603540522377e-03 3.636138603540522377e-03 0.000000000000000000e+00 0.000000000000000000e+00 0.000000000000000000e+00 0.000000000000000000e+00 0.000000000000000000e+00 0.000000000000000000e+00 0.000000000000000000e+00 1.090841581062156583e-02 3.636138603540522377e-03 3.636138603540522377e-03 0.000000000000000000e+00
0.000000000000000000e+00 0.000000000000000000e+00 3.636138603540522377e-03 3.636138603540522377e-03 0.000000000000000000e+00 0.000000000000000000e+00 0.000000000000000000e+00 0.000000000000000000e+00 0.000000000000000000e+00 0.000000000000000000e+00 0.000000000000000000e+00 0.000000000000000000e+00 3.636138603540522377e-03 1.090841581062156583e-02 3.636138603540522377e-03 5.473460857580049813e-03 0.000000000000000000e+00
0.000000000000000000e+00 0.000000000000000000e+00 3.636138603540522377e-03 3.636138603540522377e-03 0.000000000000000000e+00 3.636138603540522377e-03 7.272277207081044754e-03 0.000000000000000000e+00 0.000000000000000000e+00 0.000000000000000000e+00 0.000000000000000000e+00 3.636138603540522377e-03 3.636138603540522377e-03 3.678329437720324977e-03 3.636138603540522377e-03 0.000000000000000000e+00 0.000000000000000000e+00
0.000000000000000000e+00 0.000000000000000000e+00 0.000000000000000000e+00 0.000000000000000000e+00 0.000000000000000000e+00 3.636138603540522377e-03 3.636138603540522377e-03 3.636138603540522377e-03 0.000000000000000000e+00 0.000000000000000000e+00 0.000000000000000000e+00 0.000000000000000000e+00 0.000000000000000000e+00 0.000000000000000000e+00 0.000000000000000000e+00 0.000000000000000000e+00 0.000000000000000000e+00
0.000000000000000000e+00 0.000000000000000000e+00 0.000000000000000000e+00 0.000000000000000000e+00 0.000000000000000000e+00 0.000000000000000000e+00 0.000000000000000000e+00 0.000000000000000000e+00 0.000000000000000000e+00 0.000000000000000000e+00 0.000000000000000000e+00 0.000000000000000000e+00 0.000000000000000000e+00 0.000000000000000000e+00 0.000000000000000000e+00 0.000000000000000000e+00 0.000000000000000000e+00
0.000000000000000000e+00 0.000000000000000000e+00 0.000000000000000000e+00 0.000000000000000000e+00 0.000000000000000000e+00 0.000000000000000000e+00 0.000000000000000000e+00 0.000000000000000000e+00 0.000000000000000000e+00 0.000000000000000000e+00 0.000000000000000000e+00 0.000000000000000000e+00 0.000000000000000000e+00 0.000000000000000000e+00 0.000000000000000000e+00 0.000000000000000000e+00 0.000000000000000000e+00
0.000000000000000000e+00 3.636138603540522377e-03 0.000000000000000000e+00 0.000000000000000000e+00 0.000000000000000000e+00 0.000000000000000000e+00 0.000000000000000000e+00 0.000000000000000000e+00 0.000000000000000000e+00 7.272277207081044754e-03 7.272277207081044754e-03 3.636138603540522377e-03 3.636138603540522377e-03 0.000000000000000000e+00 0.000000000000000000e+00 0.000000000000000000e+00 0.000000000000000000e+00
0.000000000000000000e+00 0.000000000000000000e+00 0.000000000000000000e+00 0.000000000000000000e+00 0.000000000000000000e+00 0.000000000000000000e+00 3.636138603540522377e-03 3.636138603540522377e-03 0.000000000000000000e+00 1.090841581062156583e-02 7.223546934201434053e-03 0.000000000000000000e+00 0.000000000000000000e+00 0.000000000000000000e+00 0.000000000000000000e+00 0.000000000000000000e+00 0.000000000000000000e+00
0.000000000000000000e+00 0.000000000000000000e+00 0.000000000000000000e+00 0.000000000000000000e+00 0.000000000000000000e+00 7.272277207081044754e-03 3.636138603540522377e-03 7.272277207081044754e-03 0.000000000000000000e+00 7.272277207081044754e-03 3.636138603540522377e-03 0.000000000000000000e+00 3.636138603540522377e-03 3.636138603540522377e-03 0.000000000000000000e+00 0.000000000000000000e+00 0.000000000000000000e+00
0.000000000000000000e+00 3.636138603540522377e-03 3.636138603540522377e-03 3.636138603540522377e-03 0.000000000000000000e+00 9.111982388011436590e-03 3.691166937956856346e-03 1.454455441416208951e-02 0.000000000000000000e+00 3.636138603540522377e-03 3.636138603540522377e-03 7.272277207081044754e-03 1.443816775817264968e-02 7.272277207081044754e-03 0.000000000000000000e+00 0.000000000000000000e+00 0.000000000000000000e+00
0.000000000000000000e+00 3.636138603540522377e-03 3.636138603540522377e-03 3.636138603540522377e-03 0.000000000000000000e+00 9.111982388011436590e-03 7.272277207081044754e-03 1.818069301770260798e-02 0.000000000000000000e+00 3.684921497106010725e-03 3.636138603540522377e-03 0.000000000000000000e+00 7.272277207081044754e-03 1.090841581062156583e-02 3.636138603540522377e-03 0.000000000000000000e+00 0.000000000000000000e+00
0.000000000000000000e+00 7.272277207081044754e-03 1.090841581062156583e-02 1.454455441416208951e-02 3.636138603540522377e-03 1.454455441416208951e-02 7.272277207081044754e-03 1.454455441416208951e-02 0.000000000000000000e+00 7.272277207081044754e-03 1.254189168741785647e-02 0.000000000000000000e+00 3.636138603540522377e-03 3.636138603540522377e-03 3.636138603540522377e-03 3.636138603540522377e-03 0.000000000000000000e+00
3.636138603540522377e-03 3.636138603540522377e-03 3.636138603540522377e-03 1.090841581062156583e-02 1.081049491478393472e-02 1.660941373225783071e-02 3.636138603540522377e-03 3.636138603540522377e-03 0.000000000000000000e+00 7.272277207081044754e-03 1.818069301770260798e-02 0.000000000000000000e+00 2.545297022478365534e-02 7.272277207081044754e-03 3.636138603540522377e-03 7.272277207081044754e-03 3.636138603540522377e-03
1.087631868406693444e-02 7.272277207081044754e-03 5.700997921636264017e-03 1.115191841603631155e-02 9.337136525176785093e-03 1.853058227910679354e-02 1.290318793346493555e-02 9.193445753930006709e-03 0.000000000000000000e+00 3.636138603540522377e-03 1.090841581062156583e-02 0.000000000000000000e+00 1.959638881869019134e-02 7.521581781614395008e-03 7.521581781614395008e-03 1.115772038515491608e-02 3.885443178073872197e-03
