1.419463075625537881e-03 2.838926151251075763e-03 1.419463075625537881e-03 0.000000000000000000e+00 0.000000000000000000e+00 4.258389226876613427e-03 5.677852302502151526e-03 4.215915562101078991e-03 8.923085330481805855e-03 7.054841713352154320e-03 2.938185944196649961e-03 1.680702147529552224e-03 1.581442354583977809e-03 1.680702147529552224e-03 1.581442354583977809e-03 1.419463075625537881e-03 2.838926151251075763e-03
0.000000000000000000e+00 1.419463075625537881e-03 1.419463075625537881e-03 0.000000000000000000e+00 2.838926151251075763e-03 4.258389226876613427e-03 7.173139061962243747e-03 4.357649019822188059e-03 1.272554482482846777e-02 4.288768790253518100e-03 5.777112095447725290e-03 4.432036631973150335e-03 3.012573556347612671e-03 2.850594277389172961e-03 1.419463075625537881e-03 0.000000000000000000e+00 0.000000000000000000e+00
1.419463075625537881e-03 0.000000000000000000e+00 2.838926151251075763e-03 0.000000000000000000e+00 2.838926151251075763e-03 7.097315378127688756e-03 4.334212910711167550e-03 6.036192443073231870e-03 1.252284361689848247e-02 7.097315378127688756e-03 4.258389226876613427e-03 1.431131201763635296e-03 1.431131201763635296e-03 1.419463075625537881e-03 1.419463075625537881e-03 0.000000000000000000e+00 1.419463075625537881e-03
0.000000000000000000e+00 0.000000000000000000e+00 1.419463075625537881e-03 1.419463075625537881e-03 5.697595847724661912e-03 7.117058923350200010e-03 2.838926151251075763e-03 4.649906110696952997e-03 5.628259427264864154e-03 1.419463075625537881e-03 0.000000000000000000e+00 0.000000000000000000e+00 0.000000000000000000e+00 0.000000000000000000e+00 4.258389226876613427e-03 4.258389226876613427e-03 5.677852302502151526e-03
0.000000000000000000e+00 0.000000000000000000e+00 0.000000000000000000e+00 1.452639818874797324e-03 5.730772590973921138e-03 5.697595847724661912e-03 1.419463075625537881e-03 5.677852302502151526e-03 3.256536390501027761e-03 1.419463075625537881e-03 1.419463075625537881e-03 1.419463075625537881e-03 1.419463075625537881e-03 2.838926151251075763e-03 4.258389226876613427e-03 5.677852302502151526e-03 5.677852302502151526e-03
0.000000000000000000e+00 0.000000000000000000e+00 0.000000000000000000e+00 1.419463075625537881e-03 4.051264989562076979e-03 4.051264989562076979e-03 2.838926151251075763e-03 5.677852302502151526e-03 8.939748120605136086e-03 2.838926151251075763e-03 1.419463075625537881e-03 1.419463075625537881e-03 0.000000000000000000e+00 1.419463075625537881e-03 2.838926151251075763e-03 2.838926151251075763e-03 2.838926151251075763e-03
0.000000000000000000e+00 0.000000000000000000e+00 0.000000000000000000e+00 0.000000000000000000e+00 0.000000000000000000e+00 1.419463075625537881e-03 2.838926151251075763e-03 5.677852302502151526e-03 7.722049854692177202e-03 2.044197552190026110e-03 1.437363868434393503e-03 1.419463075625537881e-03 0.000000000000000000e+00 0.000000000000000000e+00 1.419463075625537881e-03 0.000000000000000000e+00 0.000000000000000000e+00
0.000000000000000000e+00 0.000000000000000000e+00 0.000000000000000000e+00 0.000000000000000000e+00 0.000000000000000000e+00 1.419463075625537881e-03 2.838926151251075763e-03 1.419463075625537881e-03 2.838926151251075763e-03 0.000000000000000000e+00 1.419463075625537881e-03 0.000000000000000000e+00 0.000000000000000000e+00 0.000000000000000000e+00 0.000000000000000000e+00 0.000000000000000000e+00 0.000000000000000000e+00
0.000000000000000000e+00 0.000000000000000000e+00 0.000000000000000000e+00 0.000000000000000000e+00 0.000000000000000000e+00 0.000000000000000000e+00 0.000000000000000000e+00 0.000000000000000000e+00 0.000000000000000000e+00 0.000000000000000000e+00 0.000000000000000000e+00 0.000000000000000000e+00 0.000000000000000000e+00 0.000000000000000000e+00 0.000000000000000000e+00 0.000000000000000000e+00 0.000000000000000000e+00
0.000000000000000000e+00 0.000000000000000000e+00 1.419463075625537881e-03 0.000000000000000000e+00 1.419463075625537881e-03 0.000000000000000000e+00 0.000000000000000000e+00 1.419463075625537881e-03 2.838926151251075763e-03 0.000000000000000000e+00 0.000000000000000000e+00 0.000000000000000000e+00 0.000000000000000000e+00 0.000000000000000000e+00 0.000000000000000000e+00 0.000000000000000000e+00 0.000000000000000000e+00
0.000000000000000000e+00 0.000000000000000000e+00 0.000000000000000000e+00 0.000000000000000000e+00 0.000000000000000000e+00 2.838926151251075763e-03 1.419463075625537881e-03 4.258389226876613427e-03 9.936241529378764953e-03 4.258389226876613427e-03 2.838926151251075763e-03 0.000000000000000000e+00 0.000000000000000000e+00 0.000000000000000000e+00 0.000000000000000000e+00 0.000000000000000000e+00 0.000000000000000000e+00
0.000000000000000000e+00 0.000000000000000000e+00 0.000000000000000000e+00 0.000000000000000000e+00 1.419463075625537881e-03 3.699211537024725462e-03 4.258389226876613427e-03 8.516778453753226855e-03 9.936241529378764953e-03 1.419463075625537881e-03 1.419463075625537881e-03 1.419463075625537881e-03 1.419463075625537881e-03 1.419463075625537881e-03 0.000000000000000000e+00 0.000000000000000000e+00 0.000000000000000000e+00
4.258389226876613427e-03 4.258389226876613427e-03 4.258389226876613427e-03 1.419463075625537881e-03 2.838926151251075763e-03 9.617102591872397216e-03 9.935009927196047225e-03 1.671441797000008597e-02 1.561286222969819788e-02 3.940481891552960816e-03 5.677852302502151526e-03 4.783880602025722580e-03 4.228637785897268637e-03 1.419463075625537881e-03 1.419463075625537881e-03 1.419463075625537881e-03 0.000000000000000000e+00
5.689098670313368251e-03 8.598378927158659146e-03 4.339989700282045719e-03 4.258389226876613427e-03 5.711293770418254465e-03 1.422684062198876533e-02 1.418009015983809004e-02 2.127740553796577880e-02 1.997890597522480188e-02 1.054726376950672687e-02 7.097315378127688756e-03 6.203343677651260678e-03 2.838926151251075763e-03 1.419463075625537881e-03 2.838926151251075763e-03 0.000000000000000000e+00 1.419463075625537881e-03
5.292979596525682756e-03 1.277516768062983941e-02 4.339989700282045719e-03 6.017597267856440550e-03 8.516778453753226855e-03 1.292957266143050440e-02 1.288159059709711313e-02 1.857398349601654952e-02 1.807626392296859258e-02 8.869749956340617497e-03 1.419463075625537881e-03 4.258389226876613427e-03 0.000000000000000000e+00 1.568337966040493419e-03 0.000000000000000000e+00 0.000000000000000000e+00 3.760669653828652148e-03
1.246628963771913810e-02 1.561409383188091561e-02 1.419463075625537881e-03 4.258389226876613427e-03 1.182323289949038098e-02 1.289613119351440233e-02 1.147666811788886423e-02 1.433850209326012828e-02 1.530084708994769276e-02 8.709703583472252347e-03 2.838926151251075763e-03 3.245233027979653895e-03 1.419463075625537881e-03 1.419463075625537881e-03 3.940481891552960816e-03 1.878964801054100117e-03 2.838926151251075763e-03
1.663743783371876908e-02 1.817786442222886489e-02 1.038552961652851152e-02 4.283573332256920482e-03 7.480205503083021609e-03 1.005720504226332787e-02 8.678584992590502450e-03 1.353194308556061529e-02 1.300345376814841976e-02 4.258389226876613427e-03 4.215915562101078991e-03 5.677852302502151526e-03 1.419463075625537881e-03 4.258389226876613427e-03 4.399983616981523703e-03 2.838926151251075763e-03 6.203343677651260678e-03
