0.000000000000000000e+00 9.568186701238050925e-04 1.913637340247610185e-03 1.913637340247610185e-03 9.568186701238050925e-04 9.568186701238050925e-04 0.000000000000000000e+00 9.568186701238050925e-04 0.000000000000000000e+00 0.000000000000000000e+00 0.000000000000000000e+00 9.568186701238050925e-04 0.000000000000000000e+00 9.568186701238050925e-04 0.000000000000000000e+00 0.000000000000000000e+00 2.900921572700076046e-03
9.568186701238050925e-04 0.000000000000000000e+00 9.568186701238050925e-04 1.913637340247610185e-03 3.827274680495220370e-03 9.568186701238050925e-04 9.568186701238050925e-04 1.913637340247610185e-03 0.000000000000000000e+00 9.568186701238050925e-04 9.568186701238050925e-04 0.000000000000000000e+00 9.872842324524658611e-04 0.000000000000000000e+00 0.000000000000000000e+00 0.000000000000000000e+00 9.568186701238050925e-04
9.568186701238050925e-04 9.568186701238050925e-04 0.000000000000000000e+00 9.568186701238050925e-04 2.870456010371415494e-03 2.870456010371415494e-03 9.568186701238050925e-04 9.568186701238050925e-04 0.000000000000000000e+00 0.000000000000000000e+00 0.000000000000000000e+00 0.000000000000000000e+00 1.100769883120156787e-03 1.993183500024078934e-03 0.000000000000000000e+00 9.568186701238050925e-04 9.568186701238050925e-04
9.568186701238050925e-04 9.568186701238050925e-04 9.568186701238050925e-04 0.000000000000000000e+00 9.568186701238050925e-04 0.000000000000000000e+00 0.000000000000000000e+00 9.568186701238050925e-04 0.000000000000000000e+00 0.000000000000000000e+00 9.568186701238050925e-04 0.000000000000000000e+00 9.568186701238050925e-04 9.568186701238050925e-04 0.000000000000000000e+00 0.000000000000000000e+00 0.000000000000000000e+00
9.568186701238050925e-04 2.870456010371415494e-03 9.568186701238050925e-04 0.000000000000000000e+00 0.000000000000000000e+00 0.000000000000000000e+00 0.000000000000000000e+00 0.000000000000000000e+00 0.000000000000000000e+00 0.000000000000000000e+00 9.568186701238050925e-04 0.000000000000000000e+00 1.913637340247610185e-03 0.000000000000000000e+00 9.634392701982967501e-04 2.870456010371415494e-03 2.870456010371415494e-03
9.568186701238050925e-04 9.568186701238050925e-04 3.827274680495220370e-03 3.827274680495220370e-03 9.568186701238050925e-04 1.293309934314305258e-03 9.568186701238050925e-04 0.000000000000000000e+00 0.000000000000000000e+00 0.000000000000000000e+00 1.913637340247610185e-03 9.568186701238050925e-04 3.526357386523157160e-03 3.704384187041161007e-03 5.486802298288876063e-03 3.827274680495220370e-03 3.827274680495220370e-03
5.740912020742830989e-03 2.870456010371415494e-03 5.619007626603915104e-03 1.148182404148566198e-02 3.827274680495220370e-03 3.827274680495220370e-03 6.697730690866636298e-03 2.740038318979220403e-03 0.000000000000000000e+00 9.568186701238050925e-04 3.627164129670454925e-03 7.448377790269757569e-03 9.453908274256961342e-03 6.625358865063818783e-03 6.779836479328876092e-03 3.722447064944762931e-03 4.784093350619025679e-03
2.890812720385775754e-03 9.771753801381651353e-04 4.804450060633385505e-03 8.618206261463834741e-03 5.740912020742830989e-03 4.784093350619025679e-03 3.827274680495220370e-03 3.641759776174844504e-03 0.000000000000000000e+00 2.681387334700030631e-03 3.631355617171032335e-03 9.238702403218557180e-03 1.176105816891907276e-02 8.367299027678274520e-03 1.094929107555440810e-02 1.049303456834129421e-02 1.310598808232352371e-02
1.006070284947032691e-02 4.784093350619025679e-03 1.814756183070903930e-02 3.497116105176069356e-02 1.654021298834768700e-02 1.229790462102848397e-02 1.502969912285772799e-02 1.133470940431086094e-02 0.000000000000000000e+00 1.320639270606188513e-02 1.032908630803766777e-02 1.935290289735481714e-02 2.753350595671496051e-02 2.187691046465988290e-02 1.130809253177802662e-02 1.064777540261471755e-02 1.419810393331965605e-02
4.188225880227572535e-03 4.784093350619025679e-03 8.909239807169464301e-03 1.530909872198088148e-02 6.943867617104744309e-03 2.927524260938137775e-03 4.793408185480004489e-03 3.827274680495220370e-03 0.000000000000000000e+00 5.723386891848779301e-03 7.469672172819633721e-03 9.539619697190620390e-03 1.271262795031725436e-02 1.256047825271715095e-02 8.700210033464739548e-03 1.112099179800990663e-02 9.824487318588728119e-03
4.879219424826280668e-03 6.697730690866636298e-03 1.388615340868250107e-02 1.137410699308034033e-02 6.995602466921854549e-03 3.827274680495220370e-03 3.827274680495220370e-03 9.568186701238050925e-04 0.000000000000000000e+00 3.809749551601169550e-03 5.890711904035183383e-03 5.672321874291430185e-03 8.814036396365590442e-03 1.336930483952489257e-02 8.639973871682405521e-03 1.149490924456596404e-02 1.282374123292777564e-02
2.965582084578670050e-03 3.922400754702475359e-03 2.870456010371415494e-03 5.428446972141580742e-03 3.827274680495220370e-03 9.744854615182564237e-04 9.568186701238050925e-04 0.000000000000000000e+00 0.000000000000000000e+00 9.568186701238050925e-04 9.568186701238050925e-04 9.568186701238050925e-04 3.037781022557818709e-03 8.565423526322843775e-03 5.660024818942660692e-03 6.723358117590035390e-03 1.432612350964869788e-02
1.913637340247610185e-03 2.870456010371415494e-03 2.870456010371415494e-03 1.913637340247610185e-03 1.913637340247610185e-03 0.000000000000000000e+00 0.000000000000000000e+00 0.000000000000000000e+00 0.000000000000000000e+00 0.000000000000000000e+00 0.000000000000000000e+00 0.000000000000000000e+00 1.905005926933283364e-03 5.727934658722440807e-03 4.771115988598636365e-03 8.571240832812068375e-03 9.559555287923723887e-03
9.568186701238050925e-04 9.568186701238050925e-04 0.000000000000000000e+00 1.913637340247610185e-03 1.913637340247610185e-03 0.000000000000000000e+00 9.568186701238050925e-04 2.867346652950037138e-03 0.000000000000000000e+00 0.000000000000000000e+00 0.000000000000000000e+00 0.000000000000000000e+00 1.905005926933283364e-03 9.568186701238050925e-04 2.866110061665353217e-03 5.243728985772160532e-03 7.641571998970051426e-03
9.808456661868302472e-04 0.000000000000000000e+00 9.568186701238050925e-04 3.827274680495220370e-03 2.950295810891325789e-03 9.568186701238050925e-04 3.827274680495220370e-03 2.870456010371415494e-03 0.000000000000000000e+00 0.000000000000000000e+00 0.000000000000000000e+00 0.000000000000000000e+00 1.720406355010510200e-03 9.568186701238050925e-04 0.000000000000000000e+00 9.568186701238050925e-04 3.163226980524957554e-03
2.894483006434440432e-03 9.568186701238050925e-04 1.913637340247610185e-03 2.870456010371415494e-03 2.950295810891325789e-03 9.568186701238050925e-04 2.867346652950037138e-03 1.913637340247610185e-03 0.000000000000000000e+00 9.568186701238050925e-04 0.000000000000000000e+00 0.000000000000000000e+00 1.913637340247610185e-03 0.000000000000000000e+00 9.568186701238050925e-04 2.819815422005036206e-03 1.156020650852952270e-03
9.568186701238050925e-04 9.568186701238050925e-04 1.913637340247610185e-03 1.949507989559798099e-03 9.568186701238050925e-04 2.870456010371415494e-03 3.188194601477908376e-03 1.913637340247610185e-03 0.000000000000000000e+00 0.000000000000000000e+00 0.000000000000000000e+00 1.913637340247610185e-03 1.913637340247610185e-03 0.000000000000000000e+00 9.568186701238050925e-04 1.936241127726327348e-03 9.568186701238050925e-04
