1.070340246611136597e-03 1.056088743531136132e-03 1.170709369706586988e-03 1.031072922526537648e-03 7.201973314869003235e-04 6.371095332816248749e-04 4.296594679750996852e-04 2.273521799618112961e-04 0.000000000000000000e+00 6.171773022042979394e-04 1.408140216530818882e-03 1.822144226831115890e-03 1.991005607800107238e-03 2.815942861771258618e-03 2.676718261589404024e-03 3.040022038857710749e-03 3.744987142983487866e-03
1.265311275983964931e-03 1.705855633839746359e-03 2.130843586486529367e-03 1.492443713116188911e-03 1.113464472245842898e-03 8.848396902652666063e-04 6.439336351825652527e-04 1.705141349713584721e-04 0.000000000000000000e+00 7.388945848758866853e-04 1.464348276271536112e-03 2.473623087223351686e-03 3.795656386214868797e-03 5.195125070571099402e-03 5.465357161135835258e-03 4.911821733858862810e-03 4.485085593666488998e-03
1.064135417066573676e-03 1.980991968266542121e-03 2.208353983429640378e-03 2.355713259398597818e-03 2.093775580814487627e-03 1.460790848018541678e-03 9.990869864189809435e-04 4.734195002112068077e-04 0.000000000000000000e+00 8.430228841855165987e-04 1.886333816707321366e-03 3.274326481264747818e-03 5.526835990401534997e-03 6.740410887337507789e-03 6.937561979771533945e-03 5.655398393675953664e-03 4.335861407716614692e-03
7.514373476146470098e-04 1.632739331123132841e-03 2.598775314848462189e-03 2.973032362698494087e-03 3.426037654716755036e-03 2.938039348768818008e-03 1.820846025277907685e-03 5.438114203225497163e-04 0.000000000000000000e+00 1.351705351421470186e-03 3.657240289904643664e-03 6.282699408086480503e-03 8.537500452381776087e-03 8.589707588969926894e-03 6.684628663895735880e-03 5.139568403072949758e-03 3.168369023025318938e-03
8.992550798454004282e-04 1.434579072538274495e-03 2.234356054728168020e-03 2.965200246717144411e-03 3.841063450892288813e-03 3.962488425508108904e-03 2.634104696629814991e-03 7.629466924252178810e-04 0.000000000000000000e+00 1.869537943277827918e-03 6.104833866660925798e-03 8.717073689840095299e-03 1.054699673965127371e-02 9.180985972374468285e-03 6.243366982215363924e-03 4.284816390361458754e-03 2.237345296632717914e-03
4.321934698880998253e-04 8.753013914068400857e-04 1.462559496426253398e-03 2.101885534495056673e-03 3.637060693196210188e-03 4.058454576669560596e-03 3.013870978536506255e-03 1.431077469650834065e-03 0.000000000000000000e+00 3.672038769688715839e-03 9.218775498757407136e-03 1.130082772555271453e-02 1.014244286940311872e-02 7.190298395470606264e-03 4.231521964580458282e-03 2.663647546608637583e-03 1.431866712525602927e-03
2.541992724817683600e-04 4.496278310386502453e-04 7.864799554142611364e-04 1.399102684835502701e-03 2.565706346107033721e-03 3.665117102002354767e-03 3.517982194911818683e-03 1.945296479634559070e-03 0.000000000000000000e+00 4.944965612201182061e-03 1.019877384678428457e-02 9.932540971553081161e-03 6.974948299098384860e-03 4.196927718785312990e-03 2.336714160374871955e-03 1.864880221018285888e-03 1.079581194524036015e-03
5.683804499045282403e-05 2.273521799618112961e-04 2.916624692224943421e-04 6.182959591939751580e-04 1.314121133604218526e-03 1.825134231433617020e-03 1.713702313536593714e-03 1.198366277053928598e-03 0.000000000000000000e+00 3.896462958164037538e-03 6.129427824823229475e-03 5.168103814924809337e-03 3.261818107624273304e-03 1.963532323967630971e-03 1.087923046894165822e-03 7.518523689812430313e-04 5.688714255173246996e-04
0.000000000000000000e+00 0.000000000000000000e+00 0.000000000000000000e+00 0.000000000000000000e+00 0.000000000000000000e+00 0.000000000000000000e+00 0.000000000000000000e+00 0.000000000000000000e+00 0.000000000000000000e+00 0.000000000000000000e+00 0.000000000000000000e+00 0.000000000000000000e+00 0.000000000000000000e+00 0.000000000000000000e+00 0.000000000000000000e+00 0.000000000000000000e+00 0.000000000000000000e+00
3.302094705126434231e-04 3.565895785295287914e-04 6.984262285646332955e-04 1.136252578649161495e-03 1.715416383929880498e-03 2.809397295995540080e-03 3.094429001521294912e-03 2.464812770593820777e-03 0.000000000000000000e+00 9.674308676275273581e-04 1.815017656445636280e-03 1.566327043378651319e-03 1.073421746848042578e-03 6.802957195131646836e-04 5.969056884445257845e-04 4.263915534731673395e-04 3.127154634922617456e-04
1.555572391572940380e-03 1.322158313773201142e-03 2.114632443983549548e-03 3.311176847751898505e-03 4.623174003843315283e-03 6.188615031638168389e-03 6.147091635598989599e-03 3.720290354756028602e-03 0.000000000000000000e+00 1.441443552318958298e-03 3.088540716213715367e-03 2.970369015157226216e-03 2.210456912942901364e-03 1.382123578460734033e-03 9.827595883629056377e-04 6.252184948949809831e-04 4.832295984636202448e-04
4.351082547400431447e-03 3.659930169863814895e-03 4.101058520338510434e-03 5.799381195558882610e-03 7.359034751122163140e-03 8.230040380538825376e-03 6.244027524922507455e-03 2.875336923616417326e-03 0.000000000000000000e+00 9.251484624793257635e-04 2.676813996775377191e-03 3.064406829341210711e-03 2.949547147862096978e-03 2.044949338737088625e-03 1.576332596471984818e-03 1.023084809828150778e-03 1.165286138349053971e-03
6.790129449576789641e-03 9.727474419260376259e-03 9.795420299054698535e-03 9.919995100450135217e-03 9.413278756192227509e-03 7.754018410014328587e-03 4.650093610905679450e-03 1.668880311119682507e-03 0.000000000000000000e+00 5.382578011177362697e-04 2.055724228766474607e-03 2.760897398199962591e-03 3.082594852167220602e-03 2.339600544583784157e-03 1.805638683280094432e-03 1.293903191891989822e-03 1.317144792128031264e-03
1.248430702701113469e-02 1.340143651474682944e-02 1.807598831274708634e-02 1.506227836802065574e-02 1.019314334899330994e-02 6.391123370342663944e-03 3.073932159200611601e-03 1.127319738433140697e-03 0.000000000000000000e+00 3.567680125747976316e-04 1.066626648380759011e-03 1.412008930495191935e-03 2.522553843988327004e-03 2.194999291775290989e-03 1.662438787331589271e-03 8.937256679449305389e-04 7.630186994930210874e-04
1.757778884323773702e-02 2.092596335441683150e-02 1.918409616122362590e-02 1.978751888705182135e-02 1.033370183249638329e-02 4.203456888993970832e-03 1.734558267822976880e-03 8.355642011535288497e-04 0.000000000000000000e+00 2.841902249522640931e-04 3.794018739870126666e-04 5.982449782259211110e-04 1.749476589539646076e-03 2.130580462613707732e-03 1.658056409848753009e-03 1.280618917076777443e-03 6.252184948949809831e-04
2.241939700841456481e-02 2.560085665503778266e-02 2.291691198922254924e-02 1.466114702686354895e-02 1.223124579378281548e-02 4.723684906161425973e-03 1.716087719103103273e-03 5.733587844221233343e-04 0.000000000000000000e+00 2.841902249522640931e-04 6.067427530848331675e-04 5.213330127057164880e-04 9.869905370264618009e-04 1.326265820324650738e-03 1.550932783771680678e-03 1.368499762192633678e-03 5.929196431298059409e-04
2.277522714837729861e-02 2.422467619759295990e-02 2.217495592225013357e-02 1.504911196885830131e-02 8.565389332801695566e-03 6.074703525764955751e-03 2.831958124323935132e-03 4.595962615682685050e-04 0.000000000000000000e+00 1.705141349713584721e-04 2.294512962671796082e-04 3.966985335249542666e-04 4.348540566894807270e-04 8.648548316115087925e-04 1.308208211325623390e-03 1.339409494769273033e-03 5.832917967371156233e-04
