3.034448710751170512e-03 6.068897421502341674e-04 6.190739831293389384e-04 3.105687639589455387e-03 4.595596877515032395e-03 2.486613656460116666e-03 0.000000000000000000e+00 0.000000000000000000e+00 0.000000000000000000e+00 0.000000000000000000e+00 1.213779484300468335e-03 1.213779484300468335e-03 2.427558968600936670e-03 3.034448710751170512e-03 2.447577967659611553e-03 2.447577967659611553e-03 4.301734560706400347e-03
3.047639971284753571e-03 2.871941140636823184e-03 1.922710517220337740e-03 6.081081662481445903e-03 5.474191920331212061e-03 3.034448710751170512e-03 0.000000000000000000e+00 0.000000000000000000e+00 0.000000000000000000e+00 0.000000000000000000e+00 6.068897421502341674e-04 3.034448710751170512e-03 3.671154051279467041e-03 4.248228195051639497e-03 3.904911296180632596e-03 4.531820037389541755e-03 4.932542746803183359e-03
6.127664279569062893e-03 3.165472385831581432e-03 3.416482039151198542e-03 9.395522410863010182e-03 8.181742926562540763e-03 4.252688378024904042e-03 1.213779484300468335e-03 6.068897421502341674e-04 0.000000000000000000e+00 1.213779484300468335e-03 3.034448710751170512e-03 4.884933535579935593e-03 6.725621761089313304e-03 6.098713019880404144e-03 5.168525377917837851e-03 6.352489263840243282e-03 7.589025191384644355e-03
4.889105605105774008e-03 2.645441084157274143e-03 4.924641313955399440e-03 9.383538779343923025e-03 9.916444961767367089e-03 6.609822400701454229e-03 2.427558968600936670e-03 6.068897421502341674e-04 0.000000000000000000e+00 1.213779484300468335e-03 3.064264309129233199e-03 6.710369436716602000e-03 9.969909272795101501e-03 1.094880103244885369e-02 8.780048232441181252e-03 8.780048232441181252e-03 1.097964633182906685e-02
6.709774831556477269e-03 3.880002309980612376e-03 4.363327169338303106e-03 8.492196816590033906e-03 8.772662556509464027e-03 5.462007679352107181e-03 2.427558968600936670e-03 1.820669226450702394e-03 0.000000000000000000e+00 1.820669226450702394e-03 6.098713019880404144e-03 9.133161730631573355e-03 1.121350435547363231e-02 1.239746824139603687e-02 9.992665716039034890e-03 1.121930073116174549e-02 1.612437894462303428e-02
5.572381301611066366e-03 4.965491559460832524e-03 2.537932590859896288e-03 6.455477210167487843e-03 5.811996796025065137e-03 4.784692991277486422e-03 2.427558968600936670e-03 1.213779484300468335e-03 0.000000000000000000e+00 2.964023764826783595e-03 8.426031444178890342e-03 1.267425963923053157e-02 9.949890273736425317e-03 1.116366975803689300e-02 8.539231832405886832e-03 1.036649202876978662e-02 1.400783048167118794e-02
4.248228195051639497e-03 3.034448710751170512e-03 1.820669226450702394e-03 3.384437827424128901e-03 2.170658343123660350e-03 3.384437827424128468e-03 1.824972888320609572e-03 6.068897421502341674e-04 0.000000000000000000e+00 4.177803249127251713e-03 9.037224848199031796e-03 1.388803912353099926e-02 6.679987987547554226e-03 7.643935419297172643e-03 6.172273095212258039e-03 6.774060128766253887e-03 8.903796495459626731e-03
2.427558968600936670e-03 1.820669226450702394e-03 6.068897421502341674e-04 6.068897421502341674e-04 6.068897421502341674e-04 9.568788588231920151e-04 1.213779484300468335e-03 6.068897421502341674e-04 0.000000000000000000e+00 3.034448710751170512e-03 6.073201083372248635e-03 7.286980567672717186e-03 4.002596966395768723e-03 4.701168703746483324e-03 4.956739336005847214e-03 4.269861277164568002e-03 4.259921873561074886e-03
0.000000000000000000e+00 0.000000000000000000e+00 0.000000000000000000e+00 0.000000000000000000e+00 0.000000000000000000e+00 0.000000000000000000e+00 0.000000000000000000e+00 0.000000000000000000e+00 0.000000000000000000e+00 0.000000000000000000e+00 0.000000000000000000e+00 0.000000000000000000e+00 0.000000000000000000e+00 0.000000000000000000e+00 0.000000000000000000e+00 0.000000000000000000e+00 0.000000000000000000e+00
1.820669226450702394e-03 1.820669226450702394e-03 0.000000000000000000e+00 6.068897421502341674e-04 1.213779484300468335e-03 1.213779484300468335e-03 1.820669226450702394e-03 1.213779484300468335e-03 0.000000000000000000e+00 1.213779484300468335e-03 3.034448710751170512e-03 3.807933802437336521e-03 2.961376585208480138e-03 3.169097909717184022e-03 2.643706385539686555e-03 1.429926901239218003e-03 6.068897421502341674e-04
3.034448710751170512e-03 2.029735551600506116e-03 6.068897421502341674e-04 2.427558968600936670e-03 3.641338452901404787e-03 3.034448710751170512e-03 2.427558968600936670e-03 1.820669226450702394e-03 0.000000000000000000e+00 1.820669226450702394e-03 5.455087054288472979e-03 5.626449078510369593e-03 6.167187320181546396e-03 6.088791085569904109e-03 4.138831462801616408e-03 2.337017763105160486e-03 1.093063827918290152e-03
3.403711951569252884e-03 1.422845809450272057e-03 6.068897421502341674e-04 1.820669226450702394e-03 3.034448710751170512e-03 3.641338452901404787e-03 3.034448710751170512e-03 2.427558968600936670e-03 0.000000000000000000e+00 6.068897421502341674e-04 4.241307569988005295e-03 5.019559336360135751e-03 6.240259445724237637e-03 6.951503738293239414e-03 6.084008481722484075e-03 4.157686989555863313e-03 3.306396862648584584e-03
2.418395647515006290e-03 2.258198731846728508e-03 1.820669226450702394e-03 3.925192264532352711e-03 4.532082006682587420e-03 3.641338452901404787e-03 2.427558968600936670e-03 2.427558968600936670e-03 0.000000000000000000e+00 0.000000000000000000e+00 3.034448710751170512e-03 4.248228195051639497e-03 6.073664096188305904e-03 7.978116809743597201e-03 5.591282146508235601e-03 4.164738933373679855e-03 1.657767059666394533e-03
3.471978216147196625e-03 4.248228195051639497e-03 4.855117937201873339e-03 6.352751233133289814e-03 5.745861490983055972e-03 3.641338452901404787e-03 1.820669226450702394e-03 1.820669226450702394e-03 0.000000000000000000e+00 0.000000000000000000e+00 1.213779484300468335e-03 4.784692991277486422e-03 5.466774354038071194e-03 6.082255962682543010e-03 5.035350094192907015e-03 3.729888614691957704e-03 1.820669226450702394e-03
5.058319446426798663e-03 4.282069467522354490e-03 3.023440428152127536e-03 4.844109654602830363e-03 3.641338452901404787e-03 1.213779484300468335e-03 6.068897421502341674e-04 6.068897421502341674e-04 0.000000000000000000e+00 0.000000000000000000e+00 6.068897421502341674e-04 3.034448710751170512e-03 4.248228195051639497e-03 4.248228195051639497e-03 4.252994869737602643e-03 2.950959449073210870e-03 1.653396477668153631e-03
6.878988672877501057e-03 6.113746976572100728e-03 5.450999396753065072e-03 6.057889138903298915e-03 3.641338452901404787e-03 0.000000000000000000e+00 0.000000000000000000e+00 0.000000000000000000e+00 0.000000000000000000e+00 0.000000000000000000e+00 0.000000000000000000e+00 1.213779484300468335e-03 3.034448710751170512e-03 3.641338452901404787e-03 3.034448710751170512e-03 1.825435901136665973e-03 6.116564168361977470e-04
6.283107213326309323e-03 6.889996955476543165e-03 7.271668623203767466e-03 5.450999396753065072e-03 2.427558968600936670e-03 6.068897421502341674e-04 0.000000000000000000e+00 0.000000000000000000e+00 0.000000000000000000e+00 0.000000000000000000e+00 0.000000000000000000e+00 6.068897421502341674e-04 1.213779484300468335e-03 2.427558968600936670e-03 3.034448710751170512e-03 3.034448710751170512e-03 1.213779484300468335e-03
