0.000000000000000000e+00 0.000000000000000000e+00 0.000000000000000000e+00 0.000000000000000000e+00 0.000000000000000000e+00 0.000000000000000000e+00 2.856879796755416086e-03 2.856879796755416086e-03 0.000000000000000000e+00 2.856879796755416086e-03 5.713759593510832173e-03 8.570639390266247826e-03 6.204100535574219241e-03 3.347220738818804022e-03 2.882996387286958229e-03 8.627820264412210463e-03 1.431546326739149833e-02
0.000000000000000000e+00 0.000000000000000000e+00 0.000000000000000000e+00 0.000000000000000000e+00 0.000000000000000000e+00 0.000000000000000000e+00 0.000000000000000000e+00 0.000000000000000000e+00 0.000000000000000000e+00 0.000000000000000000e+00 2.856879796755416086e-03 2.856879796755416086e-03 2.882996387286958229e-03 5.739876184042374749e-03 0.000000000000000000e+00 2.856879796755416086e-03 1.064993228937055093e-02
0.000000000000000000e+00 0.000000000000000000e+00 0.000000000000000000e+00 0.000000000000000000e+00 0.000000000000000000e+00 0.000000000000000000e+00 0.000000000000000000e+00 0.000000000000000000e+00 0.000000000000000000e+00 2.856879796755416086e-03 2.856879796755416086e-03 2.856879796755416086e-03 0.000000000000000000e+00 0.000000000000000000e+00 0.000000000000000000e+00 0.000000000000000000e+00 2.856879796755416086e-03
0.000000000000000000e+00 2.856879796755416086e-03 2.856879796755416086e-03 0.000000000000000000e+00 2.856879796755416086e-03 2.856879796755416086e-03 0.000000000000000000e+00 0.000000000000000000e+00 0.000000000000000000e+00 2.856879796755416086e-03 2.856879796755416086e-03 2.856879796755416086e-03 0.000000000000000000e+00 0.000000000000000000e+00 0.000000000000000000e+00 2.856879796755416086e-03 2.856879796755416086e-03
0.000000000000000000e+00 0.000000000000000000e+00 2.856879796755416086e-03 0.000000000000000000e+00 0.000000000000000000e+00 2.856879796755416086e-03 0.000000000000000000e+00 0.000000000000000000e+00 0.000000000000000000e+00 0.000000000000000000e+00 2.856879796755416086e-03 0.000000000000000000e+00 0.000000000000000000e+00 2.856879796755416086e-03 0.000000000000000000e+00 2.856879796755416086e-03 3.485198908531399967e-03
0.000000000000000000e+00 0.000000000000000000e+00 2.856879796755416086e-03 0.000000000000000000e+00 0.000000000000000000e+00 2.856879796755416086e-03 0.000000000000000000e+00 0.000000000000000000e+00 0.000000000000000000e+00 0.000000000000000000e+00 2.856879796755416086e-03 2.856879796755416086e-03 0.000000000000000000e+00 0.000000000000000000e+00 0.000000000000000000e+00 0.000000000000000000e+00 0.000000000000000000e+00
0.000000000000000000e+00 0.000000000000000000e+00 0.000000000000000000e+00 0.000000000000000000e+00 0.000000000000000000e+00 0.000000000000000000e+00 0.000000000000000000e+00 0.000000000000000000e+00 0.000000000000000000e+00 0.000000000000000000e+00 0.000000000000000000e+00 0.000000000000000000e+00 0.000000000000000000e+00 0.000000000000000000e+00 0.000000000000000000e+00 0.000000000000000000e+00 0.000000000000000000e+00
0.000000000000000000e+00 0.000000000000000000e+00 0.000000000000000000e+00 0.000000000000000000e+00 0.000000000000000000e+00 0.000000000000000000e+00 0.000000000000000000e+00 0.000000000000000000e+00 0.000000000000000000e+00 0.000000000000000000e+00 0.000000000000000000e+00 0.000000000000000000e+00 0.000000000000000000e+00 0.000000000000000000e+00 0.000000000000000000e+00 0.000000000000000000e+00 0.000000000000000000e+00
0.000000000000000000e+00 0.000000000000000000e+00 0.000000000000000000e+00 0.000000000000000000e+00 0.000000000000000000e+00 0.000000000000000000e+00 0.000000000000000000e+00 0.000000000000000000e+00 0.000000000000000000e+00 0.000000000000000000e+00 0.000000000000000000e+00 0.000000000000000000e+00 0.000000000000000000e+00 0.000000000000000000e+00 0.000000000000000000e+00 0.000000000000000000e+00 0.000000000000000000e+00
0.000000000000000000e+00 0.000000000000000000e+00 0.000000000000000000e+00 0.000000000000000000e+00 0.000000000000000000e+00 0.000000000000000000e+00 0.000000000000000000e+00 0.000000000000000000e+00 0.000000000000000000e+00 0.000000000000000000e+00 0.000000000000000000e+00 0.000000000000000000e+00 0.000000000000000000e+00 0.000000000000000000e+00 0.000000000000000000e+00 0.000000000000000000e+00 0.000000000000000000e+00
2.856879796755416086e-03 2.856879796755416086e-03 0.000000000000000000e+00 0.000000000000000000e+00 0.000000000000000000e+00 0.000000000000000000e+00 0.000000000000000000e+00 0.000000000000000000e+00 0.000000000000000000e+00 0.000000000000000000e+00 0.000000000000000000e+00 0.000000000000000000e+00 0.000000000000000000e+00 0.000000000000000000e+00 0.000000000000000000e+00 0.000000000000000000e+00 0.000000000000000000e+00
8.570639390266247826e-03 1.142751918702166435e-02 2.856879796755416086e-03 0.000000000000000000e+00 2.856879796755416086e-03 2.856879796755416086e-03 0.000000000000000000e+00 0.000000000000000000e+00 0.000000000000000000e+00 0.000000000000000000e+00 0.000000000000000000e+00 0.000000000000000000e+00 2.856879796755416086e-03 5.713759593510832173e-03 8.570639390266247826e-03 1.142751918702166435e-02 1.142751918702166435e-02
1.428439898377707913e-02 1.714127878053249565e-02 8.570639390266247826e-03 0.000000000000000000e+00 5.713759593510832173e-03 5.713759593510832173e-03 0.000000000000000000e+00 0.000000000000000000e+00 0.000000000000000000e+00 0.000000000000000000e+00 0.000000000000000000e+00 0.000000000000000000e+00 2.856879796755416086e-03 5.787963360856551373e-03 1.208195987466561053e-02 9.150876310564473939e-03 1.142751918702166435e-02
2.571191817079874001e-02 2.285503837404332869e-02 1.999815857728791044e-02 5.713759593510832173e-03 5.713759593510832173e-03 2.856879796755416086e-03 0.000000000000000000e+00 0.000000000000000000e+00 0.000000000000000000e+00 0.000000000000000000e+00 2.856879796755416086e-03 0.000000000000000000e+00 0.000000000000000000e+00 6.368200281154779221e-03 9.225080077910195742e-03 5.787963360856552240e-03 1.142751918702166435e-02
3.170082272019732195e-02 2.879052065034352209e-02 2.285503837404332869e-02 1.714127878053249565e-02 1.142751918702166435e-02 2.856879796755416086e-03 0.000000000000000000e+00 0.000000000000000000e+00 0.000000000000000000e+00 0.000000000000000000e+00 2.856879796755416086e-03 2.856879796755416086e-03 5.713759593510832173e-03 8.570639390266247826e-03 8.570639390266247826e-03 8.570639390266247826e-03 5.713759593510832173e-03
3.741458231370815846e-02 3.736116004060976992e-02 2.571191817079874001e-02 1.999815857728791044e-02 1.714127878053249565e-02 5.713759593510832173e-03 0.000000000000000000e+00 0.000000000000000000e+00 0.000000000000000000e+00 0.000000000000000000e+00 0.000000000000000000e+00 2.856879796755416086e-03 2.856879796755416086e-03 5.713759593510832173e-03 8.570639390266247826e-03 8.570639390266247826e-03 8.570639390266247826e-03
5.221394677580377952e-02 3.719285963091880504e-02 3.142567776430957305e-02 2.571191817079874001e-02 1.999815857728791044e-02 8.570639390266247826e-03 2.856879796755416086e-03 2.856879796755416086e-03 0.000000000000000000e+00 0.000000000000000000e+00 0.000000000000000000e+00 2.856879796755416086e-03 2.856879796755416086e-03 5.853053192974761593e-03 1.156681278648559463e-02 8.570639390266247826e-03 1.142751918702166435e-02
