1.773981253967055281e-03 6.255735859265725528e-03 2.707773351331614967e-03 7.095925015868221122e-03 1.064388752380233082e-02 3.547962507934110561e-03 3.547962507934110561e-03 3.547962507934110561e-03 0.000000000000000000e+00 1.773981253967055281e-03 0.000000000000000000e+00 0.000000000000000000e+00 0.000000000000000000e+00 0.000000000000000000e+00 3.692507867784391908e-03 0.000000000000000000e+00 7.095925015868221122e-03
1.819471873305579133e-03 1.864061276440413068e-03 2.023749524815679230e-03 3.318986726949614118e-03 5.321943761901165408e-03 8.869906269835275969e-03 5.321943761901165408e-03 3.547962507934110561e-03 0.000000000000000000e+00 0.000000000000000000e+00 0.000000000000000000e+00 0.000000000000000000e+00 1.773981253967055281e-03 0.000000000000000000e+00 3.547962507934110561e-03 0.000000000000000000e+00 5.321943761901165408e-03
3.547962507934110561e-03 1.844223202500236934e-03 5.392185710434347495e-03 3.547962507934110561e-03 7.095925015868221122e-03 3.547962507934110561e-03 3.547962507934110561e-03 3.547962507934110561e-03 0.000000000000000000e+00 0.000000000000000000e+00 0.000000000000000000e+00 0.000000000000000000e+00 3.547962507934110561e-03 0.000000000000000000e+00 3.605835279929455427e-03 1.773981253967055281e-03 3.547962507934110561e-03
5.367434381239689044e-03 4.978885667934509519e-03 9.029594518210542348e-03 5.367434381239689044e-03 1.246335939710791103e-02 5.481632010276432654e-03 1.773981253967055281e-03 1.773981253967055281e-03 0.000000000000000000e+00 0.000000000000000000e+00 0.000000000000000000e+00 1.773981253967055281e-03 3.547962507934110561e-03 1.773981253967055281e-03 8.869906269835275969e-03 1.773981253967055281e-03 3.285170397962907871e-03
1.395783491390025291e-02 5.025423886466571372e-03 1.100143576280160698e-02 1.026532704611586057e-02 8.869906269835275969e-03 5.481632010276432654e-03 5.321943761901165408e-03 5.321943761901165408e-03 0.000000000000000000e+00 0.000000000000000000e+00 0.000000000000000000e+00 0.000000000000000000e+00 3.547962507934110561e-03 1.773981253967055281e-03 7.095925015868221122e-03 1.773981253967055281e-03 0.000000000000000000e+00
5.321943761901165408e-03 7.095925015868221122e-03 1.419159634126316780e-02 4.930767691514176612e-03 9.029594518210542348e-03 7.255613264243487501e-03 1.773981253967055281e-03 1.064388752380233082e-02 0.000000000000000000e+00 0.000000000000000000e+00 0.000000000000000000e+00 1.773981253967055281e-03 1.773981253967055281e-03 1.773981253967055281e-03 7.095925015868221122e-03 1.773981253967055281e-03 0.000000000000000000e+00
3.547962507934110561e-03 6.560547495867810261e-03 1.067192243237709975e-02 1.064388752380233082e-02 1.064388752380233082e-02 1.067192243237709975e-02 7.095925015868221122e-03 1.427916842722390389e-02 0.000000000000000000e+00 0.000000000000000000e+00 0.000000000000000000e+00 0.000000000000000000e+00 0.000000000000000000e+00 0.000000000000000000e+00 5.321943761901165408e-03 0.000000000000000000e+00 0.000000000000000000e+00
1.773981253967055281e-03 1.773981253967055281e-03 1.064388752380233082e-02 1.025271145341534289e-02 1.773981253967055281e-03 5.321943761901165408e-03 7.653497469759155611e-03 1.336661730204730981e-02 0.000000000000000000e+00 1.773981253967055281e-03 1.773981253967055281e-03 0.000000000000000000e+00 0.000000000000000000e+00 0.000000000000000000e+00 1.773981253967055281e-03 0.000000000000000000e+00 0.000000000000000000e+00
0.000000000000000000e+00 0.000000000000000000e+00 0.000000000000000000e+00 0.000000000000000000e+00 0.000000000000000000e+00 0.000000000000000000e+00 0.000000000000000000e+00 0.000000000000000000e+00 0.000000000000000000e+00 0.000000000000000000e+00 0.000000000000000000e+00 0.000000000000000000e+00 0.000000000000000000e+00 0.000000000000000000e+00 0.000000000000000000e+00 0.000000000000000000e+00 0.000000000000000000e+00
0.000000000000000000e+00 1.773981253967055281e-03 5.321943761901165408e-03 3.377773249237862700e-03 3.377773249237862700e-03 5.321943761901165408e-03 1.773981253967055281e-03 3.462832243685509161e-03 0.000000000000000000e+00 1.773981253967055281e-03 1.773981253967055281e-03 0.000000000000000000e+00 0.000000000000000000e+00 0.000000000000000000e+00 0.000000000000000000e+00 1.773981253967055281e-03 1.773981253967055281e-03
1.773981253967055281e-03 3.561805824275220914e-03 3.547962507934110561e-03 1.773981253967055281e-03 7.010794751619620589e-03 7.010794751619620589e-03 1.773981253967055281e-03 7.010794751619620589e-03 0.000000000000000000e+00 0.000000000000000000e+00 0.000000000000000000e+00 1.773981253967055281e-03 1.773981253967055281e-03 1.773981253967055281e-03 0.000000000000000000e+00 5.321943761901165408e-03 1.773981253967055281e-03
5.321943761901165408e-03 3.547962507934110561e-03 3.032768184718785329e-03 3.547962507934110561e-03 6.580730692652895890e-03 7.095925015868221122e-03 0.000000000000000000e+00 5.555269519557710922e-03 0.000000000000000000e+00 0.000000000000000000e+00 0.000000000000000000e+00 0.000000000000000000e+00 1.773981253967055281e-03 1.773981253967055281e-03 1.773981253967055281e-03 1.773981253967055281e-03 1.773981253967055281e-03
7.095925015868221122e-03 7.183573755503454457e-03 7.169730439162344537e-03 6.580730692652895890e-03 4.832459307501754849e-03 5.262523366468478681e-03 1.773981253967055281e-03 3.573672376750024367e-03 0.000000000000000000e+00 0.000000000000000000e+00 0.000000000000000000e+00 1.773981253967055281e-03 0.000000000000000000e+00 3.547962507934110561e-03 1.773981253967055281e-03 0.000000000000000000e+00 0.000000000000000000e+00
5.321943761901165408e-03 8.869906269835275969e-03 1.241786877776938740e-02 1.190267445455406303e-02 6.580730692652895890e-03 8.688483791813082432e-03 1.773981253967055281e-03 3.547962507934110561e-03 0.000000000000000000e+00 0.000000000000000000e+00 0.000000000000000000e+00 0.000000000000000000e+00 3.547962507934110561e-03 1.773981253967055281e-03 1.773981253967055281e-03 1.831854025962400146e-03 3.547962507934110561e-03
7.095925015868221122e-03 1.064388752380233082e-02 1.951379379363760852e-02 1.264688459820099802e-02 1.390567152895273197e-02 8.714193660628996238e-03 1.773981253967055281e-03 3.547962507934110561e-03 0.000000000000000000e+00 0.000000000000000000e+00 0.000000000000000000e+00 0.000000000000000000e+00 3.547962507934110561e-03 3.547962507934110561e-03 3.547962507934110561e-03 3.547962507934110561e-03 1.773981253967055281e-03
1.464114913857883331e-02 8.869906269835275969e-03 1.067192243237709975e-02 1.796882836010216603e-02 1.419185003173644224e-02 8.869906269835275969e-03 1.773981253967055281e-03 3.547962507934110561e-03 0.000000000000000000e+00 0.000000000000000000e+00 0.000000000000000000e+00 0.000000000000000000e+00 0.000000000000000000e+00 1.773981253967055281e-03 3.547962507934110561e-03 3.547962507934110561e-03 1.773981253967055281e-03
1.241786877776938740e-02 7.095925015868221122e-03 1.241786877776938740e-02 1.596583128570349536e-02 1.064388752380233082e-02 3.547962507934110561e-03 1.773981253967055281e-03 0.000000000000000000e+00 0.000000000000000000e+00 0.000000000000000000e+00 0.000000000000000000e+00 0.000000000000000000e+00 0.000000000000000000e+00 3.547962507934110561e-03 3.547962507934110561e-03 1.773981253967055281e-03 1.773981253967055281e-03
