3.409722501172181893e-03 3.409722501172181893e-03 0.000000000000000000e+00 3.409722501172181893e-03 3.409722501172181893e-03 3.409722501172181893e-03 0.000000000000000000e+00 0.000000000000000000e+00 0.000000000000000000e+00 0.000000000000000000e+00 0.000000000000000000e+00 0.000000000000000000e+00 3.409722501172181893e-03 6.819445002344363786e-03 1.022916750351654525e-02 6.819445002344363786e-03 3.648156564924820953e-03
0.000000000000000000e+00 3.409722501172181893e-03 3.409722501172181893e-03 3.409722501172181893e-03 3.409722501172181893e-03 3.409722501172181893e-03 0.000000000000000000e+00 0.000000000000000000e+00 0.000000000000000000e+00 0.000000000000000000e+00 0.000000000000000000e+00 6.819445002344363786e-03 3.409722501172181893e-03 3.409722501172181893e-03 6.819445002344363786e-03 6.819445002344363786e-03 6.819445002344363786e-03
0.000000000000000000e+00 3.409722501172181893e-03 0.000000000000000000e+00 0.000000000000000000e+00 0.000000000000000000e+00 0.000000000000000000e+00 0.000000000000000000e+00 0.000000000000000000e+00 0.000000000000000000e+00 0.000000000000000000e+00 0.000000000000000000e+00 0.000000000000000000e+00 0.000000000000000000e+00 0.000000000000000000e+00 0.000000000000000000e+00 0.000000000000000000e+00 0.000000000000000000e+00
0.000000000000000000e+00 0.000000000000000000e+00 0.000000000000000000e+00 0.000000000000000000e+00 0.000000000000000000e+00 0.000000000000000000e+00 0.000000000000000000e+00 0.000000000000000000e+00 0.000000000000000000e+00 0.000000000000000000e+00 0.000000000000000000e+00 3.409722501172181893e-03 6.819445002344363786e-03 3.409722501172181893e-03 0.000000000000000000e+00 3.409722501172181893e-03 3.409722501172181893e-03
0.000000000000000000e+00 0.000000000000000000e+00 0.000000000000000000e+00 0.000000000000000000e+00 0.000000000000000000e+00 0.000000000000000000e+00 0.000000000000000000e+00 0.000000000000000000e+00 0.000000000000000000e+00 0.000000000000000000e+00 0.000000000000000000e+00 6.819445002344363786e-03 4.910410499738980701e-03 3.409722501172181893e-03 0.000000000000000000e+00 6.819445002344363786e-03 3.409722501172181893e-03
0.000000000000000000e+00 0.000000000000000000e+00 0.000000000000000000e+00 0.000000000000000000e+00 0.000000000000000000e+00 0.000000000000000000e+00 0.000000000000000000e+00 0.000000000000000000e+00 0.000000000000000000e+00 3.409722501172181893e-03 3.409722501172181893e-03 3.409722501172181893e-03 6.819445002344363786e-03 3.409722501172181893e-03 0.000000000000000000e+00 0.000000000000000000e+00 0.000000000000000000e+00
0.000000000000000000e+00 0.000000000000000000e+00 0.000000000000000000e+00 0.000000000000000000e+00 0.000000000000000000e+00 0.000000000000000000e+00 0.000000000000000000e+00 0.000000000000000000e+00 0.000000000000000000e+00 3.409722501172181893e-03 3.409722501172181893e-03 3.409722501172181893e-03 4.910410499738980701e-03 3.409722501172181893e-03 0.000000000000000000e+00 0.000000000000000000e+00 0.000000000000000000e+00
0.000000000000000000e+00 0.000000000000000000e+00 0.000000000000000000e+00 0.000000000000000000e+00 0.000000000000000000e+00 0.000000000000000000e+00 0.000000000000000000e+00 0.000000000000000000e+00 0.000000000000000000e+00 0.000000000000000000e+00 0.000000000000000000e+00 0.000000000000000000e+00 0.000000000000000000e+00 0.000000000000000000e+00 0.000000000000000000e+00 0.000000000000000000e+00 0.000000000000000000e+00
0.000000000000000000e+00 0.000000000000000000e+00 0.000000000000000000e+00 0.000000000000000000e+00 0.000000000000000000e+00 0.000000000000000000e+00 0.000000000000000000e+00 0.000000000000000000e+00 0.000000000000000000e+00 0.000000000000000000e+00 0.000000000000000000e+00 0.000000000000000000e+00 0.000000000000000000e+00 0.000000000000000000e+00 0.000000000000000000e+00 0.000000000000000000e+00 0.000000000000000000e+00
0.000000000000000000e+00 0.000000000000000000e+00 0.000000000000000000e+00 0.000000000000000000e+00 0.000000000000000000e+00 0.000000000000000000e+00 0.000000000000000000e+00 0.000000000000000000e+00 0.000000000000000000e+00 0.000000000000000000e+00 0.000000000000000000e+00 0.000000000000000000e+00 0.000000000000000000e+00 0.000000000000000000e+00 0.000000000000000000e+00 0.000000000000000000e+00 0.000000000000000000e+00
4.912045964193484035e-03 6.819445002344363786e-03 0.000000000000000000e+00 3.409722501172181893e-03 3.409722501172181893e-03 0.000000000000000000e+00 0.000000000000000000e+00 0.000000000000000000e+00 0.000000000000000000e+00 0.000000000000000000e+00 0.000000000000000000e+00 0.000000000000000000e+00 0.000000000000000000e+00 0.000000000000000000e+00 0.000000000000000000e+00 0.000000000000000000e+00 0.000000000000000000e+00
1.363889000468872757e-02 6.819445002344363786e-03 0.000000000000000000e+00 1.022916750351654525e-02 2.045833500703309049e-02 6.819445002344363786e-03 0.000000000000000000e+00 6.819445002344363786e-03 0.000000000000000000e+00 0.000000000000000000e+00 0.000000000000000000e+00 3.409722501172181893e-03 3.409722501172181893e-03 0.000000000000000000e+00 0.000000000000000000e+00 0.000000000000000000e+00 0.000000000000000000e+00
3.409722501172181893e-03 0.000000000000000000e+00 3.409722501172181893e-03 3.409722501172181893e-03 3.409722501172181893e-03 0.000000000000000000e+00 0.000000000000000000e+00 3.409722501172181893e-03 0.000000000000000000e+00 0.000000000000000000e+00 0.000000000000000000e+00 3.409722501172181893e-03 6.819445002344363786e-03 3.409722501172181893e-03 0.000000000000000000e+00 0.000000000000000000e+00 0.000000000000000000e+00
1.022916750351654525e-02 0.000000000000000000e+00 1.022916750351654525e-02 8.170694081268147640e-03 6.908400051373627879e-03 1.022916750351654525e-02 1.022916750351654525e-02 1.022916750351654525e-02 0.000000000000000000e+00 0.000000000000000000e+00 0.000000000000000000e+00 3.409722501172181893e-03 3.409722501172181893e-03 3.409722501172181893e-03 0.000000000000000000e+00 0.000000000000000000e+00 6.819445002344363786e-03
4.600872413095931368e-02 3.088884087091477507e-02 2.727778000937745514e-02 1.363889000468872757e-02 1.704861250586090643e-02 1.704861250586090643e-02 7.819114498200418692e-03 6.819445002344363786e-03 0.000000000000000000e+00 0.000000000000000000e+00 0.000000000000000000e+00 3.409722501172181893e-03 6.819445002344363786e-03 3.409722501172181893e-03 0.000000000000000000e+00 3.409722501172181893e-03 1.363889000468872757e-02
4.821766747832202660e-02 4.773611501641054217e-02 1.704861250586090643e-02 1.031812255254580847e-02 1.022916750351654525e-02 6.819445002344363786e-03 3.409722501172181893e-03 0.000000000000000000e+00 0.000000000000000000e+00 0.000000000000000000e+00 0.000000000000000000e+00 6.819445002344363786e-03 1.022916750351654525e-02 1.022916750351654525e-02 6.819445002344363786e-03 3.409722501172181893e-03 1.022916750351654525e-02
8.357182734679359515e-02 6.478472752227144860e-02 1.672732308083508743e-02 6.884594986831730871e-03 3.409722501172181893e-03 0.000000000000000000e+00 0.000000000000000000e+00 0.000000000000000000e+00 0.000000000000000000e+00 0.000000000000000000e+00 0.000000000000000000e+00 0.000000000000000000e+00 3.409722501172181893e-03 1.022916750351654525e-02 1.022916750351654525e-02 3.471664648372962698e-03 1.704861250586090643e-02
