5.707897365542429846e-04 9.625773073390074845e-04 2.853948682771214923e-04 0.000000000000000000e+00 2.365726787630595580e-03 1.449235010984237931e-03 5.707897365542429846e-04 1.712369209662728846e-03 3.535183592451380391e-03 1.264367574498609240e-03 2.853948682771214923e-04 2.384081429801493575e-03 1.608938091769888208e-03 5.707897365542429846e-04 1.141579473108485969e-03 1.426974341385607191e-03 6.302025091770767579e-04
8.561846048313644228e-04 1.141579473108485969e-03 2.853948682771214923e-04 1.141579473108485969e-03 1.997764077939850284e-03 2.194125832123782534e-03 5.707897365542429846e-04 1.426974341385607191e-03 5.055079631162838656e-03 1.141579473108485969e-03 0.000000000000000000e+00 2.035224894377763230e-03 1.493566524705243872e-03 2.853948682771214923e-04 2.853948682771214923e-04 1.246488707981700198e-03 9.155973774541983044e-04
1.141579473108485969e-03 8.561846048313644228e-04 2.853948682771214923e-04 5.707897365542429846e-04 8.561846048313644228e-04 8.561846048313644228e-04 2.853948682771214923e-04 5.707897365542429846e-04 2.684088825067051411e-03 6.670651247532122068e-04 2.853948682771214923e-04 1.712369209662728846e-03 1.137339725440980089e-03 2.853948682771214923e-04 2.853948682771214923e-04 1.426974341385607191e-03 8.561846048313644228e-04
6.163152153234289924e-04 1.239909341576156876e-03 5.707897365542429846e-04 2.853948682771214923e-04 1.446000492382463814e-03 9.321624630205174863e-04 0.000000000000000000e+00 8.561846048313644228e-04 2.338843709161517442e-03 5.707897365542429846e-04 0.000000000000000000e+00 2.853948682771214381e-03 2.281689340269550757e-03 2.853948682771214923e-04 5.707897365542429846e-04 2.666883682961764500e-03 1.426974341385607191e-03
2.158886728221562964e-03 2.568553814494093160e-03 8.712530487800972589e-04 7.469808307846883925e-04 2.134861791065605433e-03 1.141579473108485969e-03 8.712530487800972589e-04 8.561846048313644228e-04 1.141579473108485969e-03 1.141579473108485969e-03 0.000000000000000000e+00 1.714343967623848351e-03 3.145922917453878708e-03 5.707897365542429846e-04 0.000000000000000000e+00 2.860528049176757487e-03 1.433553707791150513e-03
1.738868537435058230e-03 2.859134411495620719e-03 9.321624630205174863e-04 8.561846048313644228e-04 3.479135609368223369e-03 3.533949699035953459e-03 1.001047049883371006e-03 2.745655764790543019e-03 4.985419115914424375e-03 1.165227661862851434e-03 1.108217852266816898e-03 3.995228584022270622e-03 3.790796636995210842e-03 8.561846048313644228e-04 3.371211533218866131e-04 3.929898598631642766e-03 1.505275679934073817e-03
3.150431659245602097e-03 7.080283377972409163e-03 3.005036313463790073e-03 2.554727576905948053e-03 1.472075516006975983e-02 1.428251189073978175e-02 2.661409357127691132e-03 9.145186780859525938e-03 3.133107046792425743e-02 1.050756769646337199e-02 2.074143809161136179e-03 1.444484232105506735e-02 1.880305802203383059e-02 1.884957002071470855e-03 2.055562255971770617e-03 1.096893754374464805e-02 4.302968037400835798e-03
2.905805970015275588e-04 1.430524531057990193e-03 5.707897365542429846e-04 2.853948682771214923e-04 5.155285094441123227e-03 6.984073065966151309e-03 1.857231654714735104e-03 5.987486487381110493e-03 2.492686795594090468e-02 6.556168554688453394e-03 1.282980004147943678e-03 9.529630050783990600e-03 7.946216349446517599e-03 1.141579473108485969e-03 5.707897365542429846e-04 2.998279799259241651e-03 9.703773167356529198e-04
1.141579473108485969e-03 8.199073869902751693e-03 2.014224202440141696e-03 1.240660389030283015e-03 3.568321687759903882e-02 3.861823707110938891e-02 6.143842438192326227e-03 3.301353094299334934e-02 0.000000000000000000e+00 2.993204762517697598e-02 6.145229185265586175e-03 3.875449724269549451e-02 3.404052725889901432e-02 1.578237317069860080e-03 1.810354840228486743e-03 9.397914942954240999e-03 1.521412626312644957e-03
6.442061714914614715e-04 2.690112310551429770e-03 7.002041150559600458e-04 1.667323057191638213e-03 8.257628111834345100e-03 9.221509494087214848e-03 1.225844531133603700e-03 7.218835442288286559e-03 2.665177555942071022e-02 6.336613389322517421e-03 2.145462794814085531e-03 7.309818146348724850e-03 5.716491791129011887e-03 8.534768253266726036e-04 2.853948682771214923e-04 1.902152602358695961e-03 9.043928825443463704e-04
4.997936162187023926e-03 1.048027674858209579e-02 2.312081338212926100e-03 2.989393370612434750e-03 2.140310131085654266e-02 1.393665631310265184e-02 1.191488302548684335e-03 1.008820833186688769e-02 3.059887010119995490e-02 7.698861035774062951e-03 2.977225524250597805e-03 1.485761399800025924e-02 1.622195067246973502e-02 2.758449263436494030e-03 2.760591698108656560e-03 9.016591060106592462e-03 3.935177299202286851e-03
1.525508076133290716e-03 3.019405131923194770e-03 6.043449239842101474e-04 1.234843649725320212e-03 3.903822126786737293e-03 2.602109001924059889e-03 1.141579473108485969e-03 1.204081552464297041e-03 5.011539124144251921e-03 2.283158946216971939e-03 1.141579473108485969e-03 4.018527578158879315e-03 4.723624958647205940e-03 1.138871693603794259e-03 9.405777234926262186e-04 3.439229902229220832e-03 2.561359048528814245e-03
2.116448230586606607e-03 3.133441301070162121e-03 0.000000000000000000e+00 8.561846048313644228e-04 3.760636570974035774e-03 1.421072091407433059e-03 0.000000000000000000e+00 5.707897365542429846e-04 1.608005598211116084e-03 1.307883053837027203e-03 8.826839326036936984e-04 1.711072922814202554e-03 2.926299871929002351e-03 9.405777234926262186e-04 9.596038744894827338e-04 3.370658278744010847e-03 3.019852554859910141e-03
9.488079209922677722e-04 1.135677223130311404e-03 5.793418182561191473e-04 2.853948682771214923e-04 1.302702123390198649e-03 1.997764077939850284e-03 2.853948682771214923e-04 2.853948682771214923e-04 1.426974341385607191e-03 8.561846048313644228e-04 0.000000000000000000e+00 8.561846048313644228e-04 1.141579473108485969e-03 2.853948682771214923e-04 2.853948682771214923e-04 1.426974341385607191e-03 1.141579473108485969e-03
0.000000000000000000e+00 1.434140988097898839e-03 8.561846048313644228e-04 2.853948682771214923e-04 7.985486772509953549e-04 1.716055192211902612e-03 3.092090663735101632e-04 7.985486772509953549e-04 1.870302683423521886e-03 8.561846048313644228e-04 0.000000000000000000e+00 8.561846048313644228e-04 1.141579473108485969e-03 8.561846048313644228e-04 2.853948682771214923e-04 8.561846048313644228e-04 1.712369209662728846e-03
0.000000000000000000e+00 8.502823548531899655e-04 5.703104674809509559e-04 2.853948682771214923e-04 8.712098948570064878e-04 2.160151681149266242e-03 0.000000000000000000e+00 1.426974341385607191e-03 4.619406119187958494e-03 8.561846048313644228e-04 5.469006576949082040e-04 2.670833532110148539e-03 1.997764077939850284e-03 1.141579473108485969e-03 5.707897365542429846e-04 1.467655465795810778e-03 8.561846048313644228e-04
2.853948682771214923e-04 1.148746119820777400e-03 1.141579473108485969e-03 2.954104477741187470e-04 8.633512515436559624e-04 1.997764077939850284e-03 5.707897365542429846e-04 1.141579473108485969e-03 4.359024053983193321e-03 1.633265928434782894e-03 9.181843346435615083e-04 1.437919449149729521e-03 1.997764077939850284e-03 2.853948682771214923e-04 2.853948682771214923e-04 8.561846048313644228e-04 5.707897365542429846e-04
