2.173704853359968454e-03 1.317940101565751769e-03 1.317940101565751769e-03 1.734391486171384892e-03 0.000000000000000000e+00 8.786267343771678824e-04 4.393133671885839412e-04 0.000000000000000000e+00 0.000000000000000000e+00 0.000000000000000000e+00 0.000000000000000000e+00 1.088093341852706128e-03 1.757253468754335765e-03 1.757253468754335765e-03 1.527406709041289907e-03 3.075193570320087534e-03 2.632570755894527402e-03
8.786267343771678824e-04 4.393133671885839412e-04 8.786267343771678824e-04 8.557647517942169012e-04 0.000000000000000000e+00 8.786267343771678824e-04 0.000000000000000000e+00 4.393133671885839412e-04 0.000000000000000000e+00 0.000000000000000000e+00 0.000000000000000000e+00 1.317940101565751769e-03 1.317940101565751769e-03 1.131276026242107515e-03 1.757253468754335765e-03 2.635753703304812186e-03 3.071884123083111397e-03
4.393133671885839412e-04 0.000000000000000000e+00 8.786267343771678824e-04 4.393133671885839412e-04 0.000000000000000000e+00 1.317940101565751769e-03 4.393133671885839412e-04 4.393133671885839412e-04 0.000000000000000000e+00 0.000000000000000000e+00 0.000000000000000000e+00 8.786267343771678824e-04 8.786267343771678824e-04 8.786267343771678824e-04 2.196566835942919543e-03 2.196566835942919543e-03 3.075193570320087534e-03
4.425164426792292140e-04 4.393133671885839412e-04 4.393133671885839412e-04 8.786267343771678824e-04 8.786267343771678824e-04 4.393133671885839412e-04 4.393133671885839412e-04 4.393133671885839412e-04 0.000000000000000000e+00 0.000000000000000000e+00 0.000000000000000000e+00 4.393133671885839412e-04 0.000000000000000000e+00 0.000000000000000000e+00 2.196566835942919543e-03 3.075193570320087534e-03 4.335250016055919309e-03
4.393133671885839412e-04 4.393133671885839412e-04 1.757253468754335765e-03 2.196566835942919543e-03 3.075193570320087534e-03 4.393133671885839412e-04 0.000000000000000000e+00 0.000000000000000000e+00 0.000000000000000000e+00 0.000000000000000000e+00 0.000000000000000000e+00 0.000000000000000000e+00 1.317940101565751769e-03 2.196566835942919543e-03 3.514506937508671530e-03 4.080967675777884621e-03 4.892593758672225505e-03
3.514506937508671530e-03 2.196566835942919543e-03 5.271760406263007077e-03 6.610708509614551809e-03 4.414141673671631398e-03 1.330576765875621150e-03 8.786267343771678824e-04 8.996347361629603023e-04 0.000000000000000000e+00 4.393133671885839412e-04 4.393133671885839412e-04 1.088093341852706128e-03 1.757253468754335765e-03 2.196566835942919543e-03 4.464729113142864615e-03 6.091857970723691534e-03 6.388413384071618163e-03
5.486756873444331370e-03 4.393133671885839087e-03 7.990676657619084564e-03 8.735313702391922161e-03 6.819479889125329604e-03 4.399081120803611036e-03 3.145505943284787782e-03 2.716571093698152192e-03 0.000000000000000000e+00 1.317940101565751769e-03 1.317940101565751769e-03 2.823865647897201223e-03 3.075193570320087534e-03 4.207456617834514495e-03 4.393133671885839087e-03 7.638994853856450468e-03 7.051832647244262592e-03
9.216805662451208261e-03 1.187209039827560875e-02 1.483301199028296685e-02 1.314570496127529832e-02 1.035187577691924592e-02 1.245011486868451839e-02 9.043304884663970825e-03 7.988331499961158835e-03 0.000000000000000000e+00 1.317940101565751769e-03 1.317940101565751769e-03 2.845346810607041459e-03 2.635880203131503539e-03 3.555680520992268289e-03 5.920540380927128560e-03 8.085025298227797516e-03 8.303486410761338685e-03
1.261125844816230260e-02 1.234461432622709597e-02 1.773851227486143017e-02 1.509193952439184805e-02 1.223144903997490027e-02 1.903053410359734077e-02 1.780856422664985408e-02 1.275595371749957754e-02 0.000000000000000000e+00 2.196566835942919543e-03 1.757253468754335765e-03 3.805692331721774024e-03 2.196566835942919543e-03 3.511197490271695393e-03 6.150387140640175068e-03 9.393065375200501665e-03 7.247948525331119468e-03
1.441675856660165275e-02 1.244879031842484156e-02 1.219236927318393011e-02 1.435266722568715944e-02 1.706389607904932118e-02 2.145772201307722185e-02 1.772550093935098409e-02 8.625786762476678887e-03 0.000000000000000000e+00 8.786267343771678824e-04 8.786267343771678824e-04 2.196566835942919543e-03 1.757253468754335765e-03 2.196566835942919543e-03 3.617706886956076340e-03 6.381370266775960622e-03 4.918975685201163947e-03
1.415655657702051193e-02 1.103608661663132116e-02 8.782285793973988036e-03 1.399434789291285203e-02 1.902589933117963469e-02 1.922244152786395030e-02 1.281756432173681258e-02 4.172970201809982592e-03 0.000000000000000000e+00 4.393133671885839412e-04 4.393133671885839412e-04 1.757253468754335765e-03 1.757253468754335765e-03 1.757253468754335765e-03 2.196566835942919543e-03 4.832447039074422648e-03 3.297437667870840947e-03
8.164411872586770091e-03 5.859089810596084663e-03 7.489191863054664271e-03 1.361848926261528120e-02 1.726129123206836605e-02 1.166931254195540876e-02 5.537681434052529189e-03 1.757253468754335765e-03 0.000000000000000000e+00 0.000000000000000000e+00 0.000000000000000000e+00 8.786267343771678824e-04 4.393133671885839412e-04 4.393133671885839412e-04 4.393133671885839412e-04 9.567992771854546413e-04 1.404468747692492851e-03
6.476432355288960427e-03 6.945550042784255293e-03 8.753358903390675780e-03 1.186146091409176484e-02 1.226661748372569888e-02 5.687830518487387195e-03 1.757253468754335765e-03 4.393133671885839412e-04 0.000000000000000000e+00 0.000000000000000000e+00 0.000000000000000000e+00 4.393133671885839412e-04 4.393133671885839412e-04 4.543749712833107350e-04 0.000000000000000000e+00 1.317940101565751769e-03 8.786267343771678824e-04
4.832447039074422648e-03 6.150387140640175068e-03 7.046678484963833644e-03 6.563306866358714457e-03 5.245366764792961170e-03 1.317940101565751769e-03 0.000000000000000000e+00 0.000000000000000000e+00 0.000000000000000000e+00 0.000000000000000000e+00 0.000000000000000000e+00 0.000000000000000000e+00 0.000000000000000000e+00 4.393133671885839412e-04 0.000000000000000000e+00 0.000000000000000000e+00 0.000000000000000000e+00
5.271760406263007077e-03 5.227652530450065983e-03 4.827055855146274339e-03 3.992536996582048310e-03 2.196566835942919543e-03 4.393133671885839412e-04 0.000000000000000000e+00 0.000000000000000000e+00 0.000000000000000000e+00 0.000000000000000000e+00 0.000000000000000000e+00 4.393133671885839412e-04 0.000000000000000000e+00 4.393133671885839412e-04 0.000000000000000000e+00 4.393133671885839412e-04 4.543749712833107350e-04
4.604267719745146724e-03 4.133922618312471479e-03 4.871163730959215434e-03 3.514506937508671530e-03 3.075193570320087534e-03 2.196566835942919543e-03 8.786267343771678824e-04 4.393133671885839412e-04 0.000000000000000000e+00 0.000000000000000000e+00 4.393133671885839412e-04 0.000000000000000000e+00 0.000000000000000000e+00 0.000000000000000000e+00 0.000000000000000000e+00 0.000000000000000000e+00 4.393133671885839412e-04
3.992536996582048310e-03 4.818062237839690343e-03 5.676350245719415447e-03 5.271760406263007077e-03 3.953820304697254658e-03 5.310477098147798995e-03 2.196566835942919543e-03 1.757253468754335765e-03 0.000000000000000000e+00 0.000000000000000000e+00 4.393133671885839412e-04 0.000000000000000000e+00 0.000000000000000000e+00 0.000000000000000000e+00 4.393133671885839412e-04 5.232244511046794120e-04 8.786267343771678824e-04
