6.529134130886358632e-04 6.529134130886358632e-04 0.000000000000000000e+00 6.529134130886358632e-04 1.305826826177271726e-03 6.529134130886358632e-04 0.000000000000000000e+00 6.529134130886358632e-04 0.000000000000000000e+00 6.529134130886358632e-04 6.529134130886358632e-04 0.000000000000000000e+00 0.000000000000000000e+00 0.000000000000000000e+00 6.529134130886358632e-04 6.658299947494664443e-04 1.018129635232494206e-03
2.611653652354543453e-03 2.611653652354543453e-03 6.529134130886358632e-04 1.313342489494595793e-03 2.611653652354543453e-03 6.529134130886358632e-04 0.000000000000000000e+00 1.313342489494595793e-03 0.000000000000000000e+00 6.529134130886358632e-04 6.529134130886358632e-04 0.000000000000000000e+00 6.529134130886358632e-04 1.305826826177271726e-03 6.529134130886358632e-04 1.305826826177271726e-03 1.305826826177271726e-03
5.223307304709086905e-03 3.417676683268950234e-03 6.529134130886358632e-04 2.341799831840049410e-03 2.611653652354543453e-03 0.000000000000000000e+00 0.000000000000000000e+00 6.529134130886358632e-04 0.000000000000000000e+00 6.529134130886358632e-04 6.529134130886358632e-04 1.318743407838102307e-03 6.658299947494664443e-04 1.958740239265907481e-03 1.318743407838102307e-03 3.332247233256267586e-03 1.958740239265907481e-03
8.218020549637772287e-03 4.010119382262504993e-03 1.305826826177271726e-03 4.300540071105956458e-03 3.917480478531814962e-03 6.529134130886358632e-04 0.000000000000000000e+00 1.958740239265907481e-03 0.000000000000000000e+00 6.529134130886358632e-04 2.611653652354543453e-03 2.920142999521269708e-03 6.529134130886358632e-04 3.264567065443178991e-03 1.900514640252783148e-03 3.264567065443178991e-03 2.611653652354543453e-03
7.294911346626752752e-03 6.784540745347446451e-03 3.264567065443178991e-03 3.917480478531814962e-03 4.723503509446221743e-03 1.458936444003042752e-03 0.000000000000000000e+00 2.611653652354543453e-03 0.000000000000000000e+00 6.529134130886358632e-04 1.958740239265907481e-03 1.971656820926738062e-03 1.305826826177271726e-03 3.916601872479460664e-03 3.413346752539444650e-03 2.752342662144342464e-03 2.713950648989861113e-03
5.876220717797722010e-03 6.702333597519462283e-03 3.915251948740454055e-03 5.876220717797722010e-03 7.440484073411057428e-03 1.305826826177271726e-03 2.210514045491367846e-03 2.630744951041652079e-03 0.000000000000000000e+00 0.000000000000000000e+00 2.266350980380279871e-03 2.611653652354543453e-03 2.611653652354543453e-03 3.858376273466336114e-03 1.737551995580077519e-03 1.737551995580077519e-03 2.611653652354543453e-03
4.748547080459652493e-03 4.716491774219977798e-03 2.609425122563182112e-03 6.125765994231822768e-03 8.224216012594433647e-03 2.611653652354543453e-03 4.527511373179397662e-03 4.583036769470471249e-03 0.000000000000000000e+00 1.305826826177271726e-03 1.958740239265907481e-03 8.016931001849019562e-04 1.305826826177271726e-03 4.593219956450361567e-03 1.981566304095818548e-03 1.408123822812589604e-03 3.264567065443178991e-03
5.278929273638529283e-03 3.917480478531814962e-03 2.611653652354543453e-03 5.223307304709086905e-03 7.752641195987414018e-03 2.611653652354543453e-03 1.958740239265907481e-03 3.182247304366963951e-03 0.000000000000000000e+00 6.529134130886358632e-04 0.000000000000000000e+00 6.529134130886358632e-04 6.529134130886358632e-04 1.305826826177271726e-03 0.000000000000000000e+00 0.000000000000000000e+00 6.529134130886358632e-04
0.000000000000000000e+00 0.000000000000000000e+00 0.000000000000000000e+00 0.000000000000000000e+00 0.000000000000000000e+00 0.000000000000000000e+00 0.000000000000000000e+00 0.000000000000000000e+00 0.000000000000000000e+00 0.000000000000000000e+00 0.000000000000000000e+00 0.000000000000000000e+00 0.000000000000000000e+00 0.000000000000000000e+00 0.000000000000000000e+00 0.000000000000000000e+00 0.000000000000000000e+00
4.726737240896418217e-03 1.958740239265907481e-03 6.529134130886358632e-04 1.305826826177271726e-03 4.570393891620450934e-03 2.611653652354543453e-03 6.665155099602846234e-04 3.278169162314827426e-03 0.000000000000000000e+00 1.958740239265907481e-03 2.611653652354543453e-03 1.305826826177271726e-03 7.035197732639357363e-04 2.128430631147159007e-03 1.305826826177271726e-03 6.529134130886358632e-04 6.701315657247976535e-04
1.319674282822920312e-02 6.246059736882145566e-03 2.967311125228629370e-03 4.418673477769148594e-03 6.529134130886357981e-03 3.910855573590023108e-03 0.000000000000000000e+00 3.917480478531814962e-03 0.000000000000000000e+00 1.958740239265907481e-03 2.610775046302189154e-03 1.318743407838102307e-03 6.658299947494664443e-04 4.911396142696150199e-03 2.198540278181716073e-03 1.305826826177271726e-03 3.283975450912168456e-03
2.448654115097101056e-02 1.193411057381282316e-02 6.750860689345620537e-03 3.001060753551204781e-03 3.486293623902441546e-03 6.529134130886358632e-04 6.529134130886358632e-04 2.611653652354543453e-03 0.000000000000000000e+00 0.000000000000000000e+00 1.305826826177271726e-03 1.323703586965789634e-03 2.611653652354543453e-03 3.917480478531814962e-03 1.958740239265907481e-03 1.305826826177271726e-03 1.975958391902068838e-03
2.321763786822727410e-02 1.947671536285965760e-02 1.261890123674301242e-02 7.157791470693142602e-03 6.537757929190850942e-03 1.320939985439663388e-03 2.621913605968875793e-03 3.917480478531814962e-03 0.000000000000000000e+00 0.000000000000000000e+00 3.349282452951492153e-03 4.835084279506740579e-03 2.637213111865394782e-03 6.862765972101544931e-03 3.966658210751991022e-03 2.624570234015374034e-03 3.605569316518878256e-03
3.498962863295487086e-02 2.041356863732299645e-02 1.488419330227136288e-02 7.478747214499990685e-03 3.932593637794206190e-03 6.782865259653601906e-04 1.969000192880239822e-03 3.264567065443178991e-03 0.000000000000000000e+00 0.000000000000000000e+00 1.305826826177271726e-03 3.118536566417564205e-03 4.570393891620450934e-03 5.308901298269753932e-03 3.917480478531814962e-03 1.318743407838102307e-03 5.876220717797722010e-03
3.694862941260373956e-02 2.790522754954451873e-02 1.111204338592372033e-02 1.109952802250680805e-02 3.917480478531814962e-03 6.529134130886358632e-04 1.958740239265907481e-03 1.958740239265907481e-03 0.000000000000000000e+00 0.000000000000000000e+00 6.529134130886358632e-04 1.305826826177271726e-03 1.413301073181876194e-03 2.611653652354543453e-03 3.413346752539444650e-03 1.305826826177271726e-03 1.958740239265907481e-03
3.594224344689617850e-02 2.627961584399385667e-02 1.959991775607598449e-02 8.487874370152265896e-03 5.876220717797722010e-03 2.611653652354543453e-03 2.611653652354543453e-03 1.305826826177271726e-03 0.000000000000000000e+00 0.000000000000000000e+00 0.000000000000000000e+00 0.000000000000000000e+00 6.529134130886358632e-04 1.958740239265907481e-03 2.611653652354543453e-03 1.305826826177271726e-03 3.264567065443178991e-03
3.519194812749051882e-02 2.933419132057300469e-02 1.599249097563345406e-02 1.095939578930073093e-02 7.182047543974993085e-03 5.072925457807291039e-03 2.611653652354543453e-03 1.305826826177271726e-03 0.000000000000000000e+00 0.000000000000000000e+00 0.000000000000000000e+00 0.000000000000000000e+00 1.924276333376050011e-03 1.305826826177271726e-03 0.000000000000000000e+00 6.529134130886358632e-04 2.577189746464685332e-03
