9.472365410863230542e-04 1.334746030835473433e-03 4.736182705431615271e-04 4.736182705431615271e-04 2.016931847078034471e-03 4.736182705431615271e-04 4.736182705431615271e-04 3.323214643821512278e-03 2.628438957719184642e-03 4.736182705431615271e-04 2.368091352715807202e-03 3.453216733900118900e-03 1.207584146089699844e-03 1.420854811629484364e-03 1.894473082172646108e-03 2.362505893883484146e-03 1.420854811629484364e-03
1.894473082172646108e-03 2.016931847078034471e-03 6.274717740762526374e-04 1.425116998627941551e-03 2.841709623258968729e-03 2.016931847078034471e-03 1.898735269171102861e-03 3.338205079524223483e-03 2.035597860472678454e-03 4.205538765609840267e-03 2.858031990085278546e-03 2.386757366110451185e-03 3.138702031940908844e-03 3.691929049089326832e-03 1.894473082172646108e-03 3.099040176532154734e-03 2.060371979022190218e-03
1.894473082172646108e-03 1.420854811629484364e-03 9.472365410863230542e-04 1.126844938503498983e-03 2.845920795586417973e-03 3.718648567185843176e-03 1.929021739553803995e-03 3.330950770667015070e-03 3.788946164345292217e-03 2.861058810414571045e-03 1.925241691533981182e-03 3.309742434969807200e-03 2.847226904676406715e-03 1.894473082172646108e-03 1.420854811629484364e-03 3.309742434969807200e-03 4.262564434888453310e-03
4.845471672982387874e-04 9.005850391727575647e-04 1.925867820800348639e-03 1.420854811629484364e-03 2.368091352715807202e-03 2.995563126792060056e-03 3.350984819428290407e-03 3.294911774386479180e-03 7.463149395403189876e-03 5.197374539511157368e-03 2.291254057743598912e-03 3.155072998379529741e-03 5.546726560726159168e-03 2.731949870203819603e-03 9.472365410863230542e-04 2.631007364821316696e-03 3.606635277001172830e-03
3.218494029327622057e-03 4.164675929403615327e-03 3.078865291121263888e-03 3.218494029327622057e-03 5.585530741033099475e-03 6.062725077038552332e-03 2.547699750132983564e-03 3.804569041210177031e-03 8.704496564139692361e-03 8.347186550800005794e-03 2.383714229580692449e-03 4.204984036219810289e-03 7.115376798397183948e-03 2.841709623258968729e-03 7.467506513283045681e-04 4.262564434888453310e-03 5.683419246517937458e-03
9.581654378414002603e-04 1.431783708384561787e-03 1.431783708384561787e-03 4.736182705431615271e-04 3.799875061100368989e-03 5.111912470489937514e-03 1.420854811629484364e-03 3.792694758777435515e-03 1.214261520055705604e-02 5.158290266355696450e-03 2.368091352715807202e-03 4.733409182891277697e-03 4.758719141565322629e-03 9.437596195074309923e-04 1.749526884936673798e-03 1.900079289582460055e-03 4.798559683907353368e-04
9.472365410863230542e-04 1.894473082172646108e-03 2.605247020578102361e-03 2.911360120935245314e-03 7.722430198689834296e-03 6.773499015444009452e-03 2.841709623258968729e-03 7.588371490879415246e-03 1.878918829772813562e-02 7.139483288875248662e-03 2.488000110467413623e-03 7.630094983287353042e-03 7.855630496118837583e-03 1.420854811629484364e-03 1.420854811629484364e-03 3.315327893802130690e-03 2.368091352715807202e-03
9.472365410863230542e-04 4.736182705431615271e-04 2.368091352715807202e-03 9.472365410863230542e-04 3.452919033579344207e-03 4.741128365044399058e-03 1.172024562076058899e-03 6.278091918940709518e-03 1.394540928091354999e-02 3.324924180121814968e-03 1.420854811629484364e-03 2.913258481298571477e-03 1.846861414243784879e-03 0.000000000000000000e+00 0.000000000000000000e+00 0.000000000000000000e+00 4.736182705431615271e-04
0.000000000000000000e+00 0.000000000000000000e+00 0.000000000000000000e+00 0.000000000000000000e+00 0.000000000000000000e+00 0.000000000000000000e+00 0.000000000000000000e+00 0.000000000000000000e+00 0.000000000000000000e+00 0.000000000000000000e+00 0.000000000000000000e+00 0.000000000000000000e+00 0.000000000000000000e+00 0.000000000000000000e+00 0.000000000000000000e+00 0.000000000000000000e+00 0.000000000000000000e+00
9.472365410863230542e-04 3.502414763141266027e-03 9.472365410863230542e-04 4.736182705431615271e-04 4.443969779756013101e-03 4.133432022224826398e-03 1.325038393720998466e-03 4.430928552701507601e-03 1.266315749445950586e-02 4.736182705431614404e-03 1.631128709859244004e-03 2.362409828244231656e-03 1.874299787456489615e-03 0.000000000000000000e+00 0.000000000000000000e+00 0.000000000000000000e+00 9.472365410863230542e-04
9.472365410863230542e-04 5.574698674422233664e-03 1.914935957480685437e-03 1.441317686937523910e-03 9.627859684146217872e-03 9.663852237677293330e-03 2.362690479631179580e-03 5.718588820597109504e-03 1.950447653776605020e-02 7.587855302339819967e-03 1.161230364146265299e-03 3.817591963607266849e-03 6.582094390175411217e-03 1.884078758367410721e-03 0.000000000000000000e+00 2.368091352715807202e-03 1.894473082172646108e-03
2.592377809080773175e-03 7.786652870769752988e-03 1.894473082172646108e-03 2.049967355455633005e-03 7.846378476780019318e-03 5.209800975974776364e-03 1.962512180855179381e-03 4.709738872105813552e-03 1.166202703031207766e-02 7.411710378260054528e-03 8.741191709442971535e-04 1.429941756971396917e-03 4.141460049610948616e-03 1.420854811629484364e-03 4.736182705431615271e-04 9.563234864282353902e-04 1.420854811629484364e-03
4.284238107628488695e-03 8.853770433586276647e-03 3.956890943429357439e-03 4.270932506683137141e-03 7.975639668185607184e-03 6.693906428400999906e-03 1.864094365529055542e-03 5.251160528014347031e-03 1.134998217631123622e-02 7.225631661126753758e-03 2.436130451398340908e-03 5.061749101828242822e-03 5.581873715160497011e-03 2.841709623258968729e-03 4.736182705431615271e-04 1.923118881434621608e-03 3.185136563182713008e-03
3.644606674562277451e-03 6.468697011541828940e-03 5.721709088816958298e-03 5.997168073967013707e-03 1.056435636231708303e-02 8.935663459332209360e-03 9.472365410863230542e-04 3.315327893802130690e-03 9.101821523817945139e-03 4.469301245034675019e-03 2.554170069849107973e-03 5.784825594459331970e-03 6.757463245154032502e-03 1.344017516657275641e-03 1.047818935674490852e-03 3.347196734446922315e-03 3.315327893802130690e-03
5.839781924578820241e-03 8.540643696946449009e-03 6.099448561111157040e-03 9.034428520681625149e-03 1.291864283223682040e-02 6.815375838105623349e-03 9.472365410863230542e-04 4.031656805169139476e-03 4.046662444311651188e-03 2.841709623258968729e-03 3.315327893802130690e-03 4.753345511822212183e-03 5.256814997503484604e-03 2.291254057743598912e-03 9.472365410863230542e-04 1.923118881434621608e-03 2.368091352715807202e-03
5.045323897874103188e-03 1.030747409412504506e-02 8.179164713611335874e-03 7.104274058147422473e-03 9.846783464548425346e-03 7.465764470866076766e-03 9.472365410863230542e-04 1.900533148313481979e-03 3.395011180493247380e-03 1.840623716396211015e-03 2.374151418856643506e-03 2.473182784912356016e-03 2.368091352715807202e-03 4.736182705431615271e-04 8.933871753098880696e-04 1.420854811629484364e-03 1.420854811629484364e-03
6.649890745421852163e-03 9.760001563163589466e-03 6.189483399380792290e-03 7.085749204013399617e-03 9.491600368680821326e-03 6.157037517061099419e-03 2.368091352715807202e-03 5.702654204335529976e-03 5.754968104557540640e-03 9.472365410863230542e-04 1.894473082172646108e-03 2.841709623258968729e-03 2.264485507144754252e-03 9.472365410863230542e-04 1.420854811629484364e-03 2.379194092965568243e-03 1.894473082172646108e-03
