2.411820278369461446e-03 2.616545353077827461e-03 2.083892039042340057e-03 1.205910139184730723e-03 4.823640556738923542e-04 5.314831658237370322e-04 7.235460835108384770e-04 2.008014400862844894e-03 4.819999798680238423e-03 3.654982998875906230e-03 2.885524605749499160e-03 3.143631568419822525e-03 3.500775756426728353e-03 1.932436676700362678e-03 2.653002306206407677e-03 2.556797792738879291e-03 2.165179005295242258e-03
1.688274194858623185e-03 2.170638250532515214e-03 2.653002306206407677e-03 2.541543512412151613e-03 1.773250756214834979e-03 1.532068728377888748e-03 1.692431864412065464e-03 2.668676399033657280e-03 4.464381043489665767e-03 4.116342427628884824e-03 3.209002780640633594e-03 3.056271278905709019e-03 2.022864295371064932e-03 1.933720709888492708e-03 3.108726054223478162e-03 1.932408476204871585e-03 2.012929254766550845e-03
1.212770364151689656e-03 1.936316447662527916e-03 2.020018999359843737e-03 2.502383055033735766e-03 2.490621693938600313e-03 2.649976328602241405e-03 2.810339464636417255e-03 5.044329761388409959e-03 8.307459964223710969e-03 5.964802949921894568e-03 4.671055608967833971e-03 3.417992998716780188e-03 2.659080360074658755e-03 1.935534276563820278e-03 2.645856270446882586e-03 1.486437095000699539e-03 1.439946131262151647e-03
1.453952391988635887e-03 1.936316447662527916e-03 2.170638250532515214e-03 2.270376561335595358e-03 1.557924883561321357e-03 2.411820278369461446e-03 2.277747913516135671e-03 4.994907464182311331e-03 8.881973946387266769e-03 7.252929852395002645e-03 5.929331669325877199e-03 5.797387604412274770e-03 4.918207043345087029e-03 3.385606897590290928e-03 2.900262387911604987e-03 2.981771331221844037e-03 3.184985461693761767e-03
1.262709847180087681e-03 1.508714843239569725e-03 2.661571403535526337e-03 2.916021094394398959e-03 3.262087943589635566e-03 4.121931233579129682e-03 4.924011695540356053e-03 6.042466184274468757e-03 1.185847844299382954e-02 8.039586273623363158e-03 7.223726588407038997e-03 6.361759692073844230e-03 6.223004564156297061e-03 4.588216462079725173e-03 4.582340997788041277e-03 4.949469086229838118e-03 4.499273171172431945e-03
7.017876133389197406e-04 1.412066033827832478e-03 1.894430089501724507e-03 2.705531936952800236e-03 3.541399267299831337e-03 5.391176151446766714e-03 6.966781855929049007e-03 8.524783770791731843e-03 1.323726076957246894e-02 8.487238124871968048e-03 6.825673400002461692e-03 5.583592943969943080e-03 3.802019398813150271e-03 2.182638678485610342e-03 2.208598329829482287e-03 3.276506362315591368e-03 2.414325340381319202e-03
2.411820278369461771e-04 4.823640556738923542e-04 7.304063084777973015e-04 1.936316447662527916e-03 2.303715083555654599e-03 4.431839277729305616e-03 5.687320065615645778e-03 8.547794503307819952e-03 1.483511957820757461e-02 1.010643722336503937e-02 6.688847773633084179e-03 3.879093997177854736e-03 2.899709448287033243e-03 1.929456222695569417e-03 1.003805180482204894e-03 2.170638250532515214e-03 1.688274194858623185e-03
3.266509049420232244e-04 1.291379016289807878e-03 1.291379016289807878e-03 1.929456222695569417e-03 2.411820278369461446e-03 3.135366361880300139e-03 5.306004612412815354e-03 7.361445350140900096e-03 1.263600534485418043e-02 9.454837755868760601e-03 6.335665789132948096e-03 4.134343619853420720e-03 2.824410213998266011e-03 1.447092167021676954e-03 6.367998720206631026e-04 4.823640556738923542e-04 4.823640556738923542e-04
0.000000000000000000e+00 0.000000000000000000e+00 0.000000000000000000e+00 0.000000000000000000e+00 0.000000000000000000e+00 0.000000000000000000e+00 0.000000000000000000e+00 0.000000000000000000e+00 0.000000000000000000e+00 0.000000000000000000e+00 0.000000000000000000e+00 0.000000000000000000e+00 0.000000000000000000e+00 0.000000000000000000e+00 0.000000000000000000e+00 0.000000000000000000e+00 0.000000000000000000e+00
2.411820278369461771e-04 0.000000000000000000e+00 0.000000000000000000e+00 4.040916556795963151e-04 9.647281113477847083e-04 1.772625644533997900e-03 2.948818837323798590e-03 3.952624017806004135e-03 9.354168377436751503e-03 4.857719412015652424e-03 4.258277173166892700e-03 1.869093294664374121e-03 9.093788917605231384e-04 4.823640556738923542e-04 2.411820278369461771e-04 0.000000000000000000e+00 0.000000000000000000e+00
1.145072273096788690e-03 2.411820278369461771e-04 1.080097204173061185e-03 9.647281113477847083e-04 1.205910139184730723e-03 3.183804814313083691e-03 4.582458528901977093e-03 5.115250145376618734e-03 9.460189740531730479e-03 4.834091179279752931e-03 3.855909529861421912e-03 1.929456222695569417e-03 1.202884161580564017e-03 7.235460835108384770e-04 2.411820278369461771e-04 0.000000000000000000e+00 0.000000000000000000e+00
4.272970552188120816e-03 2.723307447218000377e-03 2.351822001177219720e-03 2.015401107898297500e-03 3.186277962537177513e-03 4.507557194547184495e-03 5.115734185232746062e-03 6.608182851466467417e-03 1.089706105356285683e-02 6.538371610828461883e-03 5.073512323297434470e-03 3.467833382804502533e-03 2.662515968996401628e-03 1.301922811649873024e-03 1.447092167021676954e-03 1.205910139184730723e-03 1.377857647067305897e-03
4.685029466850420578e-03 4.582458528901977093e-03 4.202665411176528983e-03 2.170638250532515214e-03 2.653002306206407677e-03 2.797723785422137274e-03 4.375475569087054588e-03 4.852941937873734776e-03 8.139755904228405947e-03 4.911762127652325415e-03 3.894134192459978560e-03 1.941068097002267550e-03 2.281899370241471589e-03 8.216569674926853944e-04 2.432802393536509554e-04 7.627339037758259100e-04 9.647281113477847083e-04
6.337366668870777868e-03 4.823640556738922891e-03 6.511914751597546076e-03 2.174760189629446235e-03 2.414668022154775433e-03 2.455795741229731873e-03 3.714783751608266658e-03 3.537274556359715650e-03 6.051201357645002998e-03 3.870861366916640480e-03 4.147406211260344470e-03 3.644812838045947186e-03 3.425586919991030835e-03 1.941405144221071064e-03 1.205913084686711283e-03 7.720925722948017650e-04 7.235460835108384770e-04
8.513284715207814282e-03 8.025640863729401053e-03 7.717824890782277666e-03 6.722945366632209103e-03 5.559839781516806578e-03 4.597259518237115788e-03 5.130028825367153114e-03 4.838799127202355818e-03 4.610126073269997689e-03 3.376548389717246371e-03 1.608397552738795614e-03 2.653002306206407677e-03 2.894184334043353908e-03 1.688274194858623185e-03 1.259197193625420695e-03 1.205910139184730723e-03 8.678227088254012334e-04
9.888463141314793314e-03 1.109437328049952577e-02 9.158028865765624471e-03 9.579470736884613744e-03 1.013697664418045617e-02 7.129879097485671870e-03 5.425943755927788159e-03 5.445954823223803608e-03 3.741984150542765602e-03 2.521668416191916780e-03 2.110990925953192682e-03 1.929456222695569417e-03 1.992839783417973444e-03 8.848514692279570290e-04 1.205910139184730723e-03 1.269293699907134967e-03 7.235460835108384770e-04
8.910207786355409457e-03 1.170759208710787057e-02 1.404942721835834157e-02 1.349422000423639370e-02 1.162899878983202420e-02 1.164674012649675322e-02 8.064268360690711110e-03 5.407430615961978868e-03 4.814878173291389785e-03 2.432049595909966267e-03 2.190867568073020036e-03 1.407721366098196479e-03 1.491334244361105545e-03 1.453822094547125568e-03 1.212640066710179336e-03 8.155589055274101900e-04 2.698112891311137541e-04
