3.116289903375712728e-03 4.155053204500950594e-03 7.223576027631718743e-03 3.116289903375712728e-03 3.116289903375712728e-03 5.193816505626187158e-03 4.155053204500950594e-03 4.155053204500950594e-03 0.000000000000000000e+00 0.000000000000000000e+00 1.038763301125237648e-03 2.077526602250475297e-03 2.077526602250475297e-03 2.714284589834217894e-03 0.000000000000000000e+00 3.753047890959455759e-03 5.193816505626187158e-03
2.077526602250475297e-03 3.116289903375712728e-03 3.116289903375712728e-03 1.038763301125237648e-03 1.038763301125237648e-03 1.038763301125237648e-03 3.116289903375712728e-03 3.116289903375712728e-03 0.000000000000000000e+00 1.038763301125237648e-03 1.038763301125237648e-03 2.077526602250475297e-03 2.077526602250475297e-03 4.791811192084693624e-03 0.000000000000000000e+00 2.077526602250475297e-03 4.155053204500950594e-03
1.038763301125237648e-03 2.077526602250475297e-03 3.116289903375712728e-03 2.077526602250475297e-03 3.116289903375712728e-03 6.150555866571879617e-03 3.600707471009688583e-03 2.380978219718258085e-03 0.000000000000000000e+00 2.077526602250475297e-03 2.077526602250475297e-03 3.116289903375712728e-03 4.155053204500950594e-03 4.155053204500950594e-03 4.155053204500950594e-03 3.325355006965744712e-03 4.465800207292251744e-03
0.000000000000000000e+00 0.000000000000000000e+00 1.038763301125237648e-03 1.038763301125237648e-03 3.116289903375712728e-03 3.116289903375712728e-03 2.340516492596214203e-03 2.077526602250475297e-03 0.000000000000000000e+00 2.077526602250475297e-03 3.116289903375712728e-03 3.116289903375712728e-03 6.232579806751425457e-03 8.946864396585643350e-03 2.714284589834217894e-03 4.791811192084693624e-03 3.227880487472680523e-03
3.116289903375712728e-03 0.000000000000000000e+00 1.038763301125237648e-03 1.158152702589089955e-03 2.077526602250475297e-03 5.193816505626187158e-03 4.155053204500950594e-03 2.077526602250475297e-03 0.000000000000000000e+00 5.193816505626187158e-03 7.271343107876662888e-03 7.806423544285966826e-03 9.810052950408643807e-03 9.301540348956575943e-03 3.646540603048886199e-03 4.048545916590380600e-03 5.350741042941277274e-03
1.038763301125237648e-03 0.000000000000000000e+00 1.038763301125237648e-03 3.116289903375712728e-03 3.116289903375712728e-03 2.077526602250475297e-03 2.077526602250475297e-03 2.077526602250475297e-03 0.000000000000000000e+00 4.174668105182906090e-03 6.261143765772837766e-03 9.348869710127136884e-03 1.118484837790155104e-02 7.029795173400600443e-03 4.773389716018566764e-03 3.427036906167014747e-03 4.465800207292251744e-03
0.000000000000000000e+00 1.038763301125237648e-03 2.077526602250475297e-03 2.077526602250475297e-03 1.038763301125237648e-03 1.038763301125237648e-03 0.000000000000000000e+00 1.038763301125237648e-03 0.000000000000000000e+00 6.321884526443721786e-03 5.307740861073368885e-03 8.567532109729313408e-03 8.563812975334603519e-03 4.122570373614920132e-03 3.116289903375712728e-03 1.038763301125237648e-03 1.038763301125237648e-03
0.000000000000000000e+00 0.000000000000000000e+00 0.000000000000000000e+00 0.000000000000000000e+00 1.038763301125237648e-03 3.116289903375712728e-03 2.077526602250475297e-03 2.077526602250475297e-03 0.000000000000000000e+00 6.220734341524941473e-03 4.387859269473480019e-03 3.349095968348242153e-03 3.349095968348242153e-03 2.310332667223004722e-03 2.310332667223004722e-03 2.077526602250475297e-03 0.000000000000000000e+00
0.000000000000000000e+00 0.000000000000000000e+00 0.000000000000000000e+00 0.000000000000000000e+00 0.000000000000000000e+00 0.000000000000000000e+00 0.000000000000000000e+00 0.000000000000000000e+00 0.000000000000000000e+00 0.000000000000000000e+00 0.000000000000000000e+00 0.000000000000000000e+00 0.000000000000000000e+00 0.000000000000000000e+00 0.000000000000000000e+00 0.000000000000000000e+00 0.000000000000000000e+00
2.077526602250475297e-03 4.967256808179849187e-03 2.077526602250475297e-03 1.038763301125237648e-03 3.210138210841015621e-03 1.068906246889838544e-03 0.000000000000000000e+00 0.000000000000000000e+00 0.000000000000000000e+00 2.192674100629526772e-03 2.874741968899650717e-03 1.135249500649583706e-03 1.744819736380847242e-03 2.077526602250475297e-03 1.038763301125237648e-03 1.038763301125237648e-03 1.038763301125237648e-03
3.116289903375712728e-03 2.543268593283881662e-03 1.385115890694792141e-03 2.077526602250475297e-03 2.196916003714327603e-03 3.116289903375712728e-03 2.077526602250475297e-03 0.000000000000000000e+00 0.000000000000000000e+00 3.231437401754764637e-03 1.038763301125237648e-03 1.273202709024663822e-03 1.038763301125237648e-03 1.038763301125237648e-03 1.038763301125237648e-03 2.077526602250475297e-03 0.000000000000000000e+00
5.312716681259817102e-03 5.373744391247021503e-03 3.262970951035513816e-03 4.055137061998008614e-03 9.327403734057205381e-03 6.123943067365261554e-03 1.038763301125237648e-03 0.000000000000000000e+00 0.000000000000000000e+00 3.728624685346524151e-03 2.077526602250475297e-03 1.112660497253037482e-03 1.367203869962641850e-03 2.077526602250475297e-03 2.601916473697223498e-03 1.038763301125237648e-03 3.116289903375712728e-03
8.354200834609786658e-03 1.099217568697505656e-02 5.257066280111284337e-03 4.155053204500950594e-03 8.325738050931818721e-03 3.834464744697145631e-03 0.000000000000000000e+00 1.038763301125237648e-03 0.000000000000000000e+00 4.882535484850814358e-03 2.151423798378274913e-03 5.103302144812967706e-03 5.522257074463592444e-03 7.599783676714066440e-03 4.517693379601287612e-03 3.980492867027386056e-03 6.232579806751425457e-03
1.061316235875601165e-02 9.743540640511208495e-03 6.394403792554358840e-03 5.810251184610404872e-03 7.271343107876662888e-03 2.359754716750894245e-03 1.038763301125237648e-03 1.038763301125237648e-03 0.000000000000000000e+00 4.155053204500950594e-03 1.045953506188078723e-03 1.038763301125237648e-03 4.429473198948982032e-03 5.720429403836378365e-03 5.193816505626187158e-03 5.193816505626187158e-03 5.193816505626187158e-03
1.571313055691689678e-02 7.737767439466736868e-03 5.368078412633689456e-03 1.065062290159811409e-02 8.996035773009773695e-03 5.294345568264029363e-03 3.116289903375712728e-03 2.077526602250475297e-03 0.000000000000000000e+00 1.562103180698357985e-03 1.038763301125237648e-03 3.116289903375712728e-03 4.155053204500950594e-03 3.142998560239057115e-03 4.181761861364294112e-03 4.118912041813787422e-03 4.155053204500950594e-03
2.699755063162204843e-02 1.666504011907279925e-02 1.044584472874817739e-02 1.038763301125237432e-02 7.271343107876662888e-03 2.077526602250475297e-03 0.000000000000000000e+00 1.038763301125237648e-03 0.000000000000000000e+00 3.223890865390169769e-03 2.077526602250475297e-03 5.193816505626187158e-03 7.271343107876662888e-03 4.447829109179201636e-03 3.444730472213117147e-03 7.271343107876662888e-03 5.288534355782744528e-03
3.131534241882148045e-02 2.292427283801777224e-02 1.805636387256202152e-02 1.255900792096815294e-02 1.040356600104149452e-02 5.193816505626187158e-03 2.077526602250475297e-03 2.077526602250475297e-03 0.000000000000000000e+00 2.269069809704178133e-03 3.116289903375712728e-03 2.460816867741946658e-03 3.300195537010524715e-03 2.460816867741946658e-03 4.693082994613711166e-03 8.635450312875181736e-03 7.096782770403097483e-03
