6.689584205713381380e-03 3.039180347992136242e-03 3.650403857721246873e-03 4.558770521988203712e-03 1.519590173996068121e-03 6.078360695984272484e-03 3.039180347992136242e-03 4.558770521988203712e-03 7.597950869980339521e-03 6.078360695984272484e-03 4.558770521988203712e-03 6.078360695984272484e-03 7.597950869980339521e-03 6.075834984223268433e-03 9.140137631005455787e-03 4.581367109017252075e-03 4.557685294185554077e-03
3.039180347992136242e-03 3.039180347992136242e-03 3.039180347992136242e-03 1.519590173996068121e-03 1.519590173996068121e-03 3.039180347992136242e-03 3.039180347992136242e-03 1.071011973372048252e-02 1.545244638151150283e-02 1.526545982591918059e-02 1.367631156596461027e-02 1.369903420167516844e-02 1.521862437567123721e-02 4.558770521988203712e-03 4.558770521988203712e-03 9.140137631005455787e-03 6.271095397057353978e-03
1.519590173996068121e-03 1.519590173996068121e-03 0.000000000000000000e+00 1.519590173996068121e-03 0.000000000000000000e+00 4.558770521988203712e-03 2.991981413763150372e-03 7.730934964037274558e-03 1.832531376474230006e-02 1.677993400922721257e-02 1.215672139196854497e-02 1.367631156596461027e-02 1.207015664642289640e-02 6.078360695984272484e-03 4.558770521988203712e-03 6.279362150710732227e-03 5.445778418249011023e-03
0.000000000000000000e+00 0.000000000000000000e+00 3.039180347992136242e-03 1.519590173996068121e-03 1.519590173996068121e-03 6.078360695984272484e-03 1.210952245773955736e-02 6.142802791254734635e-03 1.825232524899429373e-02 1.829952418322327787e-02 1.367631156596461027e-02 1.367631156596461027e-02 7.597950869980339521e-03 6.075834984223268433e-03 6.078360695984272484e-03 2.194942755731163053e-03 1.519590173996068121e-03
0.000000000000000000e+00 1.519590173996068121e-03 1.519590173996068121e-03 1.519590173996068121e-03 3.039180347992136242e-03 4.558770521988203712e-03 7.488663488724136251e-03 3.039180347992136242e-03 1.599451878957844353e-02 1.367631156596461027e-02 1.058993228374349033e-02 7.597950869980339521e-03 4.581493157698760151e-03 3.039180347992136242e-03 3.039180347992136242e-03 1.519590173996068121e-03 0.000000000000000000e+00
0.000000000000000000e+00 0.000000000000000000e+00 0.000000000000000000e+00 1.519590173996068121e-03 1.519590173996068121e-03 1.519590173996068121e-03 1.519590173996068121e-03 1.519590173996068121e-03 1.063713121797247620e-02 1.070611644687508718e-02 7.488663488724136251e-03 4.558770521988203712e-03 5.316995972728290852e-03 0.000000000000000000e+00 0.000000000000000000e+00 0.000000000000000000e+00 0.000000000000000000e+00
0.000000000000000000e+00 0.000000000000000000e+00 0.000000000000000000e+00 0.000000000000000000e+00 0.000000000000000000e+00 1.519590173996068121e-03 3.039180347992136242e-03 4.558770521988203712e-03 1.215672139196854497e-02 7.597950869980339521e-03 3.039180347992136242e-03 4.558770521988203712e-03 1.519590173996068121e-03 0.000000000000000000e+00 0.000000000000000000e+00 0.000000000000000000e+00 0.000000000000000000e+00
0.000000000000000000e+00 0.000000000000000000e+00 0.000000000000000000e+00 0.000000000000000000e+00 0.000000000000000000e+00 0.000000000000000000e+00 0.000000000000000000e+00 0.000000000000000000e+00 3.039180347992136242e-03 0.000000000000000000e+00 0.000000000000000000e+00 0.000000000000000000e+00 1.519590173996068121e-03 0.000000000000000000e+00 0.000000000000000000e+00 0.000000000000000000e+00 0.000000000000000000e+00
0.000000000000000000e+00 0.000000000000000000e+00 0.000000000000000000e+00 0.000000000000000000e+00 0.000000000000000000e+00 0.000000000000000000e+00 0.000000000000000000e+00 0.000000000000000000e+00 0.000000000000000000e+00 0.000000000000000000e+00 0.000000000000000000e+00 0.000000000000000000e+00 0.000000000000000000e+00 0.000000000000000000e+00 0.000000000000000000e+00 0.000000000000000000e+00 0.000000000000000000e+00
0.000000000000000000e+00 0.000000000000000000e+00 0.000000000000000000e+00 0.000000000000000000e+00 0.000000000000000000e+00 0.000000000000000000e+00 0.000000000000000000e+00 0.000000000000000000e+00 3.039180347992136242e-03 1.519590173996068121e-03 3.039180347992136242e-03 1.519590173996068121e-03 0.000000000000000000e+00 0.000000000000000000e+00 0.000000000000000000e+00 0.000000000000000000e+00 0.000000000000000000e+00
0.000000000000000000e+00 0.000000000000000000e+00 0.000000000000000000e+00 0.000000000000000000e+00 0.000000000000000000e+00 0.000000000000000000e+00 1.519590173996068121e-03 0.000000000000000000e+00 9.117541043976407425e-03 6.078360695984272484e-03 3.039180347992136242e-03 1.519590173996068121e-03 0.000000000000000000e+00 0.000000000000000000e+00 0.000000000000000000e+00 0.000000000000000000e+00 0.000000000000000000e+00
3.039180347992136242e-03 1.519590173996068121e-03 1.519590173996068121e-03 1.519590173996068121e-03 0.000000000000000000e+00 1.519590173996068121e-03 3.039180347992136242e-03 3.039180347992136242e-03 1.215672139196854497e-02 6.078360695984272484e-03 1.519590173996068121e-03 0.000000000000000000e+00 1.519590173996068121e-03 0.000000000000000000e+00 0.000000000000000000e+00 0.000000000000000000e+00 0.000000000000000000e+00
4.558770521988203712e-03 6.078360695984272484e-03 3.039180347992136242e-03 3.039180347992136242e-03 3.039180347992136242e-03 1.519590173996068121e-03 3.039180347992136242e-03 2.809925125501161122e-03 4.558770521988203712e-03 6.078360695984272484e-03 0.000000000000000000e+00 4.558770521988203712e-03 6.078360695984272484e-03 1.519590173996068121e-03 1.519590173996068121e-03 1.519590173996068121e-03 0.000000000000000000e+00
1.519590173996068121e-03 4.558770521988203712e-03 3.368645356365855634e-03 1.519590173996068121e-03 1.519590173996068121e-03 1.519590173996068121e-03 1.519590173996068121e-03 3.039180347992136242e-03 7.597950869980339521e-03 4.558770521988203712e-03 3.039180347992136242e-03 4.558770521988203712e-03 9.117541043976407425e-03 4.818319415792056762e-03 1.519590173996068121e-03 1.519590173996068121e-03 1.519590173996068121e-03
7.597950869980339521e-03 6.078360695984272484e-03 4.558770521988203712e-03 3.039180347992136242e-03 3.039180347992136242e-03 1.519590173996068121e-03 4.558770521988203712e-03 6.078360695984272484e-03 1.215419568020754092e-02 6.078360695984272484e-03 4.558770521988203712e-03 4.558770521988203712e-03 7.597950869980339521e-03 3.039180347992136242e-03 0.000000000000000000e+00 1.519590173996068121e-03 1.519590173996068121e-03
3.039180347992136242e-03 3.039180347992136242e-03 3.039180347992136242e-03 3.039180347992136242e-03 3.039180347992136242e-03 4.558770521988203712e-03 4.558770521988203712e-03 5.169994031717314344e-03 1.732671542368585671e-02 5.169994031717314344e-03 1.063460550621147215e-02 6.078360695984272484e-03 6.078360695984272484e-03 3.039180347992136242e-03 0.000000000000000000e+00 2.015318368003146503e-03 1.519590173996068121e-03
3.039180347992136242e-03 1.519590173996068121e-03 0.000000000000000000e+00 0.000000000000000000e+00 1.519590173996068121e-03 1.571346609860783559e-03 3.090936783856851246e-03 7.990263997754692288e-03 1.063713121797247620e-02 3.650403857721246873e-03 6.194079212336404440e-03 3.039180347992136242e-03 0.000000000000000000e+00 0.000000000000000000e+00 0.000000000000000000e+00 1.519590173996068121e-03 0.000000000000000000e+00
