2.205856823601552805e-03 1.910175399368604010e-03 1.054149220228625151e-03 1.058872910492229986e-03 1.306000681465965775e-03 5.224002725863863099e-04 0.000000000000000000e+00 2.612001362931931549e-04 0.000000000000000000e+00 7.224295975610294310e-04 1.306000681465965775e-03 1.851999107358436166e-03 1.755962444663155923e-03 2.388223096289463030e-03 3.015051369037918209e-03 2.943803336121215107e-03 2.439064132104746749e-03
1.716175258443957546e-03 2.000416955562459975e-03 2.214568433066256992e-03 2.626073728251388916e-03 1.337755446007852546e-03 1.569874364749838372e-03 7.836004088795794648e-04 2.612001362931931549e-04 0.000000000000000000e+00 7.836004088795794648e-04 2.089601090345545240e-03 2.431762900983880892e-03 2.351568294181350782e-03 4.189315300427699090e-03 5.144599584184022904e-03 2.808533227576131761e-03 4.662997952649363363e-03
3.534054278170768444e-04 1.212356666351134147e-03 5.224002725863863099e-04 1.062308777905510496e-03 1.828400954052352085e-03 1.047474092163452062e-03 5.224002725863863099e-04 0.000000000000000000e+00 0.000000000000000000e+00 0.000000000000000000e+00 5.224002725863863099e-04 2.744236527002779790e-04 9.589690498767846141e-04 2.089601090345545240e-03 1.308803864007324763e-03 1.384974838305372789e-03 1.401456444043934577e-03
8.998561421355869222e-04 1.528709693075603476e-03 7.836004088795794648e-04 1.023922990857586111e-03 1.567200817759158930e-03 1.828400954052352085e-03 2.612001362931931549e-04 2.612001362931931549e-04 0.000000000000000000e+00 5.336679706570325457e-04 7.836004088795794648e-04 2.193645351169859394e-03 2.198576989842840768e-03 2.470365260247605558e-03 2.412289519898794341e-03 3.208202595550200143e-03 2.369695113182919855e-03
1.828400954052352085e-03 3.258616116428872823e-03 3.607018513688519269e-03 5.009528448573523883e-03 4.624349842467389074e-03 4.953222902936239846e-03 2.488136383698593898e-03 1.831907110385015604e-03 0.000000000000000000e+00 2.145819262886803237e-03 4.972529783655236894e-03 7.129726973364557650e-03 7.424012766815615144e-03 9.083067642917408771e-03 6.274728478100307857e-03 5.838596766795583343e-03 5.817745264283962804e-03
1.635307743869815044e-03 2.589342445499138567e-03 3.814296326509432778e-03 4.867671972713042555e-03 4.434873958676791364e-03 5.408562985765863473e-03 3.046605440221840291e-03 1.347984555543635388e-03 0.000000000000000000e+00 1.754014645170940898e-03 3.630932848449259544e-03 4.840202685045664338e-03 5.722562689491500834e-03 6.524648366023228299e-03 5.372863367950189706e-03 4.440402316984283851e-03 6.542632468158157688e-03
0.000000000000000000e+00 5.224002725863863099e-04 5.224002725863863099e-04 5.224002725863863099e-04 2.612001362931931549e-04 1.047603727714131608e-03 5.224002725863863099e-04 5.224002725863863099e-04 0.000000000000000000e+00 9.652822537928383399e-04 1.335235942534164369e-03 8.736816929449469325e-04 1.636978454562661688e-03 1.499486054640055245e-03 1.831374564018129055e-03 1.594259356194099820e-03 2.632507257535872478e-03
2.338346488636578943e-03 1.684984606166906648e-03 2.358669525738306492e-03 3.923379822574657103e-03 5.324559264936650285e-03 5.159750748198025511e-03 2.612001362931931549e-03 2.880244441506986039e-03 0.000000000000000000e+00 2.655454979960178343e-03 4.107984895046433958e-03 5.718081374617972786e-03 6.804298205346263721e-03 5.346282875843469742e-03 5.682288927546406618e-03 4.329323513572984859e-03 2.703926709034974989e-03
5.299977951074086660e-03 5.890732950429457444e-03 6.565754547774681552e-03 1.310365939514539398e-02 1.297398456598073541e-02 1.465401998683567991e-02 8.195447687350504440e-03 6.063735713905645322e-03 0.000000000000000000e+00 8.017685933709054608e-03 1.089244408208212521e-02 1.324998713297936836e-02 1.508223907897774350e-02 1.231972305458092082e-02 7.324873059622042520e-03 4.490853647997093863e-03 7.095560648915791649e-03
8.165311151199642833e-03 6.535239981357506521e-03 3.649920288114884021e-03 6.546060558320783949e-03 5.497376010438790456e-03 5.397242910729445863e-03 3.134401635518317859e-03 1.577394807882952568e-03 0.000000000000000000e+00 2.612001362931931549e-03 4.092423088640981255e-03 4.080301254410106417e-03 4.380846143755764976e-03 3.231485162566102593e-03 3.173875788152258782e-03 2.346939487299776628e-03 3.660682130083167934e-03
9.928800164245193613e-03 6.228465509914179327e-03 3.650961238967811127e-03 1.306000681465965775e-03 1.376950409650829800e-03 2.518731282513479372e-03 0.000000000000000000e+00 0.000000000000000000e+00 0.000000000000000000e+00 1.032630415171091175e-03 2.338631096637057167e-03 2.019783737439376312e-03 1.351830686864195991e-03 1.816230824050670640e-03 1.748516060931566956e-03 1.567200817759158930e-03 1.650924652280324166e-03
1.382787032518484859e-02 1.172239521504175180e-02 8.104519795722102057e-03 8.282393154933644780e-03 7.586707905982666318e-03 8.467213371316419795e-03 3.928171918485811112e-03 3.440427852685974588e-03 0.000000000000000000e+00 4.806984476541250294e-03 6.426025555061634816e-03 5.154211984902936673e-03 5.255954974989295210e-03 5.148219385573918165e-03 4.046987665862218815e-03 1.997815945533284922e-03 5.330245503263299038e-03
1.365641199975544708e-02 1.581613731786109256e-02 1.149420879037158123e-02 1.207118178843595048e-02 1.152857626176446298e-02 8.042894141798781135e-03 4.755598338647431048e-03 2.883371373313038059e-03 0.000000000000000000e+00 1.984920050832547633e-03 4.116240175116303579e-03 3.419418858286833122e-03 4.533542842379749936e-03 3.270911858794667802e-03 2.137040783006340528e-03 2.448937025351203764e-03 3.851987607350523465e-03
1.313245268135075985e-02 8.529049372305610305e-03 6.981192472825401875e-03 5.298550705890331392e-03 3.134401635518317859e-03 1.730615364244915281e-03 5.224002725863863099e-04 0.000000000000000000e+00 0.000000000000000000e+00 7.836004088795794648e-04 2.129465516031537036e-03 1.303396642834078354e-03 2.982682792442466202e-04 5.883607567191893829e-04 8.074369941702002913e-04 1.044800545172772620e-03 1.044800545172772620e-03
1.151135948266056135e-02 9.929374684468618428e-03 4.564575191189764077e-03 6.233628612097805340e-03 3.570166427176436636e-03 2.406181693069671824e-03 6.125391658099508911e-04 2.612001362931931549e-04 0.000000000000000000e+00 9.401195056597751220e-04 1.831666783298662501e-03 9.201867937680018776e-04 5.367796212042444349e-04 5.224002725863863099e-04 5.224002725863863099e-04 3.720713350760676097e-04 8.844097545827243846e-04
1.253346189999145210e-02 1.150996586756320751e-02 9.933468793500106753e-03 7.764700539092694344e-03 8.181437658637892227e-03 4.561258132792738937e-03 2.347430974084487292e-03 1.508435915387908730e-03 0.000000000000000000e+00 9.401195056597751220e-04 1.333083597187598732e-03 1.950708009360384212e-03 2.534115700936008433e-03 1.795829481978399337e-03 9.896936085173073296e-04 1.229808392069848362e-03 3.832436527995210750e-03
1.024080450040481399e-02 7.305439489494085399e-03 5.740539307846766540e-03 6.413489869619923463e-03 3.011656956705489278e-03 2.914986646347429624e-03 1.445571418395707932e-03 2.612001362931931549e-04 0.000000000000000000e+00 0.000000000000000000e+00 1.269852594815705287e-03 1.223249785987814585e-03 5.224002725863863099e-04 5.883607567191893829e-04 1.180791508218289980e-03 7.877065780810664107e-04 1.118937193286974070e-03
