6.519150069370847206e-03 4.318275447310132402e-03 0.000000000000000000e+00 6.477413170965198169e-03 6.477413170965198169e-03 0.000000000000000000e+00 2.159137723655066201e-03 4.318275447310132402e-03 0.000000000000000000e+00 2.159137723655066201e-03 2.159137723655066201e-03 4.318275447310132402e-03 2.159137723655066201e-03 6.477413170965198169e-03 4.318275447310132402e-03 0.000000000000000000e+00 4.318275447310132402e-03
8.636550894620264804e-03 6.477413170965198169e-03 2.159137723655066201e-03 6.477413170965198169e-03 4.318275447310132402e-03 2.159137723655066201e-03 6.477413170965198169e-03 3.453538742596577466e-03 0.000000000000000000e+00 6.477413170965198169e-03 6.468283177098465252e-03 4.436865783611670250e-03 2.159137723655066201e-03 6.477413170965198169e-03 6.119897568562502645e-03 6.477413170965198169e-03 6.477413170965198169e-03
6.477413170965198169e-03 4.318275447310132402e-03 6.477413170965198169e-03 0.000000000000000000e+00 4.318275447310132402e-03 2.159137723655066201e-03 6.477413170965198169e-03 4.344040019011277329e-03 0.000000000000000000e+00 6.477413170965198169e-03 1.298268366237926262e-02 9.679753141618391635e-03 6.477413170965198169e-03 4.318275447310132402e-03 2.159137723655066201e-03 4.318275447310132402e-03 4.318275447310132402e-03
2.178422684556461601e-03 2.159137723655066201e-03 2.159137723655066201e-03 0.000000000000000000e+00 0.000000000000000000e+00 0.000000000000000000e+00 2.159137723655066201e-03 2.159137723655066201e-03 0.000000000000000000e+00 6.477413170965198169e-03 4.352397131824915603e-03 4.272007530047165422e-03 2.159137723655066201e-03 2.159137723655066201e-03 2.159137723655066201e-03 0.000000000000000000e+00 2.159137723655066201e-03
0.000000000000000000e+00 0.000000000000000000e+00 2.159137723655066201e-03 2.159137723655066201e-03 2.159137723655066201e-03 2.159137723655066201e-03 6.477413170965198169e-03 5.506883093999800742e-03 0.000000000000000000e+00 4.318275447310132402e-03 8.636550894620264804e-03 8.636550894620264804e-03 2.159137723655066201e-03 0.000000000000000000e+00 2.159137723655066201e-03 4.318275447310132402e-03 4.318275447310132402e-03
2.159137723655066201e-03 0.000000000000000000e+00 0.000000000000000000e+00 0.000000000000000000e+00 2.159137723655066201e-03 6.371619798713355244e-03 8.636550894620264804e-03 2.184902295356210694e-03 0.000000000000000000e+00 8.636550894620264804e-03 1.511396406558546297e-02 3.202339970653193466e-03 5.254633740722731289e-03 0.000000000000000000e+00 0.000000000000000000e+00 0.000000000000000000e+00 2.159137723655066201e-03
2.159137723655066201e-03 0.000000000000000000e+00 2.159137723655066201e-03 6.477413170965198169e-03 0.000000000000000000e+00 2.159137723655066201e-03 6.527365661952740268e-03 2.159137723655066201e-03 0.000000000000000000e+00 4.318275447310132402e-03 8.636550894620264804e-03 3.202339970653193466e-03 5.254633740722731289e-03 2.159137723655066201e-03 0.000000000000000000e+00 4.211431493724602723e-03 2.159137723655066201e-03
2.159137723655066201e-03 4.318275447310132402e-03 4.318275447310132402e-03 4.318275447310132402e-03 0.000000000000000000e+00 0.000000000000000000e+00 4.318275447310132402e-03 2.159137723655066201e-03 0.000000000000000000e+00 6.793062265474751442e-03 8.952199989129818944e-03 4.633924541819686542e-03 2.474786818164620775e-03 2.159137723655066201e-03 0.000000000000000000e+00 0.000000000000000000e+00 2.159137723655066201e-03
0.000000000000000000e+00 0.000000000000000000e+00 0.000000000000000000e+00 0.000000000000000000e+00 0.000000000000000000e+00 0.000000000000000000e+00 0.000000000000000000e+00 0.000000000000000000e+00 0.000000000000000000e+00 0.000000000000000000e+00 0.000000000000000000e+00 0.000000000000000000e+00 0.000000000000000000e+00 0.000000000000000000e+00 0.000000000000000000e+00 0.000000000000000000e+00 0.000000000000000000e+00
2.159137723655066201e-03 2.159137723655066201e-03 0.000000000000000000e+00 2.159137723655066201e-03 0.000000000000000000e+00 2.159137723655066201e-03 6.477413170965198169e-03 8.636550894620264804e-03 0.000000000000000000e+00 0.000000000000000000e+00 4.318275447310132402e-03 2.159137723655066201e-03 0.000000000000000000e+00 0.000000000000000000e+00 0.000000000000000000e+00 0.000000000000000000e+00 0.000000000000000000e+00
8.636550894620264804e-03 6.477413170965198169e-03 2.159137723655066201e-03 0.000000000000000000e+00 0.000000000000000000e+00 6.477413170965198169e-03 1.079568861827532970e-02 4.318275447310132402e-03 0.000000000000000000e+00 0.000000000000000000e+00 2.159137723655066201e-03 0.000000000000000000e+00 4.318275447310132402e-03 4.318275447310132402e-03 0.000000000000000000e+00 0.000000000000000000e+00 0.000000000000000000e+00
1.295482634193039634e-02 6.477413170965198169e-03 2.159137723655066201e-03 6.477413170965198169e-03 2.159137723655066201e-03 0.000000000000000000e+00 7.599520642799545596e-03 4.318275447310132402e-03 0.000000000000000000e+00 2.159137723655066201e-03 2.159137723655066201e-03 4.318275447310132402e-03 8.636550894620264804e-03 2.159137723655066201e-03 0.000000000000000000e+00 4.318275447310132402e-03 2.159137723655066201e-03
2.159137723655066201e-03 2.159137723655066201e-03 0.000000000000000000e+00 2.159137723655066201e-03 2.159137723655066201e-03 8.636550894620264804e-03 8.668819272696104763e-03 2.159137723655066201e-03 0.000000000000000000e+00 2.159137723655066201e-03 8.636550894620264804e-03 8.772790474517970852e-03 8.636550894620264804e-03 2.159137723655066201e-03 2.159137723655066201e-03 2.159137723655066201e-03 0.000000000000000000e+00
4.318275447310132402e-03 2.159137723655066201e-03 4.318275447310132402e-03 6.509681549041038996e-03 6.477413170965198169e-03 7.105939396232417889e-03 1.082795699635117140e-02 2.159137723655066201e-03 0.000000000000000000e+00 4.318275447310132402e-03 1.079568861827532970e-02 1.295482634193039634e-02 6.477413170965198169e-03 6.477413170965198169e-03 4.318275447310132402e-03 2.159137723655066201e-03 0.000000000000000000e+00
4.318275447310132402e-03 2.159137723655066201e-03 6.477413170965198169e-03 1.142421484354255376e-02 6.477413170965198169e-03 9.265077119887483656e-03 4.318275447310132402e-03 0.000000000000000000e+00 0.000000000000000000e+00 2.159137723655066201e-03 2.159137723655066201e-03 1.206432506551569604e-02 6.418191151600617650e-03 4.318275447310132402e-03 9.905187341860629407e-03 8.636550894620264804e-03 4.318275447310132402e-03
2.159137723655066201e-03 2.159137723655066201e-03 2.159137723655066201e-03 2.159137723655066201e-03 2.159137723655066201e-03 9.265077119887485391e-03 8.636550894620264804e-03 0.000000000000000000e+00 0.000000000000000000e+00 2.159137723655066201e-03 2.159137723655066201e-03 7.771814189906709434e-03 4.259053427945551015e-03 6.477413170965198169e-03 7.771814189906709434e-03 2.159137723655066201e-03 0.000000000000000000e+00
2.159137723655066201e-03 2.159137723655066201e-03 6.477114014364135711e-03 4.317976290709069076e-03 1.485248426561580105e-02 1.079568861827532970e-02 6.477413170965198169e-03 2.159137723655066201e-03 0.000000000000000000e+00 2.385762180756023469e-03 6.594374121900299819e-03 2.301863246291311043e-03 0.000000000000000000e+00 2.159137723655066201e-03 4.344040019011277329e-03 0.000000000000000000e+00 2.159137723655066201e-03
