2.580564206168361671e-02 5.161128412336723863e-03 1.032225682467344773e-02 1.032225682467344773e-02 5.161128412336723863e-03 0.000000000000000000e+00 0.000000000000000000e+00 0.000000000000000000e+00 0.000000000000000000e+00 0.000000000000000000e+00 0.000000000000000000e+00 0.000000000000000000e+00 5.161128412336723863e-03 0.000000000000000000e+00 0.000000000000000000e+00 0.000000000000000000e+00 5.161128412336723863e-03
1.937197532399320341e-02 5.161128412336723863e-03 5.161128412336723863e-03 1.548338523701017072e-02 1.548338523701017072e-02 5.161128412336723863e-03 0.000000000000000000e+00 0.000000000000000000e+00 0.000000000000000000e+00 0.000000000000000000e+00 0.000000000000000000e+00 5.161128412336723863e-03 9.302410803311636500e-03 1.026269639033094636e-02 1.542382480266767109e-02 1.032225682467344773e-02 5.161128412336723863e-03
2.453310373632992467e-02 5.161128412336723863e-03 0.000000000000000000e+00 5.161128412336723863e-03 1.032225682467344773e-02 5.161128412336723863e-03 0.000000000000000000e+00 0.000000000000000000e+00 0.000000000000000000e+00 1.032225682467344773e-02 1.043939735442463851e-02 2.580564206168361671e-02 2.351325771496812211e-02 1.542382480266767109e-02 2.478579604032180722e-02 1.026269639033094636e-02 2.064451364934689545e-02
1.032225682467344773e-02 0.000000000000000000e+00 0.000000000000000000e+00 5.161128412336723863e-03 5.161128412336723863e-03 5.161128412336723863e-03 0.000000000000000000e+00 0.000000000000000000e+00 0.000000000000000000e+00 1.548338523701017072e-02 1.548338523701017072e-02 2.061182020076639254e-02 5.351772250491667639e-03 5.161128412336723863e-03 1.032225682467344773e-02 0.000000000000000000e+00 1.032225682467344773e-02
5.161128412336723863e-03 0.000000000000000000e+00 0.000000000000000000e+00 5.161128412336723863e-03 1.032225682467344773e-02 5.161128412336723863e-03 0.000000000000000000e+00 0.000000000000000000e+00 0.000000000000000000e+00 5.161128412336723863e-03 0.000000000000000000e+00 0.000000000000000000e+00 5.161128412336723863e-03 0.000000000000000000e+00 0.000000000000000000e+00 0.000000000000000000e+00 0.000000000000000000e+00
5.161128412336723863e-03 0.000000000000000000e+00 0.000000000000000000e+00 0.000000000000000000e+00 5.161128412336723863e-03 5.161128412336723863e-03 0.000000000000000000e+00 0.000000000000000000e+00 0.000000000000000000e+00 1.032225682467344773e-02 0.000000000000000000e+00 1.032225682467344773e-02 2.580564206168361671e-02 1.548338523701017072e-02 0.000000000000000000e+00 1.488064372609434680e-02 2.580564206168361671e-02
0.000000000000000000e+00 0.000000000000000000e+00 0.000000000000000000e+00 0.000000000000000000e+00 0.000000000000000000e+00 0.000000000000000000e+00 0.000000000000000000e+00 0.000000000000000000e+00 0.000000000000000000e+00 0.000000000000000000e+00 0.000000000000000000e+00 0.000000000000000000e+00 5.161128412336723863e-03 0.000000000000000000e+00 0.000000000000000000e+00 1.032225682467344773e-02 5.161128412336723863e-03
0.000000000000000000e+00 0.000000000000000000e+00 0.000000000000000000e+00 0.000000000000000000e+00 0.000000000000000000e+00 0.000000000000000000e+00 0.000000000000000000e+00 0.000000000000000000e+00 0.000000000000000000e+00 0.000000000000000000e+00 0.000000000000000000e+00 0.000000000000000000e+00 0.000000000000000000e+00 0.000000000000000000e+00 0.000000000000000000e+00 0.000000000000000000e+00 0.000000000000000000e+00
0.000000000000000000e+00 0.000000000000000000e+00 0.000000000000000000e+00 0.000000000000000000e+00 0.000000000000000000e+00 0.000000000000000000e+00 0.000000000000000000e+00 0.000000000000000000e+00 0.000000000000000000e+00 0.000000000000000000e+00 0.000000000000000000e+00 0.000000000000000000e+00 0.000000000000000000e+00 0.000000000000000000e+00 0.000000000000000000e+00 0.000000000000000000e+00 0.000000000000000000e+00
0.000000000000000000e+00 0.000000000000000000e+00 0.000000000000000000e+00 0.000000000000000000e+00 0.000000000000000000e+00 0.000000000000000000e+00 0.000000000000000000e+00 0.000000000000000000e+00 0.000000000000000000e+00 0.000000000000000000e+00 0.000000000000000000e+00 0.000000000000000000e+00 0.000000000000000000e+00 0.000000000000000000e+00 0.000000000000000000e+00 0.000000000000000000e+00 0.000000000000000000e+00
0.000000000000000000e+00 0.000000000000000000e+00 0.000000000000000000e+00 0.000000000000000000e+00 5.161128412336723863e-03 5.161128412336723863e-03 0.000000000000000000e+00 5.161128412336723863e-03 0.000000000000000000e+00 0.000000000000000000e+00 0.000000000000000000e+00 0.000000000000000000e+00 0.000000000000000000e+00 0.000000000000000000e+00 0.000000000000000000e+00 0.000000000000000000e+00 0.000000000000000000e+00
0.000000000000000000e+00 0.000000000000000000e+00 0.000000000000000000e+00 5.161128412336723863e-03 1.032225682467344773e-02 5.161128412336723863e-03 5.161128412336723863e-03 5.161128412336723863e-03 0.000000000000000000e+00 5.161128412336723863e-03 0.000000000000000000e+00 0.000000000000000000e+00 5.161128412336723863e-03 0.000000000000000000e+00 0.000000000000000000e+00 0.000000000000000000e+00 5.161128412336723863e-03
0.000000000000000000e+00 1.032225682467344773e-02 0.000000000000000000e+00 0.000000000000000000e+00 5.161128412336723863e-03 1.032225682467344773e-02 0.000000000000000000e+00 0.000000000000000000e+00 0.000000000000000000e+00 0.000000000000000000e+00 0.000000000000000000e+00 5.161128412336723863e-03 5.161128412336723863e-03 0.000000000000000000e+00 0.000000000000000000e+00 0.000000000000000000e+00 0.000000000000000000e+00
5.161128412336723863e-03 5.674243279003767827e-03 0.000000000000000000e+00 5.161128412336723863e-03 1.032225682467344773e-02 5.161128412336723863e-03 0.000000000000000000e+00 0.000000000000000000e+00 0.000000000000000000e+00 0.000000000000000000e+00 0.000000000000000000e+00 5.161128412336723863e-03 5.161128412336723863e-03 0.000000000000000000e+00 0.000000000000000000e+00 5.161128412336723863e-03 5.161128412336723863e-03
5.161128412336723863e-03 5.674243279003767827e-03 0.000000000000000000e+00 0.000000000000000000e+00 0.000000000000000000e+00 0.000000000000000000e+00 0.000000000000000000e+00 0.000000000000000000e+00 0.000000000000000000e+00 0.000000000000000000e+00 0.000000000000000000e+00 0.000000000000000000e+00 0.000000000000000000e+00 0.000000000000000000e+00 0.000000000000000000e+00 5.161128412336723863e-03 0.000000000000000000e+00
1.032225682467344773e-02 1.548338523701017072e-02 5.161128412336723863e-03 5.161128412336723863e-03 5.161128412336723863e-03 1.032225682467344773e-02 0.000000000000000000e+00 0.000000000000000000e+00 0.000000000000000000e+00 0.000000000000000000e+00 0.000000000000000000e+00 5.161128412336723863e-03 5.161128412336723863e-03 5.161128412336723863e-03 5.161128412336723863e-03 1.548338523701017072e-02 5.161128412336723863e-03
5.161128412336723863e-03 1.032225682467344773e-02 1.709012069758899383e-02 1.192899228525226910e-02 6.767863872915545233e-03 0.000000000000000000e+00 0.000000000000000000e+00 0.000000000000000000e+00 0.000000000000000000e+00 0.000000000000000000e+00 0.000000000000000000e+00 5.498825673048911462e-03 5.161128412336723863e-03 0.000000000000000000e+00 0.000000000000000000e+00 5.161128412336723863e-03 1.032225682467344773e-02
