3.719775355055019057e-03 4.595521105500035772e-03 7.005966003560131113e-03 5.297568086501870666e-03 7.005966003560131113e-03 4.378728752225080970e-03 3.502983001780065556e-03 0.000000000000000000e+00 0.000000000000000000e+00 4.378728752225080970e-03 7.881711754005146092e-03 1.055418902248032691e-02 9.678443272035311060e-03 1.319060977334882492e-02 1.079293908178332109e-02 1.116259259166396157e-02 1.054289328543448444e-02
1.968283854164986496e-03 2.844029604610003210e-03 4.378728752225080970e-03 4.378728752225080970e-03 6.130220253115114398e-03 3.502983001780065556e-03 2.627237251335048842e-03 8.757457504450163891e-04 0.000000000000000000e+00 4.534561188201132950e-03 6.470067362518300454e-03 1.357921699174507307e-02 1.187940088322716158e-02 1.566821837472479398e-02 1.401872416598370918e-02 1.272105533303721607e-02 9.191782148604584271e-03
1.965842253709380091e-03 3.502983001780065556e-03 4.378728752225080970e-03 4.378728752225080970e-03 5.254474502670097684e-03 3.502983001780065556e-03 2.627237251335048842e-03 1.751491500890032778e-03 0.000000000000000000e+00 2.783069687311099522e-03 6.286052689091164644e-03 1.271182068807796307e-02 1.385324919486129874e-02 1.622159584872148036e-02 1.492146167545941628e-02 1.069462357662985010e-02 7.455720106716154892e-03
2.627237251335048842e-03 2.627237251335048842e-03 2.627237251335048842e-03 4.378728752225080970e-03 5.254474502670097684e-03 5.254474502670097684e-03 3.384698172389093672e-03 2.627237251335048842e-03 0.000000000000000000e+00 3.502983001780065556e-03 9.625170167244347444e-03 1.401193200712026223e-02 1.593591335192784744e-02 1.576342350801029218e-02 1.313618625667524464e-02 7.881711754005146092e-03 5.197387315396557322e-03
8.757457504450163891e-04 2.627237251335048842e-03 1.751491500890032778e-03 2.627237251335048842e-03 3.502983001780065556e-03 2.627237251335048842e-03 1.751491500890032778e-03 1.751491500890032778e-03 0.000000000000000000e+00 5.254474502670097684e-03 1.050894900534019537e-02 1.313618625667524464e-02 1.068143884925774889e-02 9.482151863123523469e-03 9.584149155272472104e-03 6.081166153492406114e-03 3.502983001780065556e-03
8.757457504450163891e-04 2.627237251335048842e-03 1.751491500890032778e-03 8.757457504450163891e-04 1.751491500890032778e-03 1.751491500890032778e-03 2.627237251335048842e-03 1.751491500890032778e-03 0.000000000000000000e+00 4.378728752225080970e-03 1.138469475578521121e-02 1.100132734982006005e-02 6.888281353933298039e-03 5.574363003232408846e-03 3.822871502342377152e-03 2.627237251335048842e-03 0.000000000000000000e+00
0.000000000000000000e+00 0.000000000000000000e+00 0.000000000000000000e+00 0.000000000000000000e+00 8.757457504450163891e-04 1.751491500890032778e-03 1.751491500890032778e-03 8.757457504450163891e-04 0.000000000000000000e+00 4.378728752225080970e-03 8.757457504450161939e-03 7.593312731403353312e-03 7.005966003560131113e-03 5.254474502670097684e-03 3.502983001780065556e-03 8.757457504450163891e-04 0.000000000000000000e+00
0.000000000000000000e+00 0.000000000000000000e+00 0.000000000000000000e+00 0.000000000000000000e+00 0.000000000000000000e+00 0.000000000000000000e+00 0.000000000000000000e+00 0.000000000000000000e+00 0.000000000000000000e+00 1.751491500890032778e-03 8.757457504450163891e-04 0.000000000000000000e+00 0.000000000000000000e+00 8.757457504450163891e-04 8.757457504450163891e-04 0.000000000000000000e+00 0.000000000000000000e+00
0.000000000000000000e+00 0.000000000000000000e+00 0.000000000000000000e+00 0.000000000000000000e+00 0.000000000000000000e+00 0.000000000000000000e+00 0.000000000000000000e+00 0.000000000000000000e+00 0.000000000000000000e+00 0.000000000000000000e+00 0.000000000000000000e+00 0.000000000000000000e+00 0.000000000000000000e+00 0.000000000000000000e+00 0.000000000000000000e+00 0.000000000000000000e+00 0.000000000000000000e+00
0.000000000000000000e+00 0.000000000000000000e+00 0.000000000000000000e+00 8.757457504450163891e-04 1.751491500890032778e-03 2.627237251335048842e-03 1.814271820256549428e-03 1.814271820256549428e-03 0.000000000000000000e+00 0.000000000000000000e+00 0.000000000000000000e+00 0.000000000000000000e+00 0.000000000000000000e+00 0.000000000000000000e+00 0.000000000000000000e+00 0.000000000000000000e+00 0.000000000000000000e+00
0.000000000000000000e+00 0.000000000000000000e+00 8.757457504450163891e-04 1.751491500890032778e-03 1.751491500890032778e-03 5.254474502670097684e-03 4.378728752225080970e-03 3.911222173617571497e-03 0.000000000000000000e+00 0.000000000000000000e+00 8.757457504450163891e-04 0.000000000000000000e+00 0.000000000000000000e+00 0.000000000000000000e+00 0.000000000000000000e+00 0.000000000000000000e+00 0.000000000000000000e+00
1.751491500890032778e-03 1.751491500890032778e-03 1.751491500890032778e-03 3.502983001780065556e-03 4.378728752225080970e-03 6.164087148916757783e-03 4.378728752225080970e-03 3.628414691397731547e-03 0.000000000000000000e+00 8.757457504450163891e-04 2.627237251335048842e-03 0.000000000000000000e+00 8.757457504450163891e-04 8.757457504450163891e-04 0.000000000000000000e+00 0.000000000000000000e+00 0.000000000000000000e+00
5.254474502670097684e-03 2.627237251335048842e-03 2.627237251335048842e-03 5.254474502670097684e-03 7.005966003560131113e-03 9.758634944512846812e-03 7.005966003560131113e-03 1.876923190507698768e-03 0.000000000000000000e+00 8.757457504450163891e-04 1.751491500890032778e-03 2.581663213326838933e-03 1.751491500890032778e-03 1.369315410360205740e-03 8.757457504450163891e-04 9.556929830557424517e-04 8.757457504450163891e-04
5.254474502670097684e-03 3.502983001780065556e-03 1.751491500890032778e-03 4.378728752225080970e-03 7.131397693177796669e-03 8.037693384617005180e-03 6.130220253115114398e-03 2.627237251335048842e-03 0.000000000000000000e+00 1.751491500890032778e-03 2.627237251335048842e-03 2.627237251335048842e-03 8.757457504450163891e-04 8.757457504450163891e-04 8.757457504450163891e-04 1.751491500890032778e-03 8.757457504450163891e-04
2.695682649735570494e-03 2.695682649735570927e-03 3.502983001780065556e-03 7.005966003560131113e-03 8.757457504450161939e-03 8.604484368672770181e-03 5.977247117337722640e-03 8.757457504450163891e-04 0.000000000000000000e+00 2.627237251335048842e-03 3.502983001780065556e-03 3.502983001780065556e-03 8.757457504450163891e-04 8.757457504450163891e-04 0.000000000000000000e+00 0.000000000000000000e+00 0.000000000000000000e+00
3.103386267819380467e-03 4.402900503802553017e-03 8.222179922056581727e-03 8.840304672561445989e-03 1.059179617345147768e-02 7.762605514029398586e-03 4.378728752225080970e-03 2.281515760863886671e-03 0.000000000000000000e+00 4.378728752225080970e-03 6.126752492488349647e-03 5.254474502670097684e-03 2.627237251335048842e-03 2.627237251335048842e-03 1.751491500890032778e-03 1.751491500890032778e-03 8.757457504450163891e-04
2.627237251335048842e-03 4.719196920276516605e-03 7.560605345696171965e-03 5.299714519810228355e-03 4.423968769365212508e-03 5.254474502670097684e-03 2.627237251335048842e-03 8.757457504450163891e-04 0.000000000000000000e+00 2.627237251335048842e-03 3.502983001780065556e-03 6.130220253115114398e-03 4.378728752225080970e-03 5.040597731305654014e-03 2.413360479970605606e-03 2.627237251335048842e-03 2.627237251335048842e-03
