0.000000000000000000e+00 0.000000000000000000e+00 0.000000000000000000e+00 0.000000000000000000e+00 0.000000000000000000e+00 0.000000000000000000e+00 0.000000000000000000e+00 0.000000000000000000e+00 0.000000000000000000e+00 0.000000000000000000e+00 1.403664368411421375e-03 0.000000000000000000e+00 0.000000000000000000e+00 0.000000000000000000e+00 1.403664368411421375e-03 0.000000000000000000e+00 0.000000000000000000e+00
0.000000000000000000e+00 1.403664368411421375e-03 2.807328736822842750e-03 0.000000000000000000e+00 0.000000000000000000e+00 0.000000000000000000e+00 0.000000000000000000e+00 0.000000000000000000e+00 0.000000000000000000e+00 0.000000000000000000e+00 0.000000000000000000e+00 0.000000000000000000e+00 0.000000000000000000e+00 1.403664368411421375e-03 1.403664368411421375e-03 1.403664368411421375e-03 2.807328736822842750e-03
0.000000000000000000e+00 1.403664368411421375e-03 0.000000000000000000e+00 1.403664368411421375e-03 0.000000000000000000e+00 0.000000000000000000e+00 0.000000000000000000e+00 0.000000000000000000e+00 0.000000000000000000e+00 0.000000000000000000e+00 0.000000000000000000e+00 0.000000000000000000e+00 0.000000000000000000e+00 0.000000000000000000e+00 1.403664368411421375e-03 1.403664368411421375e-03 0.000000000000000000e+00
0.000000000000000000e+00 0.000000000000000000e+00 0.000000000000000000e+00 0.000000000000000000e+00 0.000000000000000000e+00 0.000000000000000000e+00 0.000000000000000000e+00 0.000000000000000000e+00 0.000000000000000000e+00 0.000000000000000000e+00 0.000000000000000000e+00 0.000000000000000000e+00 0.000000000000000000e+00 2.807328736822842750e-03 4.210993105234263692e-03 0.000000000000000000e+00 0.000000000000000000e+00
0.000000000000000000e+00 0.000000000000000000e+00 2.807328736822842750e-03 0.000000000000000000e+00 0.000000000000000000e+00 0.000000000000000000e+00 0.000000000000000000e+00 0.000000000000000000e+00 0.000000000000000000e+00 0.000000000000000000e+00 0.000000000000000000e+00 0.000000000000000000e+00 0.000000000000000000e+00 1.403664368411421375e-03 5.614657473645685501e-03 1.403664368411421375e-03 2.800608505354570694e-03
1.688984282146015680e-03 1.403664368411421375e-03 2.807328736822842750e-03 4.210993105234263692e-03 0.000000000000000000e+00 2.807328736822842750e-03 0.000000000000000000e+00 0.000000000000000000e+00 0.000000000000000000e+00 0.000000000000000000e+00 0.000000000000000000e+00 0.000000000000000000e+00 1.403664368411421375e-03 1.403664368411421375e-03 1.403664368411421375e-03 7.018321842057106442e-03 5.614657473645685501e-03
0.000000000000000000e+00 1.403664368411421375e-03 0.000000000000000000e+00 4.210993105234263692e-03 0.000000000000000000e+00 1.403664368411421375e-03 0.000000000000000000e+00 0.000000000000000000e+00 0.000000000000000000e+00 0.000000000000000000e+00 1.403664368411421375e-03 1.403664368411421375e-03 2.807328736822842750e-03 1.403664368411421375e-03 2.807328736822842750e-03 1.403664368411421375e-03 2.289274503096544455e-03
0.000000000000000000e+00 0.000000000000000000e+00 0.000000000000000000e+00 0.000000000000000000e+00 0.000000000000000000e+00 0.000000000000000000e+00 0.000000000000000000e+00 0.000000000000000000e+00 0.000000000000000000e+00 0.000000000000000000e+00 0.000000000000000000e+00 1.403664368411421375e-03 2.807328736822842750e-03 4.210993105234263692e-03 5.614657473645685501e-03 0.000000000000000000e+00 0.000000000000000000e+00
1.965130115775989839e-02 1.512602878828791467e-03 0.000000000000000000e+00 4.210993105234263692e-03 0.000000000000000000e+00 5.614657473645685501e-03 0.000000000000000000e+00 1.403664368411421375e-03 0.000000000000000000e+00 1.403664368411421375e-03 1.403664368411421375e-03 2.807328736822842750e-03 8.421986210468527384e-03 1.151440145712086770e-02 4.377653046327483095e-03 5.614657473645685501e-03 8.724650351955864219e-03
3.228428047346269120e-02 1.554924656294300392e-02 0.000000000000000000e+00 9.825650578879949193e-03 0.000000000000000000e+00 5.614657473645685501e-03 0.000000000000000000e+00 0.000000000000000000e+00 0.000000000000000000e+00 0.000000000000000000e+00 0.000000000000000000e+00 1.403664368411421375e-03 2.807328736822842750e-03 2.807328736822842750e-03 0.000000000000000000e+00 4.210993105234263692e-03 6.500267608330809015e-03
4.351359542075405873e-02 2.245862989458274200e-02 9.825650578879949193e-03 2.807328736822842750e-03 0.000000000000000000e+00 1.403664368411421375e-03 0.000000000000000000e+00 0.000000000000000000e+00 0.000000000000000000e+00 0.000000000000000000e+00 0.000000000000000000e+00 0.000000000000000000e+00 1.403664368411421375e-03 0.000000000000000000e+00 1.403664368411421375e-03 1.403664368411421375e-03 1.403664368411421375e-03
5.333924599963400792e-02 3.228428047346269120e-02 1.542908155377496586e-02 1.484046530103136016e-03 1.403664368411421375e-03 2.887710898514557391e-03 0.000000000000000000e+00 1.403664368411421375e-03 0.000000000000000000e+00 0.000000000000000000e+00 0.000000000000000000e+00 1.403664368411421375e-03 2.807328736822842750e-03 7.285626409677078627e-03 4.210993105234263692e-03 1.403664368411421375e-03 2.046668291692635075e-03
4.351359542075405873e-02 3.663022815499085427e-02 1.824763678934847658e-02 8.644555729089752061e-03 1.403664368411421375e-03 7.098704003748822385e-03 1.403664368411421375e-03 2.807328736822842750e-03 0.000000000000000000e+00 0.000000000000000000e+00 0.000000000000000000e+00 0.000000000000000000e+00 1.403664368411421375e-03 1.739407749080981594e-03 0.000000000000000000e+00 4.210993105234263692e-03 5.631678582480380106e-03
4.772183388358738204e-02 2.947695173663985105e-02 1.824488214694753446e-02 8.448366548013307165e-03 1.403664368411421375e-03 4.237373442779043473e-03 1.403664368411421375e-03 1.403664368411421375e-03 0.000000000000000000e+00 0.000000000000000000e+00 0.000000000000000000e+00 0.000000000000000000e+00 0.000000000000000000e+00 0.000000000000000000e+00 0.000000000000000000e+00 0.000000000000000000e+00 1.403664368411421375e-03
4.210993105234264039e-02 3.368794484187410954e-02 1.403664368411421288e-02 2.833709074367621664e-03 2.807328736822842750e-03 2.833709074367621664e-03 0.000000000000000000e+00 0.000000000000000000e+00 0.000000000000000000e+00 0.000000000000000000e+00 0.000000000000000000e+00 0.000000000000000000e+00 0.000000000000000000e+00 1.403664368411421375e-03 1.403664368411421375e-03 1.403664368411421375e-03 1.403664368411421375e-03
3.507762806913392734e-02 2.097751963296005939e-02 1.263297931570279108e-02 8.487742062359171155e-03 4.377437334219889259e-03 1.556995795701689254e-03 0.000000000000000000e+00 1.403664368411421375e-03 0.000000000000000000e+00 0.000000000000000000e+00 0.000000000000000000e+00 0.000000000000000000e+00 0.000000000000000000e+00 1.403664368411421375e-03 1.403664368411421375e-03 2.807328736822842750e-03 3.123925214435954723e-03
2.526595863140558215e-02 1.979348851468941059e-02 1.263297931570279108e-02 1.122931494729137100e-02 5.941428210819240871e-03 2.960660164113110629e-03 0.000000000000000000e+00 1.403664368411421375e-03 0.000000000000000000e+00 0.000000000000000000e+00 0.000000000000000000e+00 0.000000000000000000e+00 0.000000000000000000e+00 0.000000000000000000e+00 0.000000000000000000e+00 0.000000000000000000e+00 1.403664368411421375e-03
