3.232968497767030845e-03 1.293187399106812338e-02 9.698905493301091668e-03 9.698905493301091668e-03 1.939781098660218334e-02 6.465936995534061690e-03 1.307265756986379646e-02 6.465936995534061690e-03 0.000000000000000000e+00 3.232968497767030845e-03 6.465936995534061690e-03 1.616484248883515162e-02 3.281043337465324328e-03 9.746980332999385585e-03 3.232968497767030845e-03 0.000000000000000000e+00 0.000000000000000000e+00
6.465936995534061690e-03 9.698905493301091668e-03 9.698905493301091668e-03 9.884212797345906173e-03 1.953859456539785641e-02 6.651244299578877063e-03 1.630562606763082817e-02 1.293187399106812338e-02 0.000000000000000000e+00 3.232968497767030845e-03 3.232968497767030845e-03 1.293187399106812338e-02 3.232968497767030845e-03 1.616484248883515162e-02 3.232968497767030845e-03 6.465936995534061690e-03 0.000000000000000000e+00
0.000000000000000000e+00 0.000000000000000000e+00 0.000000000000000000e+00 3.232968497767030845e-03 3.232968497767030845e-03 9.598488505812146146e-03 9.839689072096766478e-03 1.293187399106812338e-02 0.000000000000000000e+00 1.293187399106812338e-02 6.465936995534061690e-03 9.698905493301091668e-03 3.232968497767030845e-03 6.465936995534061690e-03 3.232968497767030845e-03 6.465936995534061690e-03 0.000000000000000000e+00
3.232968497767030845e-03 0.000000000000000000e+00 0.000000000000000000e+00 6.465936995534061690e-03 9.698905493301091668e-03 0.000000000000000000e+00 3.232968497767030845e-03 3.232968497767030845e-03 0.000000000000000000e+00 1.777798729484668036e-02 6.612704904191230200e-03 3.232968497767030845e-03 0.000000000000000000e+00 0.000000000000000000e+00 0.000000000000000000e+00 0.000000000000000000e+00 0.000000000000000000e+00
0.000000000000000000e+00 0.000000000000000000e+00 3.232968497767030845e-03 3.232968497767030845e-03 9.698905493301091668e-03 1.293187399106812338e-02 6.606720574329735633e-03 3.232968497767030845e-03 0.000000000000000000e+00 1.499664287524371878e-02 3.232968497767030845e-03 1.015052957146516006e-02 3.232968497767030845e-03 6.465936995534061690e-03 3.232968497767030845e-03 3.232968497767030845e-03 0.000000000000000000e+00
0.000000000000000000e+00 0.000000000000000000e+00 3.232968497767030845e-03 3.232968497767030845e-03 6.233425186198240757e-03 6.233425186198240757e-03 6.465936995534061690e-03 9.698905493301091668e-03 0.000000000000000000e+00 6.465936995534061690e-03 3.379736406424198921e-03 6.465936995534061690e-03 0.000000000000000000e+00 3.232968497767030845e-03 0.000000000000000000e+00 0.000000000000000000e+00 0.000000000000000000e+00
0.000000000000000000e+00 0.000000000000000000e+00 0.000000000000000000e+00 0.000000000000000000e+00 0.000000000000000000e+00 0.000000000000000000e+00 3.232968497767030845e-03 6.465936995534061690e-03 0.000000000000000000e+00 3.232968497767030845e-03 3.232968497767030845e-03 0.000000000000000000e+00 0.000000000000000000e+00 0.000000000000000000e+00 0.000000000000000000e+00 0.000000000000000000e+00 0.000000000000000000e+00
0.000000000000000000e+00 0.000000000000000000e+00 0.000000000000000000e+00 0.000000000000000000e+00 3.232968497767030845e-03 0.000000000000000000e+00 6.465936995534061690e-03 6.465936995534061690e-03 0.000000000000000000e+00 0.000000000000000000e+00 0.000000000000000000e+00 0.000000000000000000e+00 0.000000000000000000e+00 0.000000000000000000e+00 0.000000000000000000e+00 0.000000000000000000e+00 0.000000000000000000e+00
0.000000000000000000e+00 0.000000000000000000e+00 0.000000000000000000e+00 0.000000000000000000e+00 0.000000000000000000e+00 0.000000000000000000e+00 0.000000000000000000e+00 0.000000000000000000e+00 0.000000000000000000e+00 0.000000000000000000e+00 0.000000000000000000e+00 0.000000000000000000e+00 0.000000000000000000e+00 0.000000000000000000e+00 0.000000000000000000e+00 0.000000000000000000e+00 0.000000000000000000e+00
0.000000000000000000e+00 0.000000000000000000e+00 0.000000000000000000e+00 0.000000000000000000e+00 0.000000000000000000e+00 0.000000000000000000e+00 0.000000000000000000e+00 0.000000000000000000e+00 0.000000000000000000e+00 0.000000000000000000e+00 0.000000000000000000e+00 0.000000000000000000e+00 0.000000000000000000e+00 0.000000000000000000e+00 0.000000000000000000e+00 0.000000000000000000e+00 0.000000000000000000e+00
0.000000000000000000e+00 0.000000000000000000e+00 0.000000000000000000e+00 0.000000000000000000e+00 0.000000000000000000e+00 0.000000000000000000e+00 0.000000000000000000e+00 0.000000000000000000e+00 0.000000000000000000e+00 0.000000000000000000e+00 3.232968497767030845e-03 0.000000000000000000e+00 0.000000000000000000e+00 0.000000000000000000e+00 0.000000000000000000e+00 0.000000000000000000e+00 0.000000000000000000e+00
0.000000000000000000e+00 0.000000000000000000e+00 3.232968497767030845e-03 3.232968497767030845e-03 4.542724953735917219e-03 3.232968497767030845e-03 0.000000000000000000e+00 0.000000000000000000e+00 0.000000000000000000e+00 3.232968497767030845e-03 6.465936995534061690e-03 6.465936995534061690e-03 0.000000000000000000e+00 0.000000000000000000e+00 0.000000000000000000e+00 0.000000000000000000e+00 0.000000000000000000e+00
6.465936995534061690e-03 0.000000000000000000e+00 3.232968497767030845e-03 6.465936995534061690e-03 3.232968497767030845e-03 0.000000000000000000e+00 3.232968497767030845e-03 6.465936995534061690e-03 0.000000000000000000e+00 0.000000000000000000e+00 0.000000000000000000e+00 0.000000000000000000e+00 0.000000000000000000e+00 0.000000000000000000e+00 0.000000000000000000e+00 0.000000000000000000e+00 0.000000000000000000e+00
3.232968497767030845e-03 3.232968497767030845e-03 3.232968497767030845e-03 3.232968497767030845e-03 0.000000000000000000e+00 3.232968497767030845e-03 3.232968497767030845e-03 0.000000000000000000e+00 0.000000000000000000e+00 0.000000000000000000e+00 0.000000000000000000e+00 7.775693451502948932e-03 3.232968497767030845e-03 0.000000000000000000e+00 0.000000000000000000e+00 0.000000000000000000e+00 0.000000000000000000e+00
6.465936995534061690e-03 6.465936995534061690e-03 7.775693451502948932e-03 0.000000000000000000e+00 3.232968497767030845e-03 6.465936995534061690e-03 0.000000000000000000e+00 0.000000000000000000e+00 0.000000000000000000e+00 0.000000000000000000e+00 9.698905493301091668e-03 2.717350443810512967e-02 3.232968497767030845e-03 0.000000000000000000e+00 3.232968497767030845e-03 3.232968497767030845e-03 0.000000000000000000e+00
1.293187399106812338e-02 1.293187399106812338e-02 3.232968497767030845e-03 3.232968497767030845e-03 3.232968497767030845e-03 6.465936995534061690e-03 3.232968497767030845e-03 9.698905493301091668e-03 0.000000000000000000e+00 3.232968497767030845e-03 9.698905493301091668e-03 1.911558384423083651e-02 9.698905493301091668e-03 6.465936995534061690e-03 9.698905493301091668e-03 6.465936995534061690e-03 3.232968497767030845e-03
1.466140981607261945e-02 2.105674205156783316e-02 3.232968497767030845e-03 1.108343667440306844e-02 9.698905493301091668e-03 1.283145700357917612e-02 6.465936995534061690e-03 9.698905493301091668e-03 0.000000000000000000e+00 3.232968497767030845e-03 3.232968497767030845e-03 6.465936995534061690e-03 3.232968497767030845e-03 1.293187399106812338e-02 0.000000000000000000e+00 1.221878724606656301e-02 3.232968497767030845e-03
