2.490298041348048847e-03 4.110016529596955022e-03 2.644099915907868227e-03 1.660198694232032637e-03 5.527333465637484892e-03 4.150496735580081267e-03 4.316692108918178741e-03 2.493964075850469992e-03 0.000000000000000000e+00 1.036610389291484774e-03 6.847305819103597160e-03 4.862606795319389559e-03 4.511261633015706610e-03 3.429063609748478261e-03 3.567664681727087880e-03 4.980596082696097694e-03 3.320397388464065274e-03
1.902436863703734805e-03 8.300993471160163185e-04 9.687004190946260467e-04 8.300993471160163185e-04 3.021834621708225851e-03 3.320397388464065274e-03 4.150496735580081267e-03 1.660198694232032637e-03 0.000000000000000000e+00 3.201098903846303235e-03 5.646791942102401263e-03 2.500879906612409401e-03 1.863384069457932292e-03 2.490298041348048847e-03 1.660198694232032637e-03 4.980596082696097694e-03 3.331810068780135820e-03
1.660198694232032637e-03 1.660198694232032637e-03 1.660198694232032637e-03 4.110016529596955022e-03 4.150496735580081267e-03 3.320397388464065274e-03 5.810695429812114121e-03 2.490298041348048847e-03 0.000000000000000000e+00 3.528862590188509840e-03 4.114248116198918580e-03 3.895833630179319773e-03 2.490298041348048847e-03 5.464640125751094209e-03 3.331810068780135820e-03 5.810695429812114121e-03 3.347010871361346014e-03
1.660198694232032637e-03 8.300993471160163185e-04 1.660198694232032637e-03 1.696230280253010862e-03 4.980596082696097694e-03 5.824882303452330948e-03 4.696399622248771145e-03 4.028803564635523304e-03 0.000000000000000000e+00 1.660198694232032637e-03 5.187107124871565174e-03 4.205154735624646277e-03 5.024672217476301717e-03 4.990718000277010943e-03 4.165697538161291028e-03 4.171416157284182046e-03 2.490298041348048847e-03
8.300993471160163185e-04 0.000000000000000000e+00 8.300993471160163185e-04 8.300993471160163185e-04 2.490298041348048847e-03 1.660198694232032637e-03 4.003763035853826445e-03 2.490298041348048847e-03 0.000000000000000000e+00 3.320397388464065274e-03 7.470894124044145240e-03 4.150496735580081267e-03 1.660198694232032637e-03 3.320397388464065274e-03 2.490298041348048847e-03 4.150496735580081267e-03 8.300993471160163185e-04
0.000000000000000000e+00 0.000000000000000000e+00 0.000000000000000000e+00 8.300993471160163185e-04 1.660198694232032637e-03 3.358905127670805055e-03 4.150496735580081267e-03 2.513179202761415664e-03 0.000000000000000000e+00 2.789261662720803059e-03 5.198749370672955776e-03 1.314143390171013809e-03 8.300993471160163185e-04 4.150496735580081267e-03 1.712914399895047041e-03 2.490298041348048847e-03 1.660198694232032637e-03
0.000000000000000000e+00 0.000000000000000000e+00 0.000000000000000000e+00 8.300993471160163185e-04 2.490298041348048847e-03 1.660198694232032637e-03 4.150496735580081267e-03 3.320397388464065274e-03 0.000000000000000000e+00 8.300993471160163185e-04 8.300993471160163185e-04 1.660198694232032637e-03 1.660198694232032637e-03 5.810695429812114121e-03 4.995796885277307454e-03 3.320397388464065274e-03 2.490298041348048847e-03
8.300993471160163185e-04 0.000000000000000000e+00 0.000000000000000000e+00 0.000000000000000000e+00 0.000000000000000000e+00 0.000000000000000000e+00 1.361635927476193214e-03 2.423197990673878199e-03 0.000000000000000000e+00 1.660198694232032637e-03 1.660198694232032637e-03 1.660198694232032637e-03 1.660198694232032637e-03 2.490298041348048847e-03 2.490298041348048847e-03 2.490298041348048847e-03 1.660198694232032637e-03
0.000000000000000000e+00 0.000000000000000000e+00 0.000000000000000000e+00 0.000000000000000000e+00 0.000000000000000000e+00 0.000000000000000000e+00 0.000000000000000000e+00 0.000000000000000000e+00 0.000000000000000000e+00 0.000000000000000000e+00 0.000000000000000000e+00 0.000000000000000000e+00 0.000000000000000000e+00 0.000000000000000000e+00 0.000000000000000000e+00 0.000000000000000000e+00 0.000000000000000000e+00
0.000000000000000000e+00 1.120419832152968814e-03 8.300993471160163185e-04 0.000000000000000000e+00 8.300993471160163185e-04 0.000000000000000000e+00 8.300993471160163185e-04 0.000000000000000000e+00 0.000000000000000000e+00 0.000000000000000000e+00 1.787853562560582157e-03 2.277473107628547912e-03 0.000000000000000000e+00 8.300993471160163185e-04 0.000000000000000000e+00 0.000000000000000000e+00 8.300993471160163185e-04
8.300993471160163185e-04 1.660198694232032637e-03 8.300993471160163185e-04 8.300993471160163185e-04 1.660198694232032637e-03 8.300993471160163185e-04 8.300993471160163185e-04 8.300993471160163185e-04 0.000000000000000000e+00 1.660198694232032637e-03 3.404218601952956752e-03 3.766149627104622890e-03 8.566206509860081492e-04 0.000000000000000000e+00 0.000000000000000000e+00 0.000000000000000000e+00 0.000000000000000000e+00
3.320397388464065274e-03 2.490298041348048847e-03 1.005326692390998882e-03 0.000000000000000000e+00 0.000000000000000000e+00 0.000000000000000000e+00 8.300993471160163185e-04 8.300993471160163185e-04 0.000000000000000000e+00 0.000000000000000000e+00 3.320397388464065274e-03 3.319746473966738408e-03 8.300993471160163185e-04 8.300993471160163185e-04 8.300993471160163185e-04 8.300993471160163185e-04 0.000000000000000000e+00
3.055806263270692026e-03 5.270916567733049431e-03 4.165616815469406868e-03 2.756159574332573033e-03 4.497720098634223375e-03 4.150496735580081267e-03 2.508515139794870348e-03 8.300993471160163185e-04 0.000000000000000000e+00 8.300993471160163185e-04 3.833716690929378848e-03 7.689047412021004189e-03 8.300993471160163185e-04 2.490298041348048847e-03 1.660198694232032637e-03 1.660198694232032637e-03 1.660198694232032637e-03
1.059777287254299802e-02 9.432450609176860207e-03 1.245299477742799373e-02 5.123393500072103042e-03 6.640794776928130548e-03 6.002094247880898452e-03 2.490298041348048847e-03 3.320397388464065274e-03 0.000000000000000000e+00 1.660198694232032637e-03 9.131092818276178094e-03 7.510899920984233889e-03 1.744019907720924549e-03 6.640794776928130548e-03 2.490298041348048847e-03 3.320397388464065274e-03 1.573512870851252222e-03
1.577188759520430777e-02 1.579614205332799393e-02 1.362658155117567327e-02 1.183402663924184271e-02 1.007043580571622549e-02 5.810695429812114121e-03 4.150496735580081267e-03 3.320397388464065274e-03 0.000000000000000000e+00 2.490298041348048847e-03 7.470894124044145240e-03 2.563374992160843274e-03 3.320397388464065274e-03 3.317564086087741813e-03 1.088619168278638942e-03 8.300993471160163185e-04 0.000000000000000000e+00
1.786357075514410225e-02 2.541095736593123808e-02 2.470125089135401242e-02 1.956886893168739011e-02 2.324278171924845648e-02 1.218689908154687099e-02 2.490298041348048847e-03 2.490298041348048847e-03 0.000000000000000000e+00 8.300993471160163185e-04 3.199551677467675406e-03 4.980596082696097694e-03 4.315975582074067438e-03 6.523356029629707661e-03 3.126878748498853212e-03 5.693256682513691234e-03 2.490298041348048847e-03
2.496952404421953070e-02 2.742816165505902043e-02 3.577966681730150589e-02 3.436079970057827337e-02 2.163955416524104142e-02 2.110604584613961360e-02 8.000348162790466011e-03 3.939250302106162178e-03 0.000000000000000000e+00 0.000000000000000000e+00 7.834339603858365281e-03 2.660426105707485757e-03 4.980596082696097694e-03 8.205205250123012717e-03 2.490298041348048847e-03 5.827292041835492944e-03 2.370093144881589998e-03
