1.428946253567310760e-03 9.722978648562710224e-04 9.996027200700771751e-04 6.127828053540644452e-04 8.170437404720859269e-04 7.974897838552390391e-04 6.149308042572476825e-04 2.042609351180214817e-04 0.000000000000000000e+00 2.042609351180214817e-04 1.032092518783654569e-03 1.021304675590107300e-03 1.021304675590107300e-03 2.356262703792252802e-03 2.367692774181060205e-03 2.667134455985178260e-03 3.806607344497553360e-03
2.553084487674680322e-03 1.281650536748487517e-03 1.629379888210738493e-03 2.585126281767596759e-03 2.017211844812192949e-03 1.265689865964160152e-03 1.443370011372010348e-03 1.190955146136927698e-03 0.000000000000000000e+00 1.055068828871702329e-03 2.071367211501600695e-03 2.905578512005047541e-03 3.686444572180468462e-03 4.603281884637567926e-03 4.465444238862045431e-03 5.448693902387672511e-03 5.307505014909863830e-03
1.270224725483644432e-03 7.634271085430701558e-04 1.077011257898642877e-03 5.976680121995298902e-04 2.471087292080130439e-04 6.127828053540644452e-04 1.618972687789637299e-03 6.127828053540644452e-04 0.000000000000000000e+00 2.042609351180214817e-04 6.333127717087520467e-04 1.703724301444289446e-03 1.844991416846900999e-03 2.225118057033490665e-03 8.761576159330109956e-04 1.848871361101386401e-03 1.500961401099761136e-03
6.127828053540644452e-04 1.021304675590107300e-03 7.082435080795868683e-04 5.039825729615653865e-04 2.042609351180214817e-04 9.939998203763013643e-04 1.527435247454855816e-03 4.085218702360429634e-04 0.000000000000000000e+00 0.000000000000000000e+00 6.127828053540644452e-04 1.110586688263673046e-03 1.225510888042522731e-03 2.418493416840386285e-03 1.176199627883407761e-03 1.432803255815992159e-03 2.581754258748613588e-03
3.265075005772407387e-03 2.613985746370689305e-03 1.601449676368300575e-03 3.298415018557178217e-03 4.407445769315991406e-03 3.352967475095296971e-03 3.484587226188382621e-03 2.561559260040218236e-03 0.000000000000000000e+00 2.393045020749905161e-03 3.975418395423194716e-03 6.026117214377881004e-03 7.781101671753358137e-03 8.253106737889771491e-03 5.659028384946922403e-03 7.160962524356883317e-03 7.319282528205354327e-03
5.170361726416842531e-03 4.055295587063131174e-03 4.523638020311174582e-03 5.597416801742580335e-03 5.100970025518403173e-03 5.388339165875125937e-03 5.993295138850098132e-03 3.958631262238396578e-03 0.000000000000000000e+00 2.788868412797676586e-03 3.584972257514267794e-03 6.762620807157956361e-03 6.665531466396802836e-03 5.998069403311966259e-03 3.168219823473318510e-03 4.231060212695624163e-03 3.326044270788290017e-03
2.922815619689605668e-03 2.365329241302704163e-03 1.227378800749218558e-03 1.951633409821621444e-03 1.251922163945249451e-03 1.605821299787324203e-03 1.897507328446244694e-03 4.085218702360429634e-04 0.000000000000000000e+00 2.067032896859939727e-04 2.042609351180214817e-04 1.867106276383578671e-03 1.049234287052147043e-03 1.223357790288930004e-03 3.591558874113217801e-04 1.653276412952366927e-03 1.584721498119450508e-03
4.577572270357469289e-03 3.532895812072326357e-03 2.881308897033113114e-03 3.287150231787509726e-03 4.030991383453813234e-03 3.017876884622421388e-03 4.280347726585848230e-03 2.751216623695313616e-03 0.000000000000000000e+00 1.105428993632229977e-03 2.709871745415088577e-03 4.153042376735836122e-03 3.860911186825508479e-03 4.235371722749284827e-03 3.606710503289090042e-03 4.527833530190970325e-03 3.858374212146120467e-03
1.195231272905933340e-02 8.504061580466208345e-03 8.620395223376499036e-03 1.319340125231032931e-02 1.440118515614195564e-02 1.062402919197368706e-02 1.039987843102994393e-02 7.732004279772538256e-03 0.000000000000000000e+00 5.182115682386470405e-03 7.173809508059902050e-03 1.201713740558027661e-02 1.109485624941809571e-02 1.086607154050620375e-02 4.881903225543626247e-03 6.191443339185549906e-03 2.960511197792035660e-03
1.108940629137553265e-02 9.675712609514438428e-03 6.302273249264260871e-03 7.755215069874553391e-03 6.627414025703686450e-03 5.268915399375345178e-03 3.797406222852640553e-03 1.595366215324771440e-03 0.000000000000000000e+00 2.881529142821309328e-03 2.373002997142078900e-03 4.673396774636995842e-03 4.983379566663917633e-03 3.364754789818514592e-03 1.880526479271936793e-03 2.311250475765083082e-03 2.009460130704479163e-03
8.588142031898813450e-03 5.815118429349694883e-03 3.744117202909631303e-03 2.246870286298236190e-03 2.055072413304029257e-03 9.286473924432347028e-04 1.021304675590107300e-03 6.127828053540644452e-04 0.000000000000000000e+00 4.109642248040154544e-04 4.130799851799489661e-04 6.148985657299979026e-04 2.075010254085982034e-04 4.117619605266196851e-04 4.085218702360429634e-04 2.109336093369944981e-04 2.042609351180214817e-04
1.527822399623711067e-02 1.302437652819646817e-02 1.127437734185338797e-02 1.267310169980902929e-02 9.043707707332876086e-03 5.991007925431979762e-03 5.172730613621971327e-03 2.117137443363889277e-03 0.000000000000000000e+00 9.497645329074686643e-04 2.381347372164621407e-03 3.678903883781838371e-03 3.136854107009894553e-03 3.882888737975643406e-03 3.544786735584321610e-03 1.973819779155326984e-03 1.227825370452058883e-03
1.746180682074618962e-02 1.653446722266450897e-02 1.459624324220480315e-02 1.700033562312629892e-02 1.200981366663234073e-02 7.075206258554390254e-03 5.475468962178825158e-03 2.218554262425347697e-03 0.000000000000000000e+00 2.106453458742536897e-03 1.644998519653166798e-03 3.474642948663816781e-03 3.249566011964858964e-03 3.518755848967324105e-03 2.319364102938792881e-03 2.741390997578353923e-03 1.888442182841077724e-03
1.115366080985411533e-02 9.808556888812989746e-03 6.818506344492333317e-03 5.431725046535679051e-03 3.336961175864665979e-03 1.759692114785057528e-03 2.680216066598816870e-04 4.085218702360429634e-04 0.000000000000000000e+00 4.085218702360429634e-04 2.042609351180214817e-04 1.225565610708128890e-03 1.357089972195362751e-03 4.704955176981087477e-04 6.127828053540644452e-04 1.227347876293477177e-03 8.498468098029492200e-04
1.083893374046885835e-02 1.084729009395590110e-02 6.209605429458108818e-03 5.480501005706450539e-03 4.342580201959296907e-03 1.360653680474637004e-03 1.109634757395741144e-03 4.106206773725156042e-04 0.000000000000000000e+00 2.042609351180214817e-04 6.252796781448087147e-04 1.021304675590107300e-03 1.634087480944171854e-03 8.343446496937178712e-04 6.127828053540644452e-04 2.042609351180214817e-04 0.000000000000000000e+00
1.454449018595977555e-02 1.394628809382147602e-02 1.096304463293585121e-02 8.079329933150605075e-03 4.811952794634612868e-03 4.323784969343875788e-03 3.373262514234245599e-03 1.583692100461539737e-03 0.000000000000000000e+00 2.471087292080130439e-04 4.513696643260345256e-04 1.322030693666470698e-03 1.252299674019100636e-03 2.255572759610520710e-03 1.840555467719644494e-03 1.227772662365580157e-03 1.045565752786140968e-03
1.612744429155865342e-02 1.321786739676137148e-02 6.151654196703738690e-03 4.448209246483085522e-03 2.767355408295102577e-03 1.732416334064353514e-03 8.808044120139460779e-04 7.783224748526856212e-04 0.000000000000000000e+00 2.042609351180214817e-04 0.000000000000000000e+00 4.085218702360429634e-04 1.211146384038857323e-03 1.211146384038857323e-03 8.311288510937860389e-04 1.037172051797155808e-03 1.429826545826150480e-03
