7.084848168863214571e-03 1.674291068915696387e-02 3.762102327227589450e-03 3.762102327227589450e-03 7.647029100751920327e-03 1.504840930891035780e-02 0.000000000000000000e+00 0.000000000000000000e+00 1.504840930891035780e-02 7.524204654455178901e-03 0.000000000000000000e+00 0.000000000000000000e+00 7.976843275708581787e-03 3.762102327227589450e-03 0.000000000000000000e+00 3.762102327227589450e-03 3.762102327227589450e-03
7.524204654455178901e-03 1.128630698168276748e-02 3.762102327227589450e-03 3.762102327227589450e-03 3.762102327227589450e-03 1.128630698168276748e-02 3.762102327227589450e-03 0.000000000000000000e+00 3.762102327227589450e-03 0.000000000000000000e+00 0.000000000000000000e+00 0.000000000000000000e+00 3.762102327227589450e-03 0.000000000000000000e+00 0.000000000000000000e+00 0.000000000000000000e+00 0.000000000000000000e+00
5.286891530615780641e-03 7.524204654455178901e-03 3.762102327227589450e-03 0.000000000000000000e+00 3.762102327227589450e-03 1.516114366418274545e-02 0.000000000000000000e+00 0.000000000000000000e+00 1.511787312592712679e-02 7.524204654455178901e-03 3.762102327227589450e-03 0.000000000000000000e+00 7.524204654455178901e-03 7.524204654455178901e-03 3.762102327227589450e-03 3.762102327227589450e-03 0.000000000000000000e+00
3.762102327227589450e-03 7.524204654455178901e-03 7.524204654455178901e-03 3.762102327227589450e-03 1.460905282331839174e-02 2.426711534361214104e-02 3.762102327227589450e-03 7.524204654455178901e-03 3.037478397874740846e-02 1.504840930891035780e-02 7.524204654455178901e-03 1.142527303133189683e-02 1.104656553071323849e-02 0.000000000000000000e+00 7.524204654455178901e-03 1.104656553071323849e-02 3.762102327227589450e-03
0.000000000000000000e+00 0.000000000000000000e+00 0.000000000000000000e+00 0.000000000000000000e+00 0.000000000000000000e+00 5.456603707474194653e-03 0.000000000000000000e+00 3.762102327227589450e-03 1.857077018516841566e-02 7.284463203485649907e-03 0.000000000000000000e+00 0.000000000000000000e+00 3.762102327227589450e-03 0.000000000000000000e+00 0.000000000000000000e+00 0.000000000000000000e+00 0.000000000000000000e+00
0.000000000000000000e+00 3.762102327227589450e-03 0.000000000000000000e+00 3.762102327227589450e-03 3.762102327227589450e-03 3.762102327227589450e-03 0.000000000000000000e+00 3.762102327227589450e-03 7.524204654455178901e-03 3.762102327227589450e-03 0.000000000000000000e+00 7.524204654455178901e-03 3.762102327227589450e-03 0.000000000000000000e+00 0.000000000000000000e+00 3.762102327227589450e-03 0.000000000000000000e+00
0.000000000000000000e+00 0.000000000000000000e+00 0.000000000000000000e+00 0.000000000000000000e+00 3.762102327227589450e-03 0.000000000000000000e+00 0.000000000000000000e+00 3.762102327227589450e-03 7.524204654455178901e-03 0.000000000000000000e+00 0.000000000000000000e+00 3.762102327227589450e-03 3.762102327227589450e-03 0.000000000000000000e+00 0.000000000000000000e+00 3.762102327227589450e-03 0.000000000000000000e+00
0.000000000000000000e+00 0.000000000000000000e+00 0.000000000000000000e+00 0.000000000000000000e+00 0.000000000000000000e+00 0.000000000000000000e+00 0.000000000000000000e+00 0.000000000000000000e+00 3.762102327227589450e-03 0.000000000000000000e+00 0.000000000000000000e+00 3.762102327227589450e-03 3.762102327227589450e-03 0.000000000000000000e+00 0.000000000000000000e+00 3.762102327227589450e-03 0.000000000000000000e+00
0.000000000000000000e+00 0.000000000000000000e+00 0.000000000000000000e+00 0.000000000000000000e+00 0.000000000000000000e+00 0.000000000000000000e+00 0.000000000000000000e+00 0.000000000000000000e+00 0.000000000000000000e+00 0.000000000000000000e+00 0.000000000000000000e+00 0.000000000000000000e+00 0.000000000000000000e+00 0.000000000000000000e+00 0.000000000000000000e+00 0.000000000000000000e+00 0.000000000000000000e+00
0.000000000000000000e+00 0.000000000000000000e+00 0.000000000000000000e+00 0.000000000000000000e+00 0.000000000000000000e+00 0.000000000000000000e+00 0.000000000000000000e+00 0.000000000000000000e+00 0.000000000000000000e+00 0.000000000000000000e+00 0.000000000000000000e+00 0.000000000000000000e+00 0.000000000000000000e+00 0.000000000000000000e+00 0.000000000000000000e+00 0.000000000000000000e+00 0.000000000000000000e+00
0.000000000000000000e+00 0.000000000000000000e+00 0.000000000000000000e+00 0.000000000000000000e+00 0.000000000000000000e+00 0.000000000000000000e+00 0.000000000000000000e+00 0.000000000000000000e+00 0.000000000000000000e+00 0.000000000000000000e+00 0.000000000000000000e+00 0.000000000000000000e+00 0.000000000000000000e+00 0.000000000000000000e+00 0.000000000000000000e+00 0.000000000000000000e+00 0.000000000000000000e+00
0.000000000000000000e+00 0.000000000000000000e+00 0.000000000000000000e+00 0.000000000000000000e+00 0.000000000000000000e+00 3.762102327227589450e-03 3.762102327227589450e-03 0.000000000000000000e+00 1.113518191424382221e-02 0.000000000000000000e+00 0.000000000000000000e+00 3.762102327227589450e-03 0.000000000000000000e+00 0.000000000000000000e+00 0.000000000000000000e+00 3.762102327227589450e-03 0.000000000000000000e+00
3.762102327227589450e-03 1.128630698168276748e-02 0.000000000000000000e+00 3.762102327227589450e-03 1.128179320635206220e-02 1.504840930891035780e-02 0.000000000000000000e+00 3.762102327227589450e-03 1.272816323289647188e-02 0.000000000000000000e+00 0.000000000000000000e+00 3.762102327227589450e-03 3.762102327227589450e-03 0.000000000000000000e+00 0.000000000000000000e+00 0.000000000000000000e+00 0.000000000000000000e+00
0.000000000000000000e+00 3.762102327227589450e-03 7.524204654455178901e-03 7.524204654455178901e-03 3.762102327227589450e-03 7.524204654455178901e-03 3.762102327227589450e-03 3.762102327227589450e-03 8.351454784905535875e-03 0.000000000000000000e+00 3.762102327227589450e-03 7.524204654455178901e-03 0.000000000000000000e+00 0.000000000000000000e+00 3.762102327227589450e-03 7.524204654455178901e-03 0.000000000000000000e+00
3.762102327227589450e-03 0.000000000000000000e+00 4.136127245772324226e-03 0.000000000000000000e+00 3.762102327227589450e-03 3.762102327227589450e-03 0.000000000000000000e+00 0.000000000000000000e+00 3.762102327227589450e-03 0.000000000000000000e+00 3.762102327227589450e-03 3.762102327227589450e-03 0.000000000000000000e+00 0.000000000000000000e+00 3.762102327227589450e-03 0.000000000000000000e+00 0.000000000000000000e+00
7.524204654455178901e-03 8.138810775218526319e-03 7.524204654455178901e-03 1.128630698168276748e-02 1.566301542967370522e-02 1.128630698168276748e-02 0.000000000000000000e+00 3.762102327227589450e-03 1.566301542967370522e-02 0.000000000000000000e+00 7.524204654455178901e-03 1.128630698168276748e-02 1.128630698168276748e-02 3.762102327227589450e-03 1.128630698168276748e-02 3.762102327227589450e-03 0.000000000000000000e+00
7.524204654455178901e-03 1.504840930891035780e-02 0.000000000000000000e+00 7.524204654455178901e-03 1.901389920582587795e-02 1.504840930891035780e-02 3.762102327227589450e-03 7.524204654455178901e-03 2.267744706489328854e-02 1.128042339125536614e-02 0.000000000000000000e+00 1.128042339125536614e-02 1.128042339125536614e-02 0.000000000000000000e+00 0.000000000000000000e+00 1.128630698168276748e-02 3.762102327227589450e-03
