0.000000000000000000e+00 5.395228544709009845e-03 0.000000000000000000e+00 0.000000000000000000e+00 0.000000000000000000e+00 0.000000000000000000e+00 1.079045708941801969e-02 0.000000000000000000e+00 0.000000000000000000e+00 0.000000000000000000e+00 0.000000000000000000e+00 0.000000000000000000e+00 0.000000000000000000e+00 0.000000000000000000e+00 0.000000000000000000e+00 0.000000000000000000e+00 0.000000000000000000e+00
5.395228544709009845e-03 0.000000000000000000e+00 0.000000000000000000e+00 0.000000000000000000e+00 5.395228544709009845e-03 0.000000000000000000e+00 5.395228544709009845e-03 0.000000000000000000e+00 0.000000000000000000e+00 5.395228544709009845e-03 5.395228544709009845e-03 0.000000000000000000e+00 0.000000000000000000e+00 5.395228544709009845e-03 5.395228544709009845e-03 0.000000000000000000e+00 0.000000000000000000e+00
2.697614272354504489e-02 1.481085630113731025e-02 1.079045708941801969e-02 2.158091417883603938e-02 5.395228544709009845e-03 0.000000000000000000e+00 0.000000000000000000e+00 0.000000000000000000e+00 0.000000000000000000e+00 0.000000000000000000e+00 0.000000000000000000e+00 0.000000000000000000e+00 5.395228544709009845e-03 7.160709561520408641e-03 5.395228544709009845e-03 0.000000000000000000e+00 0.000000000000000000e+00
5.395228544709009845e-03 1.079045708941801969e-02 1.079045708941801969e-02 1.618568563412702693e-02 5.395228544709009845e-03 0.000000000000000000e+00 0.000000000000000000e+00 0.000000000000000000e+00 0.000000000000000000e+00 0.000000000000000000e+00 0.000000000000000000e+00 0.000000000000000000e+00 0.000000000000000000e+00 0.000000000000000000e+00 0.000000000000000000e+00 0.000000000000000000e+00 5.395228544709009845e-03
0.000000000000000000e+00 0.000000000000000000e+00 0.000000000000000000e+00 1.079045708941801969e-02 0.000000000000000000e+00 0.000000000000000000e+00 5.395228544709009845e-03 0.000000000000000000e+00 0.000000000000000000e+00 0.000000000000000000e+00 0.000000000000000000e+00 0.000000000000000000e+00 0.000000000000000000e+00 0.000000000000000000e+00 0.000000000000000000e+00 0.000000000000000000e+00 0.000000000000000000e+00
1.079045708941801969e-02 5.395228544709009845e-03 0.000000000000000000e+00 5.395228544709009845e-03 0.000000000000000000e+00 0.000000000000000000e+00 0.000000000000000000e+00 0.000000000000000000e+00 0.000000000000000000e+00 0.000000000000000000e+00 0.000000000000000000e+00 0.000000000000000000e+00 0.000000000000000000e+00 0.000000000000000000e+00 0.000000000000000000e+00 0.000000000000000000e+00 0.000000000000000000e+00
1.618568563412702693e-02 1.079045708941801969e-02 1.079045708941801969e-02 1.079045708941801969e-02 1.079045708941801969e-02 0.000000000000000000e+00 0.000000000000000000e+00 0.000000000000000000e+00 0.000000000000000000e+00 0.000000000000000000e+00 0.000000000000000000e+00 5.395228544709009845e-03 0.000000000000000000e+00 0.000000000000000000e+00 0.000000000000000000e+00 0.000000000000000000e+00 0.000000000000000000e+00
5.395228544709009845e-03 5.395228544709009845e-03 0.000000000000000000e+00 1.079045708941801969e-02 1.079045708941801969e-02 5.395228544709009845e-03 0.000000000000000000e+00 0.000000000000000000e+00 0.000000000000000000e+00 0.000000000000000000e+00 0.000000000000000000e+00 5.395228544709009845e-03 0.000000000000000000e+00 0.000000000000000000e+00 0.000000000000000000e+00 0.000000000000000000e+00 0.000000000000000000e+00
0.000000000000000000e+00 0.000000000000000000e+00 0.000000000000000000e+00 0.000000000000000000e+00 0.000000000000000000e+00 0.000000000000000000e+00 0.000000000000000000e+00 0.000000000000000000e+00 0.000000000000000000e+00 0.000000000000000000e+00 0.000000000000000000e+00 0.000000000000000000e+00 0.000000000000000000e+00 0.000000000000000000e+00 0.000000000000000000e+00 0.000000000000000000e+00 0.000000000000000000e+00
1.079045708941801969e-02 5.395228544709009845e-03 5.395228544709009845e-03 1.079045708941801969e-02 5.395228544709009845e-03 1.079045708941801969e-02 1.079045708941801969e-02 5.395228544709009845e-03 0.000000000000000000e+00 0.000000000000000000e+00 0.000000000000000000e+00 0.000000000000000000e+00 0.000000000000000000e+00 0.000000000000000000e+00 0.000000000000000000e+00 0.000000000000000000e+00 0.000000000000000000e+00
1.645964698939471685e-02 5.395228544709009845e-03 0.000000000000000000e+00 1.079045708941801969e-02 5.395228544709009845e-03 5.395228544709009845e-03 5.395228544709009845e-03 5.660790933690653184e-03 0.000000000000000000e+00 0.000000000000000000e+00 0.000000000000000000e+00 0.000000000000000000e+00 0.000000000000000000e+00 0.000000000000000000e+00 0.000000000000000000e+00 0.000000000000000000e+00 0.000000000000000000e+00
2.725010407881273133e-02 1.079045708941801969e-02 5.395228544709009845e-03 1.618568563412702693e-02 5.395228544709009845e-03 0.000000000000000000e+00 5.395228544709009845e-03 1.079045708941801969e-02 0.000000000000000000e+00 0.000000000000000000e+00 0.000000000000000000e+00 0.000000000000000000e+00 0.000000000000000000e+00 0.000000000000000000e+00 0.000000000000000000e+00 0.000000000000000000e+00 0.000000000000000000e+00
3.305101801827708269e-02 1.079045708941801969e-02 6.074875294732032596e-03 1.079045708941801969e-02 5.395228544709009845e-03 0.000000000000000000e+00 0.000000000000000000e+00 5.395228544709009845e-03 0.000000000000000000e+00 0.000000000000000000e+00 0.000000000000000000e+00 0.000000000000000000e+00 0.000000000000000000e+00 0.000000000000000000e+00 0.000000000000000000e+00 0.000000000000000000e+00 0.000000000000000000e+00
3.836835356142197923e-02 1.079045708941801969e-02 5.395228544709009845e-03 2.158091417883603938e-02 5.395228544709009845e-03 0.000000000000000000e+00 5.395228544709009845e-03 5.395228544709009845e-03 0.000000000000000000e+00 0.000000000000000000e+00 0.000000000000000000e+00 0.000000000000000000e+00 0.000000000000000000e+00 0.000000000000000000e+00 0.000000000000000000e+00 0.000000000000000000e+00 0.000000000000000000e+00
4.376358210613098126e-02 1.079045708941801969e-02 1.618568563412702693e-02 2.158091417883603938e-02 0.000000000000000000e+00 1.079045708941801969e-02 5.395228544709009845e-03 1.142188155757584839e-02 0.000000000000000000e+00 0.000000000000000000e+00 0.000000000000000000e+00 0.000000000000000000e+00 0.000000000000000000e+00 0.000000000000000000e+00 0.000000000000000000e+00 0.000000000000000000e+00 0.000000000000000000e+00
2.233030119781077155e-02 1.090841964023492316e-02 2.158091417883603938e-02 2.221233864699386981e-02 1.142188155757584839e-02 5.395228544709009845e-03 5.395228544709009845e-03 1.142188155757584839e-02 0.000000000000000000e+00 5.395228544709009845e-03 5.395228544709009845e-03 0.000000000000000000e+00 0.000000000000000000e+00 0.000000000000000000e+00 0.000000000000000000e+00 0.000000000000000000e+00 0.000000000000000000e+00
1.090841964023492316e-02 0.000000000000000000e+00 1.079045708941801969e-02 1.079045708941801969e-02 0.000000000000000000e+00 5.395228544709009845e-03 0.000000000000000000e+00 5.395228544709009845e-03 0.000000000000000000e+00 0.000000000000000000e+00 0.000000000000000000e+00 0.000000000000000000e+00 0.000000000000000000e+00 0.000000000000000000e+00 0.000000000000000000e+00 0.000000000000000000e+00 0.000000000000000000e+00
