4.529288152802778480e-03 4.529288152802778480e-03 4.529288152802778480e-03 0.000000000000000000e+00 0.000000000000000000e+00 0.000000000000000000e+00 0.000000000000000000e+00 0.000000000000000000e+00 0.000000000000000000e+00 0.000000000000000000e+00 4.529288152802778480e-03 1.358786445840833544e-02 2.264644076401389414e-02 9.058576305605556961e-03 1.358033632578924642e-02 2.717572891681667088e-02 1.811715261121111392e-02
0.000000000000000000e+00 4.529288152802778480e-03 0.000000000000000000e+00 0.000000000000000000e+00 0.000000000000000000e+00 0.000000000000000000e+00 0.000000000000000000e+00 4.529288152802778480e-03 0.000000000000000000e+00 9.058576305605556961e-03 1.358786445840833544e-02 2.717572891681667088e-02 2.264644076401389414e-02 4.529288152802778480e-03 4.529288152802778480e-03 2.264644076401389414e-02 2.264644076401389414e-02
0.000000000000000000e+00 0.000000000000000000e+00 0.000000000000000000e+00 0.000000000000000000e+00 0.000000000000000000e+00 9.058576305605556961e-03 0.000000000000000000e+00 4.529288152802778480e-03 0.000000000000000000e+00 4.529288152802778480e-03 4.529288152802778480e-03 1.116998866643476203e-02 4.529288152802778480e-03 4.529288152802778480e-03 4.529288152802778480e-03 1.358786445840833544e-02 2.264644076401389414e-02
1.131854192657272100e-02 1.358786445840833544e-02 0.000000000000000000e+00 0.000000000000000000e+00 4.529288152802778480e-03 4.529288152802778480e-03 0.000000000000000000e+00 4.529288152802778480e-03 0.000000000000000000e+00 0.000000000000000000e+00 9.058576305605556961e-03 6.640700513631982681e-03 9.058576305605556961e-03 9.058576305605556961e-03 9.058576305605556961e-03 9.058576305605556961e-03 1.358033632578924642e-02
9.058576305605556961e-03 1.358786445840833544e-02 4.529288152802778480e-03 0.000000000000000000e+00 4.529288152802778480e-03 0.000000000000000000e+00 0.000000000000000000e+00 4.529288152802778480e-03 0.000000000000000000e+00 0.000000000000000000e+00 1.116998866643476203e-02 9.058576305605556961e-03 1.358786445840833544e-02 9.058576305605556961e-03 9.058576305605556961e-03 9.058576305605556961e-03 0.000000000000000000e+00
4.529288152802778480e-03 4.529288152802778480e-03 4.529288152802778480e-03 0.000000000000000000e+00 0.000000000000000000e+00 4.529288152802778480e-03 4.529288152802778480e-03 0.000000000000000000e+00 0.000000000000000000e+00 0.000000000000000000e+00 4.529288152802778480e-03 0.000000000000000000e+00 0.000000000000000000e+00 0.000000000000000000e+00 0.000000000000000000e+00 0.000000000000000000e+00 4.529288152802778480e-03
0.000000000000000000e+00 0.000000000000000000e+00 0.000000000000000000e+00 0.000000000000000000e+00 0.000000000000000000e+00 0.000000000000000000e+00 0.000000000000000000e+00 0.000000000000000000e+00 0.000000000000000000e+00 0.000000000000000000e+00 0.000000000000000000e+00 0.000000000000000000e+00 0.000000000000000000e+00 0.000000000000000000e+00 0.000000000000000000e+00 0.000000000000000000e+00 0.000000000000000000e+00
0.000000000000000000e+00 0.000000000000000000e+00 0.000000000000000000e+00 0.000000000000000000e+00 0.000000000000000000e+00 0.000000000000000000e+00 0.000000000000000000e+00 0.000000000000000000e+00 0.000000000000000000e+00 0.000000000000000000e+00 0.000000000000000000e+00 0.000000000000000000e+00 0.000000000000000000e+00 0.000000000000000000e+00 0.000000000000000000e+00 0.000000000000000000e+00 0.000000000000000000e+00
0.000000000000000000e+00 0.000000000000000000e+00 0.000000000000000000e+00 0.000000000000000000e+00 0.000000000000000000e+00 0.000000000000000000e+00 0.000000000000000000e+00 0.000000000000000000e+00 0.000000000000000000e+00 0.000000000000000000e+00 0.000000000000000000e+00 0.000000000000000000e+00 0.000000000000000000e+00 0.000000000000000000e+00 0.000000000000000000e+00 0.000000000000000000e+00 0.000000000000000000e+00
0.000000000000000000e+00 0.000000000000000000e+00 0.000000000000000000e+00 0.000000000000000000e+00 0.000000000000000000e+00 0.000000000000000000e+00 0.000000000000000000e+00 0.000000000000000000e+00 0.000000000000000000e+00 0.000000000000000000e+00 0.000000000000000000e+00 0.000000000000000000e+00 0.000000000000000000e+00 0.000000000000000000e+00 0.000000000000000000e+00 0.000000000000000000e+00 0.000000000000000000e+00
0.000000000000000000e+00 0.000000000000000000e+00 0.000000000000000000e+00 0.000000000000000000e+00 0.000000000000000000e+00 0.000000000000000000e+00 0.000000000000000000e+00 0.000000000000000000e+00 0.000000000000000000e+00 0.000000000000000000e+00 0.000000000000000000e+00 0.000000000000000000e+00 0.000000000000000000e+00 0.000000000000000000e+00 0.000000000000000000e+00 0.000000000000000000e+00 0.000000000000000000e+00
9.058576305605556961e-03 4.529288152802778480e-03 0.000000000000000000e+00 4.529288152802778480e-03 4.529288152802778480e-03 0.000000000000000000e+00 0.000000000000000000e+00 0.000000000000000000e+00 0.000000000000000000e+00 4.529288152802778480e-03 4.529288152802778480e-03 0.000000000000000000e+00 0.000000000000000000e+00 0.000000000000000000e+00 0.000000000000000000e+00 0.000000000000000000e+00 0.000000000000000000e+00
1.358786445840833544e-02 4.529288152802778480e-03 0.000000000000000000e+00 0.000000000000000000e+00 1.358786445840833544e-02 9.058576305605556961e-03 0.000000000000000000e+00 0.000000000000000000e+00 0.000000000000000000e+00 0.000000000000000000e+00 4.529288152802778480e-03 0.000000000000000000e+00 0.000000000000000000e+00 4.529288152802778480e-03 0.000000000000000000e+00 0.000000000000000000e+00 0.000000000000000000e+00
4.529288152802778480e-03 4.529288152802778480e-03 0.000000000000000000e+00 4.529288152802778480e-03 1.358786445840833544e-02 4.529288152802778480e-03 0.000000000000000000e+00 0.000000000000000000e+00 0.000000000000000000e+00 0.000000000000000000e+00 9.058576305605556961e-03 4.529288152802778480e-03 0.000000000000000000e+00 4.529288152802778480e-03 4.529288152802778480e-03 4.529288152802778480e-03 0.000000000000000000e+00
0.000000000000000000e+00 9.058576305605556961e-03 0.000000000000000000e+00 0.000000000000000000e+00 0.000000000000000000e+00 0.000000000000000000e+00 0.000000000000000000e+00 0.000000000000000000e+00 0.000000000000000000e+00 0.000000000000000000e+00 0.000000000000000000e+00 0.000000000000000000e+00 0.000000000000000000e+00 4.529288152802778480e-03 4.529288152802778480e-03 0.000000000000000000e+00 0.000000000000000000e+00
1.868771527550993142e-02 2.717572891681667088e-02 9.058576305605556961e-03 0.000000000000000000e+00 9.058576305605556961e-03 9.058576305605556961e-03 0.000000000000000000e+00 0.000000000000000000e+00 0.000000000000000000e+00 0.000000000000000000e+00 0.000000000000000000e+00 4.529288152802778480e-03 4.529288152802778480e-03 9.058576305605556961e-03 1.252404989208477648e-02 9.058576305605556961e-03 9.058576305605556961e-03
9.058576305605556961e-03 1.811715261121111392e-02 9.058576305605556961e-03 0.000000000000000000e+00 1.811715261121111392e-02 4.529288152802778480e-03 0.000000000000000000e+00 0.000000000000000000e+00 0.000000000000000000e+00 4.529288152802778480e-03 4.529288152802778480e-03 4.529288152802778480e-03 9.058576305605556961e-03 1.358786445840833544e-02 1.358786445840833544e-02 1.811715261121111392e-02 1.811715261121111392e-02
