1.874185375446275545e-02 1.203797727752697541e-02 1.605063637003596722e-02 1.203797727752697541e-02 8.025318185017983608e-03 4.012659092508991804e-03 0.000000000000000000e+00 0.000000000000000000e+00 0.000000000000000000e+00 4.012659092508991804e-03 4.012659092508991804e-03 0.000000000000000000e+00 4.012659092508991804e-03 1.203797727752697541e-02 1.605063637003596722e-02 1.628741254960132043e-02 1.203797727752697541e-02
1.203797727752697541e-02 1.203797727752697541e-02 1.203797727752697541e-02 8.025318185017983608e-03 4.012659092508991804e-03 4.012659092508991804e-03 4.012659092508991804e-03 0.000000000000000000e+00 0.000000000000000000e+00 0.000000000000000000e+00 0.000000000000000000e+00 0.000000000000000000e+00 8.025318185017983608e-03 1.005528099835224440e-02 8.262094364583338554e-03 8.262094364583338554e-03 1.106474343517599261e-02
8.025318185017983608e-03 8.025318185017983608e-03 8.025318185017983608e-03 8.025318185017983608e-03 8.025318185017983608e-03 4.012659092508991804e-03 4.012659092508991804e-03 0.000000000000000000e+00 0.000000000000000000e+00 0.000000000000000000e+00 0.000000000000000000e+00 0.000000000000000000e+00 8.025318185017983608e-03 8.025318185017983608e-03 8.025318185017983608e-03 8.025318185017983608e-03 6.815308163101645861e-03
2.006329546254495902e-02 8.025318185017983608e-03 1.605063637003596722e-02 1.605063637003596722e-02 4.012659092508991804e-03 0.000000000000000000e+00 4.012659092508991804e-03 0.000000000000000000e+00 0.000000000000000000e+00 0.000000000000000000e+00 0.000000000000000000e+00 4.012659092508991804e-03 8.025318185017983608e-03 4.012659092508991804e-03 4.012659092508991804e-03 4.012659092508991804e-03 0.000000000000000000e+00
2.275451284697174378e-02 1.203797727752697541e-02 2.407595455505395082e-02 2.006329546254495902e-02 4.012659092508991804e-03 0.000000000000000000e+00 0.000000000000000000e+00 0.000000000000000000e+00 0.000000000000000000e+00 0.000000000000000000e+00 0.000000000000000000e+00 8.025318185017983608e-03 8.025318185017983608e-03 4.012659092508991804e-03 0.000000000000000000e+00 0.000000000000000000e+00 0.000000000000000000e+00
1.605063637003596722e-02 1.605063637003596722e-02 1.605063637003596722e-02 1.203797727752697541e-02 4.012659092508991804e-03 0.000000000000000000e+00 0.000000000000000000e+00 0.000000000000000000e+00 0.000000000000000000e+00 0.000000000000000000e+00 0.000000000000000000e+00 4.012659092508991804e-03 4.012659092508991804e-03 4.012659092508991804e-03 0.000000000000000000e+00 0.000000000000000000e+00 0.000000000000000000e+00
0.000000000000000000e+00 0.000000000000000000e+00 0.000000000000000000e+00 0.000000000000000000e+00 0.000000000000000000e+00 0.000000000000000000e+00 0.000000000000000000e+00 0.000000000000000000e+00 0.000000000000000000e+00 0.000000000000000000e+00 0.000000000000000000e+00 0.000000000000000000e+00 0.000000000000000000e+00 0.000000000000000000e+00 0.000000000000000000e+00 0.000000000000000000e+00 0.000000000000000000e+00
0.000000000000000000e+00 0.000000000000000000e+00 0.000000000000000000e+00 0.000000000000000000e+00 0.000000000000000000e+00 0.000000000000000000e+00 0.000000000000000000e+00 0.000000000000000000e+00 0.000000000000000000e+00 0.000000000000000000e+00 0.000000000000000000e+00 0.000000000000000000e+00 0.000000000000000000e+00 0.000000000000000000e+00 0.000000000000000000e+00 0.000000000000000000e+00 0.000000000000000000e+00
0.000000000000000000e+00 0.000000000000000000e+00 0.000000000000000000e+00 0.000000000000000000e+00 0.000000000000000000e+00 0.000000000000000000e+00 0.000000000000000000e+00 0.000000000000000000e+00 0.000000000000000000e+00 0.000000000000000000e+00 0.000000000000000000e+00 0.000000000000000000e+00 0.000000000000000000e+00 0.000000000000000000e+00 0.000000000000000000e+00 0.000000000000000000e+00 0.000000000000000000e+00
0.000000000000000000e+00 0.000000000000000000e+00 0.000000000000000000e+00 0.000000000000000000e+00 0.000000000000000000e+00 0.000000000000000000e+00 0.000000000000000000e+00 0.000000000000000000e+00 0.000000000000000000e+00 0.000000000000000000e+00 0.000000000000000000e+00 0.000000000000000000e+00 0.000000000000000000e+00 0.000000000000000000e+00 0.000000000000000000e+00 0.000000000000000000e+00 0.000000000000000000e+00
0.000000000000000000e+00 0.000000000000000000e+00 0.000000000000000000e+00 0.000000000000000000e+00 0.000000000000000000e+00 0.000000000000000000e+00 0.000000000000000000e+00 0.000000000000000000e+00 0.000000000000000000e+00 0.000000000000000000e+00 0.000000000000000000e+00 0.000000000000000000e+00 0.000000000000000000e+00 0.000000000000000000e+00 0.000000000000000000e+00 0.000000000000000000e+00 0.000000000000000000e+00
0.000000000000000000e+00 0.000000000000000000e+00 0.000000000000000000e+00 0.000000000000000000e+00 0.000000000000000000e+00 4.012659092508991804e-03 4.012659092508991804e-03 0.000000000000000000e+00 0.000000000000000000e+00 0.000000000000000000e+00 0.000000000000000000e+00 4.012659092508991804e-03 0.000000000000000000e+00 0.000000000000000000e+00 0.000000000000000000e+00 0.000000000000000000e+00 0.000000000000000000e+00
4.012659092508991804e-03 4.012659092508991804e-03 4.012659092508991804e-03 8.025318185017983608e-03 4.012659092508991804e-03 8.025318185017983608e-03 1.203797727752697541e-02 4.012659092508991804e-03 0.000000000000000000e+00 0.000000000000000000e+00 0.000000000000000000e+00 4.012659092508991804e-03 0.000000000000000000e+00 0.000000000000000000e+00 0.000000000000000000e+00 0.000000000000000000e+00 0.000000000000000000e+00
1.203797727752697541e-02 4.012659092508991804e-03 4.012659092508991804e-03 8.025318185017983608e-03 4.012659092508991804e-03 8.025318185017983608e-03 1.605063637003596722e-02 8.025318185017983608e-03 0.000000000000000000e+00 0.000000000000000000e+00 0.000000000000000000e+00 4.012659092508991804e-03 4.012659092508991804e-03 0.000000000000000000e+00 0.000000000000000000e+00 0.000000000000000000e+00 0.000000000000000000e+00
4.012659092508991804e-03 8.025318185017983608e-03 8.025318185017983608e-03 4.012659092508991804e-03 4.012659092508991804e-03 4.012659092508991804e-03 4.012659092508991804e-03 4.012659092508991804e-03 0.000000000000000000e+00 0.000000000000000000e+00 0.000000000000000000e+00 0.000000000000000000e+00 0.000000000000000000e+00 0.000000000000000000e+00 0.000000000000000000e+00 0.000000000000000000e+00 0.000000000000000000e+00
2.407595455505395082e-02 1.203797727752697541e-02 1.605063637003596722e-02 1.605063637003596722e-02 1.203797727752697541e-02 4.012659092508991804e-03 8.025318185017983608e-03 0.000000000000000000e+00 0.000000000000000000e+00 0.000000000000000000e+00 0.000000000000000000e+00 0.000000000000000000e+00 0.000000000000000000e+00 0.000000000000000000e+00 0.000000000000000000e+00 0.000000000000000000e+00 0.000000000000000000e+00
3.210127274007193443e-02 1.898435826369873972e-02 1.605063637003596722e-02 2.407595455505395082e-02 8.025318185017983608e-03 1.203797727752697541e-02 8.025318185017983608e-03 4.012659092508991804e-03 0.000000000000000000e+00 4.012659092508991804e-03 4.012659092508991804e-03 0.000000000000000000e+00 0.000000000000000000e+00 0.000000000000000000e+00 0.000000000000000000e+00 0.000000000000000000e+00 0.000000000000000000e+00
