1.731342985955771914e-04 2.169426971333868713e-03 2.598560877823606965e-03 1.495505318066454306e-03 1.904477284551349186e-03 1.654664763196544508e-03 2.322834071736058249e-03 1.321232387219045332e-03 0.000000000000000000e+00 3.462685971911543827e-04 8.656714929778859839e-04 1.843634117931481015e-03 1.731439416120347796e-03 2.374311403628999190e-03 2.822669172366053161e-03 3.110116771742637686e-03 2.201081660468789600e-03
1.043976727944688314e-03 1.390864176467692358e-03 1.737132773658846578e-03 1.566362255709833695e-03 1.904477284551349186e-03 2.050572873103223039e-03 2.292054850672221433e-03 1.460219651327004931e-03 0.000000000000000000e+00 0.000000000000000000e+00 6.925371943823087654e-04 2.597014478933657843e-03 1.882175681461239472e-03 3.641468448448567045e-03 3.400306592092591177e-03 2.647742953923105241e-03 1.561075111626374252e-03
1.317494839824310355e-03 1.561555434791750191e-03 1.731342985955771968e-03 2.426243960984644961e-03 3.289551673315966717e-03 2.289429818506152556e-03 2.505825823877181908e-03 2.152756845709313371e-03 0.000000000000000000e+00 6.925371943823087654e-04 1.583519571414282673e-03 3.116417374720389499e-03 2.881976906668626531e-03 2.385702778845041373e-03 2.297308874599877405e-03 1.186292509319710354e-03 1.038805791573463094e-03
9.645776790615317141e-04 1.558208687360194749e-03 2.077611583146926188e-03 2.253109662389067742e-03 2.560068314686608348e-03 2.353575793298374585e-03 3.662119680473960304e-03 3.656506277730366388e-03 0.000000000000000000e+00 5.194028957867315470e-04 1.576156859645934947e-03 3.451345523125254680e-03 2.702382548308166366e-03 1.846320696587591247e-03 1.363651624051827153e-03 8.702612284099624880e-04 6.925371943823087654e-04
6.183090818703773856e-04 8.707004202688257847e-04 1.559755086250143221e-03 2.490493729168334093e-03 2.330920071595831040e-03 3.537831234473931552e-03 3.773716379159523966e-03 3.315580885849038050e-03 0.000000000000000000e+00 1.648186870760195988e-03 2.477798629862260679e-03 3.665466583694289553e-03 3.462685971911543936e-03 2.638338037616701475e-03 1.948215971041815852e-03 1.560623815167618000e-03 1.519060848983786512e-03
2.720404846792230029e-04 8.656714929778859839e-04 6.995033596099076894e-04 2.439533695319003135e-03 1.750479029337684940e-03 3.669041789284562243e-03 5.704807807870838042e-03 5.256678637868559927e-03 0.000000000000000000e+00 3.412886245140597016e-03 5.132117696373483459e-03 4.510211818182704828e-03 3.145505769039883253e-03 3.289551673315966717e-03 2.433095382177042753e-03 1.387489516572040348e-03 1.385074388764617531e-03
5.194028957867315470e-04 5.194028957867315470e-04 1.348229537091496762e-03 1.789459988690147735e-03 2.653920109706324037e-03 6.345707779966379587e-03 8.215188053390545461e-03 7.422571990464693972e-03 0.000000000000000000e+00 4.350665267861996560e-03 7.401616894376261170e-03 5.833184157154006760e-03 2.972371470444306035e-03 2.770148777529235062e-03 1.934149945806164965e-03 1.211940090169040312e-03 8.739936111837273182e-04
7.914433804659546040e-04 8.678709421168297232e-04 1.733542435094715707e-03 2.931774347114096419e-03 3.381078745725159609e-03 8.289060890039823964e-03 1.333895394390029361e-02 1.316146019627168276e-02 0.000000000000000000e+00 6.969024808441462958e-03 9.693458565411540787e-03 6.801388838737074810e-03 4.079541851341322856e-03 3.686798951471311706e-03 2.402846165999292585e-03 1.405531848180471832e-03 1.544932294011390917e-03
1.400824459652686739e-03 2.289985821792649145e-03 4.253456389581479133e-03 6.385088069576124077e-03 7.658693005099502689e-03 1.733623056821260305e-02 3.200894815776142432e-02 2.959529017528584466e-02 0.000000000000000000e+00 1.722058029171342347e-02 2.061306536647086740e-02 1.162983727818527740e-02 7.351272544742119310e-03 5.702901554325822894e-03 5.229551301513295919e-03 2.265927767011902388e-03 2.039927109892418489e-03
1.038805791573463094e-03 1.346030087952553456e-03 3.077373073908324774e-03 4.494804782943202272e-03 6.245793872196384912e-03 1.299848048136820026e-02 2.121153039433825230e-02 1.501415059538033052e-02 0.000000000000000000e+00 6.534136130735644817e-03 9.706670484587757650e-03 4.693763710626882961e-03 3.614797819843071792e-03 3.080820272698640751e-03 2.147402102239734985e-03 2.051770558384291565e-03 1.602528229752015355e-03
1.356238137898713994e-03 1.519164386548130675e-03 2.384835879526016333e-03 3.462685971911543936e-03 5.195575356757264375e-03 9.318122275357507492e-03 1.081659193660476463e-02 6.552900182509907752e-03 0.000000000000000000e+00 2.585131787850007083e-03 4.895642648864503323e-03 3.749311749420382051e-03 3.298633572112115962e-03 2.169087942819608941e-03 2.036071635211082059e-03 1.211940090169040312e-03 1.038805791573463094e-03
1.603600549006222809e-03 2.776496338363198830e-03 3.118919133773494397e-03 3.150609451978386537e-03 4.207179234738047703e-03 6.076173934679173286e-03 6.025630999102324879e-03 4.201898642840457866e-03 0.000000000000000000e+00 2.423856191933947309e-03 3.667955398980564385e-03 3.442003044163518231e-03 3.531517060429934570e-03 1.959119023711472073e-03 1.767149974711673330e-03 1.288909541671097708e-03 9.408167555402733835e-04
1.921961296811476897e-03 3.334943534961994343e-03 3.638322029560226052e-03 4.783781291157168658e-03 6.059774905080497938e-03 6.744039883449830068e-03 5.072481190524147018e-03 2.003434605738142488e-03 0.000000000000000000e+00 1.038805791573463094e-03 3.363836174665705767e-03 3.787595876192104052e-03 3.467202539919552601e-03 2.386934016091031129e-03 1.745399734218191579e-03 1.572265435622614361e-03 5.358455366315167468e-04
3.217394161334269885e-03 4.206393899997257387e-03 5.271848432038435395e-03 5.871664663863083826e-03 5.983302723159069324e-03 4.350815276041095428e-03 2.801535574579981647e-03 1.142202836378666125e-03 0.000000000000000000e+00 1.558208687360194749e-03 3.121401850528748335e-03 2.542031891328529799e-03 3.077121423513223125e-03 2.952564241876341408e-03 1.038805791573463094e-03 6.842287815639784077e-04 5.110944829684011892e-04
4.892028484433700274e-03 4.775937109777416388e-03 5.129983063228544214e-03 5.608249708307365064e-03 4.376872311175147683e-03 2.953400837638025904e-03 2.801560333873267389e-03 1.385074388764617531e-03 0.000000000000000000e+00 6.925371943823087654e-04 2.082912552969526637e-03 1.632601820915504862e-03 3.114442894456049844e-03 3.266348480525360903e-03 2.219758343353667607e-03 1.378312374836235645e-03 6.472943397879629300e-04
7.841761064867495967e-03 5.844019173293718561e-03 6.812471930313260086e-03 6.508528263201592869e-03 5.041773636800184893e-03 2.510246033321858992e-03 1.836906760415302035e-03 6.925371943823087654e-04 0.000000000000000000e+00 1.785540649332275894e-04 1.496082688855084010e-03 2.010065818304164996e-03 3.776057591823209127e-03 3.574976010309447415e-03 3.741020866466813512e-03 2.764349557011823097e-03 1.515475025066767090e-03
1.130566538397645773e-02 9.610654560412308298e-03 8.844593663544991075e-03 6.979424837452588744e-03 4.374693151479347106e-03 3.650011278840572040e-03 2.323081126309646180e-03 8.656714929778859839e-04 0.000000000000000000e+00 3.462685971911543827e-04 1.409987730650133194e-03 2.448240461729627154e-03 2.910386098845323902e-03 3.428099759370618459e-03 4.430517805378470647e-03 4.618430648843934935e-03 2.572239688694621332e-03
