1.388133051338125319e-03 1.192989682566343709e-03 4.069297888892494373e-04 1.191618077918851683e-03 1.394352837232255924e-03 7.860598936770942175e-04 7.860598936770942175e-04 6.062643867366752579e-04 1.973483452622787609e-03 1.580453505784240554e-03 8.817335902103574713e-04 1.569083092138457433e-03 3.930299468385471087e-04 1.555244628664485601e-03 2.104882276526278632e-03 2.358179681031282761e-03 3.391892687786491906e-03
2.174192945015219428e-03 2.358179681031282761e-03 1.375604813934915016e-03 1.388133051338125319e-03 9.825748670963677447e-04 1.965149734192735544e-04 3.930299468385471087e-04 5.895449202578206902e-04 1.629990163994890799e-03 2.554694654450556397e-03 1.375604813934915016e-03 1.572119787354188435e-03 1.178578678739075581e-03 1.794479778892809274e-03 3.300972254954649080e-03 4.209595052468095844e-03 3.848346749508431332e-03
2.456349085036008649e-03 3.982312504287464222e-03 1.828200502060754393e-03 1.768634760773461854e-03 7.860598936770942175e-04 3.930299468385471087e-04 3.930299468385471087e-04 9.920978786854808742e-04 2.760732639458942945e-03 3.177936201566278554e-03 3.070964629202301184e-03 1.965149734192735489e-03 1.918482204313437479e-03 1.572119787354188435e-03 4.255769862402104982e-03 4.936919921156245582e-03 5.887508272972643251e-03
2.512617241573862886e-03 4.031824773030208246e-03 4.043625820160394804e-03 2.599554365294845602e-03 1.598231474901136949e-03 7.860598936770942175e-04 1.752854686004094329e-03 3.591425084960846170e-03 5.306707028527802433e-03 5.333922277986147611e-03 5.531922191032392910e-03 4.113905517149244601e-03 3.637946494233402876e-03 3.035125469288075910e-03 4.189066234101098719e-03 3.084779642228419050e-03 2.881849474749581357e-03
2.686532973245723318e-03 4.216898040291578408e-03 4.798494806536978199e-03 4.545956076190239316e-03 2.554694654450556397e-03 1.572119787354188435e-03 1.332828613864395608e-03 3.378750674693512240e-03 6.937909985830281907e-03 5.756341364160384028e-03 5.656783426432729703e-03 3.984112164112915688e-03 4.082505226880326320e-03 3.730173027385893722e-03 3.815306844376215294e-03 2.783116669073814557e-03 3.169304568430321434e-03
3.249848495518620987e-03 2.970461370081903252e-03 4.132353569973124321e-03 4.378276491127895687e-03 4.540761685759822121e-03 2.976559989646032373e-03 3.693606079330545924e-03 6.407598797087464201e-03 1.278976182707227544e-02 9.772644432081943611e-03 6.490168431455181630e-03 4.516978518530384047e-03 3.753995648148368298e-03 3.337143080547346451e-03 2.574472396196232898e-03 2.445516975598872531e-03 2.682530449225816079e-03
2.423579712741138169e-03 1.230569776285041824e-03 2.253399039013327405e-03 3.385614258971939711e-03 3.443066295228277424e-03 3.794124356380891658e-03 3.179938339016843887e-03 8.774488338453425434e-03 2.254202997364964864e-02 1.143103640655305370e-02 6.225365784401527304e-03 3.199016907114402963e-03 2.627071252938522044e-03 1.571793159696237068e-03 9.825748670963677447e-04 1.179089840515641380e-03 7.860598936770942175e-04
1.375604813934915016e-03 1.111743010821606738e-03 8.022363941772988824e-04 1.111743010821606738e-03 1.572119787354188435e-03 1.572119787354188435e-03 3.053354350759308628e-03 6.425263145500035265e-03 1.823748426565508299e-02 8.193017176691930539e-03 4.607184366746503237e-03 1.855974738876673205e-03 1.375604813934915016e-03 9.825748670963677447e-04 1.965149734192735544e-04 3.930299468385471087e-04 1.965149734192735544e-04
0.000000000000000000e+00 0.000000000000000000e+00 0.000000000000000000e+00 0.000000000000000000e+00 0.000000000000000000e+00 0.000000000000000000e+00 0.000000000000000000e+00 0.000000000000000000e+00 0.000000000000000000e+00 0.000000000000000000e+00 0.000000000000000000e+00 0.000000000000000000e+00 0.000000000000000000e+00 0.000000000000000000e+00 0.000000000000000000e+00 0.000000000000000000e+00 0.000000000000000000e+00
3.930299468385471087e-04 5.895449202578206902e-04 1.375464471152735169e-03 2.597881597932987646e-03 2.361181059995350658e-03 4.082137367517984367e-03 5.767534437269085032e-03 1.042449100243982192e-02 2.597176052502582488e-02 9.740167156628084730e-03 3.343948575875000696e-03 2.724777551384588870e-03 1.379334188903103735e-03 1.414404572233665149e-03 7.577917562097409403e-04 3.930299468385471087e-04 9.825748670963677447e-04
1.572119787354188435e-03 1.225796258022499551e-03 2.827740955769345206e-03 3.598655668463397999e-03 7.621588962794527584e-03 7.721421354905617061e-03 8.977868726805277380e-03 1.526843755284781889e-02 3.265575427191342445e-02 1.077165533908498382e-02 5.078142777502249114e-03 3.989623812603588018e-03 1.968478569854853043e-03 1.413677405269641750e-03 4.318297051372971328e-04 7.855752571425076445e-04 1.088562010374478136e-03
3.973389157905998954e-03 4.936881566076683527e-03 4.966166841278579942e-03 7.482097632209302324e-03 8.118096862093873711e-03 5.686567497618710137e-03 5.821571198510065367e-03 1.041580284521295349e-02 1.541270517191943752e-02 7.465859282609558188e-03 3.423655532974914043e-03 2.226989384238829521e-03 1.715548025511948356e-03 2.592767245785282913e-03 1.021374625395117877e-03 8.367942332351547934e-04 7.298143586809108891e-04
5.158031881414799208e-03 8.333748205539873513e-03 7.340617166618976230e-03 7.191997356893089187e-03 6.282385380165790047e-03 4.463031056753720763e-03 3.925539551714757672e-03 5.775245932548532350e-03 6.872430573756502063e-03 3.777749837920766143e-03 2.211706234705503211e-03 1.989616038045238008e-03 3.340754548127650506e-03 4.632706492086042377e-03 2.553598709562846219e-03 1.046682950009476636e-03 6.238272154028007147e-04
6.946497060003421764e-03 9.704142148940849907e-03 8.791848173259085575e-03 5.614024969584552847e-03 4.202551300565040421e-03 2.297618198638679259e-03 3.139479658037663563e-03 4.422833823202355387e-03 5.931954754674832742e-03 3.578501516634867690e-03 2.536554202566488649e-03 8.712175261912721716e-04 2.112276625300411881e-03 3.537269521546923708e-03 2.396979439330032893e-03 2.240571764570642270e-03 2.288749047074880097e-03
9.546850092223396408e-03 1.045862462264552858e-02 7.689124686538296137e-03 4.051165155832386726e-03 3.751018116254238935e-03 2.812551366855593152e-03 2.466320358428238622e-03 3.179265686645424242e-03 4.555101758517429190e-03 3.861559799759713401e-03 2.346491479878281671e-03 7.860598936770942175e-04 1.179089840515641380e-03 2.593494412749306529e-03 1.807434519072211986e-03 2.751209627869830032e-03 2.676316927698747013e-03
7.940356776736238673e-03 7.576999582857016184e-03 5.710954401687133933e-03 2.594533101096008296e-03 2.930287676923966703e-03 1.531032208134351863e-03 2.107495788521234446e-03 1.962756262512512125e-03 4.157427341234585724e-03 2.553713758377220821e-03 1.086887043487574358e-03 5.895449202578206902e-04 1.179089840515641380e-03 1.572119787354188435e-03 9.825748670963677447e-04 2.554694654450556397e-03 2.052489712295946841e-03
5.239175541598746315e-03 5.669147495948761474e-03 3.145713195008630839e-03 2.358179681031282761e-03 2.161664707612009125e-03 5.895449202578206902e-04 1.179089840515641380e-03 1.179089840515641380e-03 2.440258914638694914e-03 2.408665119135518663e-03 1.572119787354188435e-03 1.105814895009565911e-03 1.894181279210820036e-03 1.572119787354188435e-03 1.375604813934915016e-03 1.992601561755303827e-03 1.802917055918441987e-03
