9.314442749592566654e-04 1.753030599510284554e-03 1.511329601831055101e-03 1.060756203782123493e-03 4.813522574464025702e-04 3.967386858439764957e-04 3.250520969597199745e-04 2.418463448906341335e-04 0.000000000000000000e+00 1.433731777685129881e-04 1.003612244379590863e-03 2.171378339164932968e-03 2.999228509390619146e-03 4.065680424863515365e-03 5.619210743083462301e-03 5.659709104521141489e-03 5.755432145748006975e-03
1.048688007083563864e-03 1.635971138237621823e-03 1.856722854414382664e-03 1.721016519942686470e-03 1.420742605894614223e-03 7.756820999491515801e-04 6.464324417386863812e-04 3.741431369282625236e-04 0.000000000000000000e+00 3.863029073401736866e-04 1.657284927673516317e-03 3.261398144849422375e-03 4.617644912372396993e-03 6.132038627914559135e-03 7.390948942603061192e-03 7.149655255582790594e-03 6.231739635869576639e-03
1.350065905466391438e-03 1.944799188325872785e-03 2.429367716732108978e-03 2.887008123786075076e-03 2.430440273050670907e-03 1.062072305038398246e-03 6.501994533755205705e-04 4.301195333055389644e-04 0.000000000000000000e+00 6.451792999583083653e-04 2.046689513584725503e-03 4.569796985315244427e-03 6.448647228812236579e-03 8.753320632310093372e-03 8.544696538974732095e-03 7.256573256992168534e-03 4.701069974652339299e-03
1.523141635330732026e-03 1.574501315026610119e-03 2.405330213098347790e-03 3.042581421826097855e-03 3.387917133044173173e-03 2.007156279161101311e-03 1.387074702403899660e-03 4.320185017989778544e-04 0.000000000000000000e+00 1.362045188800873252e-03 3.818540955793663441e-03 7.284089975155472532e-03 9.335840901429751787e-03 9.888820451536379022e-03 8.143049265662335306e-03 5.499015485432948505e-03 3.302074128316769431e-03
1.879353635841042635e-03 1.846326046415619091e-03 2.188730891387215619e-03 3.213604380982486124e-03 4.483307080411853135e-03 3.735153439492483376e-03 3.015837747251866666e-03 7.187648573360038307e-04 0.000000000000000000e+00 2.138800320657048386e-03 6.203742623031425867e-03 9.727111530591777203e-03 1.020864630250049865e-02 9.457599691511784160e-03 6.601488931820090680e-03 4.189145042267005022e-03 2.441325942321337979e-03
1.496161494549989261e-03 1.347370116591406963e-03 2.094683719227067187e-03 2.663487016213619829e-03 3.747125415411966566e-03 4.092970941221543008e-03 3.775724464142459109e-03 1.240842179600256789e-03 0.000000000000000000e+00 3.740655279283086089e-03 7.519532904134492747e-03 9.884920635444867029e-03 8.612644185642137976e-03 6.346720301578608579e-03 4.149957379294068500e-03 2.427592106322506472e-03 1.649847414239092973e-03
5.592874986487478359e-04 7.677468433829584462e-04 1.410803348503558881e-03 1.722925109393004138e-03 2.543232570734500764e-03 3.619296000893155053e-03 3.825813031784125635e-03 1.811263741139209488e-03 0.000000000000000000e+00 4.659628277476671708e-03 7.428487296200424542e-03 7.793540555938820863e-03 5.513004144676336184e-03 3.618367184998484351e-03 2.169674211695358634e-03 1.222116193467485826e-03 9.551809916172116551e-04
2.177162167536075897e-04 4.902573598653295036e-04 7.770037154023555883e-04 9.354531999066292717e-04 1.146985422148103905e-03 1.634586331912595220e-03 2.007224488759181726e-03 1.075298833263847384e-03 0.000000000000000000e+00 2.955990178957435596e-03 4.336140166204737086e-03 4.042839753687758365e-03 2.482430308716203522e-03 1.340004865324798686e-03 1.053258509787772601e-03 6.436362169059654673e-04 5.931379454639051745e-04
0.000000000000000000e+00 0.000000000000000000e+00 0.000000000000000000e+00 0.000000000000000000e+00 0.000000000000000000e+00 0.000000000000000000e+00 0.000000000000000000e+00 0.000000000000000000e+00 0.000000000000000000e+00 0.000000000000000000e+00 0.000000000000000000e+00 0.000000000000000000e+00 0.000000000000000000e+00 0.000000000000000000e+00 0.000000000000000000e+00 0.000000000000000000e+00 0.000000000000000000e+00
6.528728769045138254e-04 9.396192324415396932e-04 1.154678999094309148e-03 2.526086236261513261e-03 4.134807396411087008e-03 6.725499455762836559e-03 7.723901896754992343e-03 5.076275033320808670e-03 0.000000000000000000e+00 1.577104955453642815e-03 2.438639080597027140e-03 2.505063717520723907e-03 1.648791544337899553e-03 8.602390666110779288e-04 4.341437827720677121e-04 4.373395730254646114e-04 9.336367933078435464e-05
1.582553460005733372e-03 2.561571716116854084e-03 3.042724745347839127e-03 5.745485770328624502e-03 9.775227692688097034e-03 1.369910259938173815e-02 1.380393020408344530e-02 7.446947426286041824e-03 0.000000000000000000e+00 2.509030610948977374e-03 4.662325257458889427e-03 4.839222440932593183e-03 3.122925830717022868e-03 1.647328377462915945e-03 8.073996630757247382e-04 5.724056874900791941e-04 2.867463555370259763e-04
2.951533630241599034e-03 3.757429965259471375e-03 5.864666060787041349e-03 1.055042473654228471e-02 1.557780667915032412e-02 1.694281841376825415e-02 1.411212273555171627e-02 5.821965379124664948e-03 0.000000000000000000e+00 1.648791544337899553e-03 3.826998072826310812e-03 5.073228822424800076e-03 4.299940390667810960e-03 2.492558040188472095e-03 1.401212298001244545e-03 1.016281307261472948e-03 4.301195333055389644e-04
4.808338156570064748e-03 6.219561016290035479e-03 9.978102663750590059e-03 1.470473903786784220e-02 1.736424792261375902e-02 1.491693294764792448e-02 1.024006212010398174e-02 3.364566899560002700e-03 0.000000000000000000e+00 7.168658888425648865e-04 3.232871323111845014e-03 5.100509441255111909e-03 4.876962029412617618e-03 3.679731595815255094e-03 2.690840247839196980e-03 1.599651704591122754e-03 7.328716053810710755e-04
6.712731460197109146e-03 8.890341034316970661e-03 1.243001527097526392e-02 1.502248770391346674e-02 1.450085726766367836e-02 1.016934389636215547e-02 5.837497457726513461e-03 1.930678418992246839e-03 0.000000000000000000e+00 6.566412175874606532e-04 2.226495349313476358e-03 3.558721910373922881e-03 4.347831331207080777e-03 3.605216262369296924e-03 3.200320365583240751e-03 2.004831719602434819e-03 7.985724314571477842e-04
7.929409215753985968e-03 1.018133800192155825e-02 1.334478412590239978e-02 1.296099010774902360e-02 1.020635543639080919e-02 5.897783575085665912e-03 3.022070195433075937e-03 1.242116908486302603e-03 0.000000000000000000e+00 5.542794061817872845e-04 1.155139259146743683e-03 1.549088949571225367e-03 2.346581388303758432e-03 2.741580623454628173e-03 2.764407323643297467e-03 2.418363448212312080e-03 1.200025001444623681e-03
7.646712632623683427e-03 9.211166090750294230e-03 9.634071386292511127e-03 8.842945554162331967e-03 5.630414716340977239e-03 3.681070747082979943e-03 2.122882511210660589e-03 1.380630605372137496e-03 0.000000000000000000e+00 1.433731777685129881e-04 5.734927110740519526e-04 7.885524777268214077e-04 1.123523337703402755e-03 1.484139572367975052e-03 2.132392366769521753e-03 1.835742789932195843e-03 1.284088393692669030e-03
7.167693744610283309e-03 6.635128277682069732e-03 5.561996326123365766e-03 4.690457182751182549e-03 3.232984859669751996e-03 2.745584816443534873e-03 2.264476928784449599e-03 1.178070429247591493e-03 0.000000000000000000e+00 2.150597666527694822e-04 2.867463555370259763e-04 5.018061221897954314e-04 7.057598655680795896e-04 9.084635710506331913e-04 1.067453632577540805e-03 8.215490177306581732e-04 9.062324672704750051e-04
