2.213696858037371862e-03 2.829666941539164555e-03 2.047775629179272427e-03 1.257629751795184391e-03 1.334885084802515985e-03 1.886444627692776370e-03 3.144074379487960978e-04 3.144074379487960978e-04 0.000000000000000000e+00 1.074668153646667198e-03 1.646984398099966395e-03 1.020477646853719562e-03 6.288148758975921956e-04 9.432223138463881849e-04 1.257629751795184391e-03 1.257629751795184391e-03 2.200852065641572576e-03
2.515259503590368782e-03 2.515259503590368782e-03 1.848220372533202014e-03 1.572037189743980381e-03 1.257629751795184391e-03 2.515259503590368782e-03 1.572037189743980381e-03 6.288148758975921956e-04 0.000000000000000000e+00 1.165878886203579020e-03 1.222416710684766285e-03 1.595134007298235155e-03 0.000000000000000000e+00 0.000000000000000000e+00 1.260197162629118515e-03 9.432223138463881849e-04 1.257629751795184391e-03
2.829666941539164555e-03 2.200852065641572576e-03 2.791442686379590199e-03 1.572037189743980381e-03 1.334885084802515985e-03 1.886444627692776370e-03 1.572037189743980381e-03 9.432223138463881849e-04 0.000000000000000000e+00 6.288148758975921956e-04 6.857506348296586209e-04 1.579402976089642856e-03 3.144074379487960978e-04 9.432223138463881849e-04 2.370958567584231617e-03 1.034758640954759092e-03 2.205774734712812914e-03
1.607821046992648434e-03 2.200852065641572576e-03 2.539007075963260231e-03 9.432223138463881849e-04 9.432223138463881849e-04 2.297561802563103696e-03 2.519261056293466920e-03 1.257629751795184391e-03 0.000000000000000000e+00 1.165878886203579020e-03 2.248461569090197051e-03 3.772889255385552740e-03 6.288148758975921956e-04 1.572037189743980381e-03 1.637903483194934600e-03 1.949743510309796899e-03 1.742143691686640289e-03
2.428871458855745916e-03 3.676592587687454918e-03 2.848683210366007457e-03 1.551650212586934072e-03 1.584881982139780101e-03 3.607537031593310069e-03 3.475937273684188717e-03 1.257629751795184391e-03 0.000000000000000000e+00 3.169748487827303302e-04 1.583180435183535045e-03 3.499305623307993624e-03 1.270021025133092740e-03 1.427736253737843866e-03 2.809562023552603267e-03 2.200852065641572576e-03 1.947726825737972674e-03
4.938343202156171563e-03 4.419929579956390596e-03 3.103167529130700184e-03 2.858777833341380123e-03 3.837069643817620987e-03 5.465716852092409456e-03 6.374061373013744335e-03 2.831977599643944587e-03 0.000000000000000000e+00 2.768130593833313842e-03 5.977093194335770729e-03 7.685367039596452225e-03 2.735561409428933534e-03 3.009757629082926000e-03 4.472838748070829921e-03 2.660732650869219052e-03 2.610729629762287025e-03
6.063401640977892672e-03 5.344926445129533771e-03 3.468308751121707608e-03 3.301853592771684161e-03 3.812167492953246785e-03 5.857727200944940447e-03 8.726635563133924856e-03 5.032829665285516729e-03 0.000000000000000000e+00 5.603712376412067590e-03 9.515850684486903965e-03 1.247577034543506137e-02 5.750075769270533016e-03 5.969452409330470652e-03 5.109852366764131015e-03 4.518234123685626290e-03 4.555157167561621478e-03
7.259663748883854635e-03 5.954456410528682561e-03 4.481152211965053547e-03 4.772819866619963484e-03 3.245249823193254411e-03 6.335309529913895656e-03 1.139127252550877975e-02 7.479039698499882760e-03 0.000000000000000000e+00 7.619264244007697452e-03 1.030865024287218323e-02 1.317556587301236051e-02 8.540022112396329634e-03 8.276754821154159308e-03 7.376945707711034944e-03 6.961335617145451848e-03 6.645435423520543172e-03
9.760305792869062441e-03 7.264601947155053911e-03 6.555946914614193405e-03 1.334996269293375892e-02 1.054811758683450729e-02 1.459682659653260134e-02 1.996854079505603827e-02 1.366079683069241872e-02 0.000000000000000000e+00 1.614143624296973667e-02 1.660307126348548740e-02 2.192864903976131374e-02 1.721849535518558960e-02 1.298008898546836043e-02 8.612362294632875531e-03 7.505895639850218223e-03 7.953811112253418233e-03
6.488668089952150282e-03 6.093958419893187074e-03 6.073636756334794586e-03 6.923132967691624992e-03 5.920273948307628806e-03 7.692888734100966804e-03 9.236295966796318618e-03 6.200541417826509888e-03 0.000000000000000000e+00 1.102304182126969713e-02 8.182009312873994578e-03 1.071465317011400728e-02 7.402404138980736223e-03 6.400621986740415506e-03 5.098239072048138358e-03 5.474850010018328036e-03 4.790021273133744130e-03
5.433174079785231189e-03 2.938641405727316844e-03 3.518676120182046268e-03 5.376224454078364946e-03 3.375113490638838483e-03 2.871685045993867692e-03 4.859203908900998174e-03 3.325390974316593234e-03 0.000000000000000000e+00 5.689979136002235906e-03 3.011645434418622463e-03 4.651508275226765368e-03 2.733721358837579163e-03 3.832023852944919928e-03 4.047436699210187755e-03 4.740974175768770428e-03 4.836719428738491498e-03
3.842119844178384924e-03 3.173448440446167539e-03 3.613918525055540096e-03 3.457802076619973224e-03 1.607727022770040395e-03 3.291128685185541920e-03 4.472603352792627919e-03 2.090858040075663834e-03 0.000000000000000000e+00 2.782570945751684267e-03 3.598325975001512127e-03 3.606331783537239377e-03 1.795103925535699013e-03 2.398442444493778785e-03 1.621240646855924864e-03 2.878870398651108605e-03 4.451847469808193312e-03
3.591768388155656012e-03 2.480847821050429034e-03 2.871429779189142890e-03 4.401024390466361409e-03 1.572037189743980381e-03 9.432223138463881849e-04 1.691740450652659458e-03 1.124538908675020224e-03 0.000000000000000000e+00 1.350337936013616940e-03 1.337708734044280390e-03 9.432223138463881849e-04 1.886444627692776370e-03 1.854877231896273019e-03 6.334531245477774408e-04 2.878870398651108605e-03 5.116815282496342543e-03
3.986887952933135769e-03 2.385476702230948393e-03 2.859736399329578828e-03 5.035683499523598700e-03 2.200852065641572576e-03 3.144074379487960978e-04 1.800978061195949520e-03 1.800978061195949087e-03 0.000000000000000000e+00 7.862486375683735550e-04 1.515394515902363133e-03 1.280726569349439382e-03 3.167813784191387183e-04 1.254044428392696049e-03 6.288148758975921956e-04 2.021955058516611455e-03 3.544778092752362813e-03
4.401704131283145152e-03 4.716111569231941358e-03 2.829666941539164555e-03 2.515259503590368782e-03 2.200852065641572576e-03 1.886444627692776370e-03 6.288148758975921956e-04 9.957000608250019067e-04 0.000000000000000000e+00 8.789568217868062123e-04 7.480463742966330081e-04 6.288148758975921956e-04 6.311888163679348161e-04 1.882859304290288027e-03 9.432223138463881849e-04 2.213902585962959375e-03 4.501050926920138230e-03
4.008330188774808338e-03 2.829666941539164555e-03 2.869523469373789961e-03 1.886444627692776370e-03 1.572037189743980381e-03 1.165760207439138626e-03 3.144074379487960978e-04 3.144074379487960978e-04 0.000000000000000000e+00 1.572037189743980381e-03 6.288148758975921956e-04 3.144074379487960978e-04 6.288148758975921956e-04 1.572037189743980381e-03 1.100656075517169544e-03 2.595080786257882195e-03 5.721025123449761073e-03
5.620223906353414775e-03 3.812745783220178580e-03 2.869523469373789961e-03 1.571357448927197288e-03 9.432223138463881849e-04 1.572037189743980381e-03 1.260233112291872558e-03 9.432223138463881849e-04 0.000000000000000000e+00 5.645493838380102230e-04 3.144074379487960978e-04 6.288148758975921956e-04 5.370640103059868241e-04 5.761017638811927622e-04 6.678526294727981337e-04 1.337451034462697804e-03 2.200852065641572576e-03
