1.769114401133405371e-03 2.311518271276012323e-03 3.223585081673634601e-03 9.120668103976222775e-04 2.252312400723739151e-03 1.733638703457009026e-03 1.155759135638006162e-03 1.155759135638006162e-03 0.000000000000000000e+00 5.778795678190030809e-04 5.778795678190030809e-04 1.865319026878149277e-03 1.876229791571560343e-03 3.044329928578630353e-03 4.623036542552024647e-03 5.778795678190029941e-03 5.208673135826600437e-03
1.937633826785111098e-03 3.013697889198788896e-03 2.641658519318963120e-03 1.365646328112851433e-03 7.877667602938484602e-04 1.310187229438133840e-03 1.155759135638006162e-03 5.778795678190030809e-04 0.000000000000000000e+00 1.155759135638006162e-03 1.261014805612196499e-03 2.548454264671342478e-03 2.454109359390563641e-03 3.662942703538389633e-03 4.687021515755254893e-03 4.917209192272057293e-03 4.641164328380846527e-03
1.733638703457009026e-03 1.733638703457009026e-03 3.467277406914018052e-03 2.311518271276012323e-03 1.155759135638006162e-03 5.959447265845493067e-04 1.464545640429891016e-03 0.000000000000000000e+00 0.000000000000000000e+00 5.778795678190030809e-04 1.844177145239244689e-03 3.472560178722063594e-03 5.207494929456928101e-03 4.132102671638316488e-03 4.887387944329565047e-03 7.107352358492574976e-03 6.965736917134926313e-03
5.908075413264588611e-04 2.311518271276012323e-03 4.684990395132745088e-03 4.045156974733021132e-03 2.311518271276012323e-03 2.329583430041558007e-03 2.311518271276012323e-03 5.778795678190030809e-04 0.000000000000000000e+00 1.733638703457009026e-03 2.842272674358262228e-03 5.123219332429083429e-03 4.711624975922210426e-03 6.964094356616000285e-03 7.233448576959395152e-03 9.334528936392952683e-03 5.793300631507021514e-03
5.778795678190030809e-04 1.155759135638006162e-03 3.467277406914018052e-03 3.467277406914018052e-03 5.778795678190030809e-04 3.467277406914018052e-03 1.733638703457009026e-03 1.155759135638006162e-03 0.000000000000000000e+00 2.889397839095014971e-03 5.153790945634274118e-03 5.200916110371026427e-03 3.673205960571235100e-03 5.423226568644406477e-03 6.398737445813687010e-03 4.654596187783505319e-03 5.242660549406735065e-03
5.778795678190030809e-04 5.778795678190030809e-04 1.733638703457009026e-03 2.889397839095014971e-03 1.202585030984043395e-03 2.311518271276012323e-03 1.155759135638006162e-03 5.778795678190030809e-04 0.000000000000000000e+00 2.889397839095014971e-03 3.472560178722063594e-03 4.623036542552024647e-03 6.081198526022351877e-03 4.112210531493196500e-03 4.001381304579528300e-03 3.636781323697229999e-03 3.512644678461555696e-03
1.155759135638006162e-03 5.952874043831660666e-04 1.751046540021172120e-03 3.484685243478180712e-03 2.311518271276012323e-03 2.337673424631242242e-03 1.733638703457009026e-03 1.155759135638006162e-03 0.000000000000000000e+00 2.889397839095014971e-03 4.045156974733021132e-03 7.167587681634102897e-03 5.881848791451035202e-03 4.623036542552024647e-03 3.055373592734519569e-03 3.400876811131842842e-03 2.889397839095014971e-03
5.778795678190030809e-04 1.155759135638006162e-03 2.311518271276012323e-03 1.733638703457009026e-03 1.733638703457009026e-03 1.155759135638006162e-03 5.778795678190030809e-04 5.778795678190030809e-04 0.000000000000000000e+00 2.889397839095014971e-03 2.311518271276012323e-03 3.687205288260518576e-03 2.992450952356020665e-03 2.311518271276012323e-03 1.282853309210829715e-03 2.349998361398569768e-03 2.889397839095014971e-03
0.000000000000000000e+00 0.000000000000000000e+00 0.000000000000000000e+00 0.000000000000000000e+00 0.000000000000000000e+00 0.000000000000000000e+00 0.000000000000000000e+00 0.000000000000000000e+00 0.000000000000000000e+00 0.000000000000000000e+00 0.000000000000000000e+00 0.000000000000000000e+00 0.000000000000000000e+00 0.000000000000000000e+00 0.000000000000000000e+00 0.000000000000000000e+00 0.000000000000000000e+00
5.778795678190030809e-04 0.000000000000000000e+00 1.155759135638006162e-03 4.045156974733021132e-03 5.347921539791011640e-03 5.091929742515077448e-03 3.936170606877069551e-03 1.880644132876993372e-03 0.000000000000000000e+00 1.733638703457009026e-03 2.889397839095014971e-03 4.496748368960659832e-03 3.532539227766509984e-03 2.311518271276012323e-03 1.155759135638006162e-03 0.000000000000000000e+00 0.000000000000000000e+00
1.733638703457009026e-03 2.889397839095014971e-03 3.473479172114094481e-03 4.051358739933097128e-03 5.216839575725369313e-03 4.396033849382328940e-03 5.778795678190029941e-03 2.468281830611585709e-03 0.000000000000000000e+00 2.697847844651158223e-03 2.119968276832155576e-03 4.496748368960659832e-03 3.467277406914018052e-03 1.324206651839141989e-03 1.733638703457009026e-03 1.733638703457009026e-03 5.778795678190030809e-04
7.441220159301664000e-03 5.200916110371026427e-03 5.208577768249909694e-03 5.809244674975077433e-03 5.231365107156074785e-03 5.183446628034758287e-03 3.614282836334002397e-03 1.964220911691583801e-03 0.000000000000000000e+00 2.862472625481120043e-03 1.128833922024111017e-03 2.518302394715744939e-03 3.030920141682256087e-03 1.384624570535526256e-03 1.155759135638006162e-03 1.733638703457009026e-03 1.733638703457009026e-03
8.032027700628122102e-03 9.779672047900193899e-03 8.646505585089633503e-03 8.091413356176795080e-03 6.417862522160669610e-03 5.613340747140026579e-03 2.966071282241986972e-03 1.155759135638006162e-03 0.000000000000000000e+00 4.982440902313275619e-03 2.347021428277804196e-03 4.856745879605652190e-03 2.311518271276012323e-03 1.155759135638006162e-03 1.872592028686519486e-03 5.778795678190030809e-04 6.473602956261796052e-04
9.259001058611503882e-03 7.521572071503983964e-03 1.100230446138850474e-02 8.726152269884690157e-03 8.083735005096723270e-03 9.149858157948125362e-03 4.623036542552024647e-03 2.311518271276012323e-03 0.000000000000000000e+00 5.560320470132278266e-03 2.889397839095014971e-03 3.699356022094101720e-03 4.622196091946756055e-03 2.889397839095014971e-03 2.975615067776080785e-03 1.241976364319071977e-03 2.311518271276012323e-03
1.441005585222742552e-02 1.383670581405766105e-02 9.804480571584025736e-03 1.442861071851914492e-02 1.206711007762947124e-02 7.512434381647039618e-03 3.991036730411629506e-03 2.362232540912059635e-03 0.000000000000000000e+00 4.081862860098073829e-03 6.415106667979511394e-04 3.193668050992652142e-03 3.019694090090161744e-03 5.778795678190030809e-04 1.733638703457009026e-03 1.733638703457009026e-03 1.733638703457009026e-03
1.889218128921090617e-02 1.997132033605538912e-02 1.493288915789803793e-02 1.147977088892465289e-02 1.341375388566998922e-02 8.790717343117966306e-03 4.045156974733021132e-03 5.907017271403884910e-04 0.000000000000000000e+00 2.953028938073963029e-03 1.155759135638006162e-03 2.383709867993564525e-03 2.592323774261450636e-03 1.155759135638006162e-03 1.772517014528196717e-03 3.467277406914018052e-03 1.987764322932747754e-03
2.250568274509186228e-02 2.020274539998727706e-02 1.616646876099145022e-02 1.542490388229688682e-02 1.097971178856105637e-02 1.399163345348899447e-02 7.260895162881761747e-03 1.155759135638006162e-03 0.000000000000000000e+00 2.375149370254959948e-03 3.467277406914018052e-03 2.889397839095014971e-03 3.385900188191720301e-03 4.956101666150982549e-03 3.821915245064079220e-03 2.909904313977600479e-03 3.605957952374999956e-03
