0.000000000000000000e+00 2.102405521334366634e-03 4.204811042668733269e-03 4.229564237681064827e-03 0.000000000000000000e+00 0.000000000000000000e+00 0.000000000000000000e+00 0.000000000000000000e+00 0.000000000000000000e+00 0.000000000000000000e+00 0.000000000000000000e+00 0.000000000000000000e+00 0.000000000000000000e+00 2.102405521334366634e-03 4.204811042668733269e-03 2.102405521334366634e-03 4.204811042668733269e-03
2.102405521334366634e-03 4.204811042668733269e-03 4.204811042668733269e-03 2.127158716346698626e-03 2.127158716346698626e-03 2.102405521334366634e-03 0.000000000000000000e+00 0.000000000000000000e+00 0.000000000000000000e+00 4.204811042668733269e-03 2.102405521334366634e-03 4.204811042668733269e-03 2.295030104192328797e-03 2.295030104192328797e-03 2.295030104192328797e-03 2.295030104192328797e-03 2.102405521334366634e-03
4.204811042668733269e-03 2.102405521334366634e-03 2.102405521334366634e-03 4.204811042668733269e-03 4.204811042668733269e-03 0.000000000000000000e+00 0.000000000000000000e+00 0.000000000000000000e+00 0.000000000000000000e+00 4.204811042668733269e-03 3.176894548487346238e-03 5.279300069821713307e-03 4.204811042668733269e-03 2.169347114815234866e-03 8.476563678818336070e-03 2.102405521334366634e-03 0.000000000000000000e+00
2.102405521334366634e-03 0.000000000000000000e+00 2.102405521334366634e-03 2.102405521334366634e-03 2.102405521334366634e-03 0.000000000000000000e+00 0.000000000000000000e+00 0.000000000000000000e+00 0.000000000000000000e+00 6.307216564003100337e-03 2.102405521334366634e-03 4.204811042668733269e-03 4.047419553824019647e-03 2.102405521334366634e-03 2.102405521334366634e-03 3.892222523880454945e-03 0.000000000000000000e+00
2.102405521334366634e-03 2.102405521334366634e-03 2.102405521334366634e-03 4.204811042668733269e-03 0.000000000000000000e+00 4.204811042668733269e-03 0.000000000000000000e+00 0.000000000000000000e+00 0.000000000000000000e+00 6.307216564003100337e-03 2.102405521334366634e-03 3.176894548487346238e-03 2.102405521334366634e-03 2.418707694835171580e-03 4.446538403544121609e-03 3.892222523880454945e-03 4.204811042668733269e-03
2.102405521334366634e-03 3.797181497686602167e-03 2.102405521334366634e-03 2.102405521334366634e-03 2.127158716346698626e-03 0.000000000000000000e+00 0.000000000000000000e+00 0.000000000000000000e+00 0.000000000000000000e+00 6.307216564003100337e-03 0.000000000000000000e+00 6.307216564003100337e-03 4.204811042668733269e-03 4.507795414069747444e-03 4.967067556381175863e-03 2.102405521334366634e-03 2.102405521334366634e-03
4.502924465803794137e-03 8.409622085337466538e-03 2.102405521334366634e-03 4.204811042668733269e-03 2.102405521334366634e-03 2.102405521334366634e-03 0.000000000000000000e+00 0.000000000000000000e+00 0.000000000000000000e+00 6.307216564003100337e-03 2.102405521334366634e-03 4.667109802911410983e-03 6.254312072742731696e-03 4.204811042668733269e-03 6.061687489884769534e-03 5.938805544093944504e-03 2.102405521334366634e-03
4.204811042668733269e-03 6.307216564003100337e-03 4.204811042668733269e-03 4.204811042668733269e-03 2.102405521334366634e-03 0.000000000000000000e+00 2.102405521334366634e-03 2.102405521334366634e-03 0.000000000000000000e+00 2.102405521334366634e-03 0.000000000000000000e+00 6.307216564003100337e-03 2.102405521334366634e-03 2.102405521334366634e-03 6.307216564003100337e-03 2.102405521334366634e-03 0.000000000000000000e+00
0.000000000000000000e+00 0.000000000000000000e+00 0.000000000000000000e+00 0.000000000000000000e+00 0.000000000000000000e+00 0.000000000000000000e+00 0.000000000000000000e+00 0.000000000000000000e+00 0.000000000000000000e+00 0.000000000000000000e+00 0.000000000000000000e+00 0.000000000000000000e+00 0.000000000000000000e+00 0.000000000000000000e+00 0.000000000000000000e+00 0.000000000000000000e+00 0.000000000000000000e+00
0.000000000000000000e+00 0.000000000000000000e+00 2.102405521334366634e-03 0.000000000000000000e+00 0.000000000000000000e+00 0.000000000000000000e+00 2.102405521334366634e-03 2.102405521334366634e-03 0.000000000000000000e+00 1.471683864934056687e-02 6.307216564003100337e-03 8.325167663697690193e-03 3.959281968550402465e-03 8.576197191524722110e-03 1.261443312800620067e-02 6.149825075158386715e-03 4.204811042668733269e-03
0.000000000000000000e+00 0.000000000000000000e+00 6.307216564003100337e-03 0.000000000000000000e+00 2.102405521334366634e-03 2.102405521334366634e-03 0.000000000000000000e+00 0.000000000000000000e+00 0.000000000000000000e+00 1.892164969200929928e-02 9.392319312744175711e-03 1.767499835142209708e-02 1.268307208877561716e-02 1.049954779531806805e-02 1.073021871782325887e-02 6.307216564003100337e-03 2.544791681972506919e-03
0.000000000000000000e+00 0.000000000000000000e+00 6.307216564003100337e-03 2.102405521334366634e-03 2.102405521334366634e-03 2.102405521334366634e-03 0.000000000000000000e+00 0.000000000000000000e+00 0.000000000000000000e+00 1.261443312800620067e-02 3.169557170380852586e-03 1.251938785810526381e-02 1.251938785810526381e-02 9.906138733993386999e-03 1.689987300304954601e-02 8.409622085337466538e-03 8.409622085337466538e-03
0.000000000000000000e+00 2.102405521334366634e-03 1.051635999472901734e-02 6.307216564003100337e-03 6.307216564003100337e-03 0.000000000000000000e+00 0.000000000000000000e+00 0.000000000000000000e+00 0.000000000000000000e+00 8.409622085337466538e-03 6.307216564003100337e-03 7.046584548558994070e-03 1.336198790959067934e-02 1.049562296739645767e-02 1.261443312800620067e-02 8.409622085337466538e-03 8.409622085337466538e-03
4.881986911815363282e-03 8.409622085337466538e-03 1.614336185343732619e-02 6.307216564003100337e-03 4.204811042668733269e-03 4.204811042668733269e-03 0.000000000000000000e+00 0.000000000000000000e+00 0.000000000000000000e+00 2.102405521334366634e-03 4.204811042668733269e-03 5.145019645055676216e-03 1.261443312800620067e-02 4.204811042668733269e-03 1.051202760667183274e-02 4.204811042668733269e-03 8.202504004166536258e-03
6.984392433149730350e-03 8.409622085337466538e-03 8.409622085337466538e-03 2.102405521334366634e-03 4.204811042668733269e-03 0.000000000000000000e+00 0.000000000000000000e+00 0.000000000000000000e+00 0.000000000000000000e+00 4.204811042668733269e-03 4.204811042668733269e-03 4.944179027224627869e-03 1.093242167739550547e-02 2.508359797067910742e-03 8.815576361071010211e-03 7.892743530365304433e-03 6.418220591324894087e-03
6.307216564003100337e-03 0.000000000000000000e+00 6.296523395293848920e-03 0.000000000000000000e+00 2.102405521334366634e-03 0.000000000000000000e+00 0.000000000000000000e+00 0.000000000000000000e+00 0.000000000000000000e+00 4.204811042668733269e-03 7.374368213049585855e-03 1.145223620905877482e-02 4.204811042668733269e-03 2.102405521334366634e-03 2.102405521334366634e-03 4.204811042668733269e-03 0.000000000000000000e+00
6.307216564003100337e-03 0.000000000000000000e+00 4.204811042668733269e-03 0.000000000000000000e+00 0.000000000000000000e+00 0.000000000000000000e+00 0.000000000000000000e+00 2.102405521334366634e-03 0.000000000000000000e+00 4.204811042668733269e-03 9.476773734383952055e-03 6.212171294102161734e-03 1.460868246264629758e-02 8.409622085337466538e-03 5.258851774921888093e-03 6.674877689838485881e-03 4.204811042668733269e-03
