7.130273462322018465e-04 7.130273462322018465e-04 4.904121292825556555e-04 7.130273462322018465e-04 8.737143122094913773e-04 6.370745633508411885e-04 1.081770678481789108e-03 1.321303734517684323e-03 1.558715091857976751e-03 1.611575558022416543e-03 1.648570042916563125e-03 2.218307299389072652e-03 2.850086501131908912e-03 2.852109384928807386e-03 2.044632641462299730e-03 1.921381942658924660e-03 1.159927816175349794e-03
8.714778676171355300e-04 4.753515641548012130e-04 8.305680344783088328e-04 8.714778676171355300e-04 1.672702118368124633e-03 1.661701489430284298e-03 1.929345727813365193e-03 1.683586400811816616e-03 1.533177016011771704e-03 1.864289696744084396e-03 2.119911029476959866e-03 2.913607168739872251e-03 3.762677323419861934e-03 3.633978921304600700e-03 2.893773849641536038e-03 2.194388051777758537e-03 1.559670071247935266e-03
9.783647840121362585e-04 2.376757820774006065e-04 4.767352055167665232e-04 1.663730474541804489e-03 2.739968597496573663e-03 3.113111354343189342e-03 2.791298081697910372e-03 2.296748377487558938e-03 2.112688856893595295e-03 2.408561333068995596e-03 3.137343932653450899e-03 4.837453914750711181e-03 5.884695117098211886e-03 4.942435054971489397e-03 3.087853803754755672e-03 1.984008039827988776e-03 1.360470980140362010e-03
7.068434139913980967e-04 2.376757820774006065e-04 4.753515641548012130e-04 1.109153649694536326e-03 2.694721417928895232e-03 3.401203501733277533e-03 3.634109396062710357e-03 3.813434800251494939e-03 3.052188642040922547e-03 4.047465530269915741e-03 5.370262494393578806e-03 6.555290297084147288e-03 6.416102160627504269e-03 4.232068471034172892e-03 1.933759269458159300e-03 1.376976683677027776e-03 1.268520066069558656e-03
7.922526069246687425e-04 1.584505213849337648e-04 7.922526069246688238e-05 4.753515641548012130e-04 2.449606614016934091e-03 3.803669277465069123e-03 5.320545701219357194e-03 5.734573454098626510e-03 4.719428138829907110e-03 7.080052327844226466e-03 8.260632878723585606e-03 7.989966800960895954e-03 6.426312551769034973e-03 3.571049690672081778e-03 1.276004901047981307e-03 7.959312845363026613e-04 8.742406502386808028e-04
1.861121770874675160e-04 3.169010427698675295e-04 7.922526069246688238e-05 2.594991203310547485e-04 1.375156787908388481e-03 2.641991285373487212e-03 5.163756332976310835e-03 7.055058491387229853e-03 9.392596232420993493e-03 9.586154706351270385e-03 8.802340614890477588e-03 6.288714964384978061e-03 4.254338603979356849e-03 2.098880643533631348e-03 7.922526069246687425e-04 5.573396074688133275e-04 7.844724492248412789e-04
2.376757820774006065e-04 3.207995491702810573e-04 1.584505213849337648e-04 1.584505213849337648e-04 3.963301816221974469e-04 1.667778070243003223e-03 4.571722640098508338e-03 8.539088841428454923e-03 1.367406820894737432e-02 1.058675673106859901e-02 8.434679222199736523e-03 3.987292137928024824e-03 2.437774824030045778e-03 1.027999208022180788e-03 4.401016867581488095e-04 3.196638253914127481e-04 3.972267650235873204e-04
3.656026095187687639e-04 1.279268274413681845e-04 1.318253338417817394e-04 7.922526069246688238e-05 7.922526069246688238e-05 8.630912274335734600e-04 2.748798429667534404e-03 6.012733172443921262e-03 1.016161490576427545e-02 6.564807744880703753e-03 4.106725294823073379e-03 1.785016957703352116e-03 6.514162449854862553e-04 2.959957567912897521e-04 7.922526069246688238e-05 7.922526069246688238e-05 2.376757820774006065e-04
0.000000000000000000e+00 0.000000000000000000e+00 0.000000000000000000e+00 0.000000000000000000e+00 0.000000000000000000e+00 0.000000000000000000e+00 0.000000000000000000e+00 0.000000000000000000e+00 0.000000000000000000e+00 0.000000000000000000e+00 0.000000000000000000e+00 0.000000000000000000e+00 0.000000000000000000e+00 0.000000000000000000e+00 0.000000000000000000e+00 0.000000000000000000e+00 0.000000000000000000e+00
7.922526069246687425e-04 5.545768248472681631e-04 5.629775548157795687e-04 1.584505213849337648e-04 4.753515641548012130e-04 2.148179711435416715e-03 7.477803623154459338e-03 1.212904707656015275e-02 1.720107186789788384e-02 7.290772828097697236e-03 2.618382332160180698e-03 5.697082880461852529e-04 3.169010427698675295e-04 3.184967783125322431e-04 3.230132405767721865e-04 3.184046022142415235e-04 3.138881399500015800e-04
2.242652419663770241e-03 1.122347295124876895e-03 8.250434509709217608e-04 7.969813965419732943e-04 2.937286422784938459e-03 8.671807740669156342e-03 1.774033672868947573e-02 2.031228993888547357e-02 2.064680164724887884e-02 7.902250786314544279e-03 3.957507113432892284e-03 1.279477174980950737e-03 8.735765345544392732e-04 4.753515641548012130e-04 6.404172147412786915e-04 4.854801120675592734e-04 3.202161683802160321e-04
3.091180510138890562e-03 1.744351078366953873e-03 1.271698244244545088e-03 2.584429025982354789e-03 7.666276179627479204e-03 1.416900243123241608e-02 2.019392160504867098e-02 2.001119962105999892e-02 1.578322228450311851e-02 8.202562417357122868e-03 4.290806621019984009e-03 2.056075345535264554e-03 1.269702838016773753e-03 6.474790093055240829e-04 8.073143597324778037e-04 4.758077268169454079e-04 6.390810553246022152e-04
3.421378811361159775e-03 2.037769292228782878e-03 2.628996133562094308e-03 6.684748952598793155e-03 1.451622781361033669e-02 1.907665808943168409e-02 1.901439573678121234e-02 1.404184460859274862e-02 7.726000886077481582e-03 4.769611519909966631e-03 4.152608904489355282e-03 2.461172022508376425e-03 1.905917811955637302e-03 6.351869145817548796e-04 2.688209337592579757e-04 3.182858718118873500e-04 4.759630150344467065e-04
4.597456726533400914e-03 3.411919793794171256e-03 5.063890102389603451e-03 1.020051185717957623e-02 1.530925958305600146e-02 1.759373640032612512e-02 1.417509468810764992e-02 9.994112852526385732e-03 5.475911260750963329e-03 3.818263268459389393e-03 2.967480356778347955e-03 1.706203335800725220e-03 1.745643165284296947e-03 9.855841570227980453e-04 8.303560793684197985e-04 5.091008785300416440e-04 7.305714055145156932e-04
3.787356654847758887e-03 4.651737407487049718e-03 7.222133776728064183e-03 1.193233757507014721e-02 1.334089072358407048e-02 1.181150780245775016e-02 7.592040411718062841e-03 5.659652661178682376e-03 4.994954033545541579e-03 2.906681004204722009e-03 1.666187381032502171e-03 1.574350350765862721e-03 1.510380271606025400e-03 9.058308315149708571e-04 4.762083283814609038e-04 1.584505213849337648e-04 5.338385072387025589e-04
3.246807358973740482e-03 5.139241387973457302e-03 7.066166039243649589e-03 9.128988032067835573e-03 8.238934215659575108e-03 6.367502869606579165e-03 4.654032460053329420e-03 3.910432315255996799e-03 3.290727837154161766e-03 2.517982658509037436e-03 1.267604171079470118e-03 1.161710407043304270e-03 1.032341277401198354e-03 4.753515641548012130e-04 5.545768248472681631e-04 2.341847805923330604e-04 3.169010427698675295e-04
3.907143518089646779e-03 5.069211287239743825e-03 5.299342816159015659e-03 5.799629407330696672e-03 4.811624111465153536e-03 4.488476326418852809e-03 4.312093395628414060e-03 3.678300961614854817e-03 2.766977593452805886e-03 1.739003330939584363e-03 1.260309638652736637e-03 7.878208819741904607e-04 5.545768248472681631e-04 1.022890905990241691e-04 1.584505213849337648e-04 1.584505213849337648e-04 3.976864283213473708e-04
