1.043390411300506400e-03 2.556443009328997033e-03 2.556443009328997033e-03 3.424394402485763343e-03 1.132284880275921495e-03 1.112187451244577453e-03 0.000000000000000000e+00 0.000000000000000000e+00 0.000000000000000000e+00 3.707291504148592051e-04 0.000000000000000000e+00 7.414583008297184101e-04 1.730802925554566184e-03 2.060735168453348663e-03 5.190208105808028979e-03 3.038178335831294950e-03 2.550533458064047857e-03
1.556113066947138399e-03 4.822507244804515383e-03 5.518742332887589981e-03 4.931850833612111407e-03 4.839576384424513870e-03 2.244472331520498947e-03 1.479379277939505679e-03 7.414583008297184101e-04 0.000000000000000000e+00 0.000000000000000000e+00 7.414583008297184101e-04 1.531673708780224505e-03 1.902402859195083656e-03 2.940750578292698671e-03 5.209128419856631602e-03 4.263617376508395569e-03 3.241846024734483175e-03
1.853645752074295754e-03 3.707291504148591509e-03 7.319493586185581678e-03 6.044038284856688426e-03 5.483813172499471880e-03 2.965833203318873641e-03 1.482916601659436820e-03 1.482916601659436820e-03 0.000000000000000000e+00 3.707291504148592051e-04 7.414583008297184101e-04 1.853645752074295754e-03 3.707291504148591509e-03 4.003844232109156007e-03 5.969206537747839651e-03 5.293918228092845714e-03 3.789178103808717949e-03
3.707291504148591509e-03 4.046430566587584307e-03 5.806279289571283746e-03 5.404000375079517741e-03 5.931666406637747281e-03 2.652015961209272087e-03 1.958673102020161601e-03 8.009237626366955912e-04 0.000000000000000000e+00 1.429965930309758755e-03 1.444255558084419581e-03 1.377399104139903586e-03 1.365586586195549146e-03 3.228008169358352088e-03 2.937724692282901208e-03 2.886270367441091684e-03 2.046776816052173469e-03
2.578736683726658065e-03 2.865087378035364400e-03 3.502106997640901803e-03 5.560937256222887697e-03 7.817528406110820990e-03 4.841405269584438120e-03 3.054281511654244850e-03 8.009237626366955912e-04 0.000000000000000000e+00 1.989292501971653190e-03 1.482916601659436820e-03 1.997588024107544314e-03 3.336562353733732358e-03 4.082524879068337789e-03 4.003834547271961641e-03 2.591312755273010061e-03 3.707291504148592051e-04
2.224374902489154905e-03 2.618786256760388675e-03 3.497716459413709872e-03 4.078020654563451093e-03 6.302395557052605998e-03 4.448749804978309810e-03 5.473263512287798900e-03 2.962295879598942500e-03 0.000000000000000000e+00 5.298963003228122047e-03 3.433548060056072337e-03 4.809334879035083617e-03 3.915863341938939299e-03 3.181218141833816807e-03 2.810488991418958089e-03 1.952056834358439517e-03 1.482916601659436820e-03
2.627547721632649512e-03 3.727945418593620139e-03 3.336562353733732358e-03 2.446617404605874735e-03 3.401236540805746295e-03 2.695729654866806622e-03 5.889973966917384438e-03 6.338895285656809611e-03 0.000000000000000000e+00 7.011869164877146225e-03 4.461580860778361496e-03 4.497701444819048565e-03 9.485477172087709938e-04 2.900604551567210511e-03 1.581327683943580366e-03 1.143400790721153413e-03 7.400864868346244138e-04
1.112187451244577453e-03 1.112187451244577453e-03 1.853645752074295754e-03 1.269755766289283345e-03 2.011214067119002080e-03 3.886109274435949230e-03 8.221256230343476634e-03 8.956965071763597561e-03 0.000000000000000000e+00 4.078020654563451093e-03 4.819478955393169395e-03 2.965833203318873641e-03 9.062267931031937895e-04 1.123253410089524026e-03 1.112187451244577453e-03 1.825220941009775754e-03 0.000000000000000000e+00
0.000000000000000000e+00 0.000000000000000000e+00 0.000000000000000000e+00 0.000000000000000000e+00 0.000000000000000000e+00 0.000000000000000000e+00 0.000000000000000000e+00 0.000000000000000000e+00 0.000000000000000000e+00 0.000000000000000000e+00 0.000000000000000000e+00 0.000000000000000000e+00 0.000000000000000000e+00 0.000000000000000000e+00 0.000000000000000000e+00 0.000000000000000000e+00 0.000000000000000000e+00
0.000000000000000000e+00 0.000000000000000000e+00 2.297571367776857134e-03 2.197712438689700554e-03 1.112187451244577453e-03 7.414583008297184101e-04 4.078020654563451093e-03 6.302395557052605998e-03 0.000000000000000000e+00 1.979886558415586487e-02 1.332704749723520599e-02 7.197981387737607643e-03 2.721948272920291911e-03 1.605381166157327172e-03 1.112187451244577453e-03 1.112187451244577453e-03 3.707291504148592051e-04
3.315292441699990451e-03 9.579123217872797646e-04 1.144017000827944044e-03 3.492210547939362218e-03 1.782645462831761434e-03 6.237755364751373412e-03 7.414583008297183017e-03 7.043853857882324300e-03 0.000000000000000000e+00 1.810500278052902187e-02 4.728714968930363208e-03 2.319069698607612289e-03 1.115682908526645627e-03 1.245780914665893958e-03 1.852273938079202192e-03 0.000000000000000000e+00 1.112187451244577453e-03
3.336562353733732358e-03 3.369670434973697642e-03 3.724051784950034583e-03 5.966239173751375184e-03 6.328203742621956243e-03 8.301093932922163840e-03 4.505373222755141606e-03 2.644364236857147353e-03 0.000000000000000000e+00 8.275941124854821127e-03 2.245191893074505087e-03 3.486330690314337968e-03 2.675482489627263073e-03 2.104333890586781736e-03 1.112187451244577453e-03 7.414583008297184101e-04 1.112187451244577453e-03
7.578530885507869276e-03 8.284076165058849861e-03 9.903421493748249677e-03 1.136321526758955758e-02 1.192690212623681752e-02 7.043853857882324300e-03 5.190208105808028979e-03 3.336562353733732358e-03 0.000000000000000000e+00 4.889682648044172374e-03 2.294578595140157884e-03 3.196583181486386486e-03 3.409758819021434153e-03 2.539607191260542709e-03 2.364094893364284636e-03 1.112187451244577453e-03 1.504842915850705762e-03
8.359175655180996201e-03 8.195227777970310809e-03 1.502895868024517814e-02 1.221676236792126023e-02 1.018707321480256250e-02 4.451530166052324218e-03 3.707291504148591509e-03 2.595104052904014490e-03 0.000000000000000000e+00 3.342018890177433053e-03 4.329747870338553940e-03 4.086846903926337309e-03 2.663722809071136788e-03 3.008405973974593271e-03 3.707291504148591509e-03 1.592188232289440961e-03 1.482916601659436820e-03
1.367782439099447800e-02 1.875856654831460288e-02 2.292597038332683940e-02 1.528970925681758138e-02 6.828764464546366840e-03 3.401236540805746729e-03 1.725817568071653018e-03 1.902905936027429051e-03 0.000000000000000000e+00 3.379344206958622820e-03 3.579463320145948989e-03 4.260152383731274743e-03 2.224374902489154905e-03 1.853645752074295754e-03 4.078020654563451093e-03 1.609202428156807215e-03 1.499746688968428034e-03
1.563867326887052184e-02 1.636430980235765303e-02 1.460890396149635076e-02 6.478747529118230979e-03 4.080801015637464634e-03 2.595104052904014490e-03 7.414583008297184101e-04 7.414583008297184101e-04 0.000000000000000000e+00 2.595104052904014490e-03 2.652855856748226587e-03 2.963982724642437189e-03 1.112187451244577453e-03 3.707291504148592051e-04 3.759079887153344516e-03 1.482916601659436820e-03 1.112187451244577453e-03
1.617416268872245294e-02 1.517599455837792023e-02 1.107382851981639563e-02 6.672625847155330865e-03 3.387972590495225145e-03 2.595104052904014490e-03 2.224374902489154905e-03 2.224374902489154905e-03 0.000000000000000000e+00 2.637885906128904084e-03 1.482916601659436820e-03 1.853645752074295754e-03 1.182391143895580648e-03 7.414583008297184101e-04 1.853645752074295754e-03 4.577629303748536140e-04 3.707291504148592051e-04
