4.709623084715817282e-03 1.598750745991296207e-03 5.679959806176144987e-03 1.598750745991296207e-03 1.598750745991296207e-03 1.598750745991296207e-03 3.197501491982592415e-03 1.598750745991296207e-03 0.000000000000000000e+00 3.197501491982592415e-03 6.750959247765554554e-03 7.993753729956479953e-03 9.592504475947775944e-03 1.598750745991296207e-03 3.987944379871178127e-03 5.704946930936222009e-03 3.197501491982592415e-03
0.000000000000000000e+00 1.598750745991296207e-03 7.303697676927518000e-03 6.395002983965184830e-03 3.281730601549058025e-03 4.796252237973887972e-03 3.197501491982592415e-03 3.197501491982592415e-03 0.000000000000000000e+00 1.598750745991296207e-03 9.445740583270956919e-03 6.248239091288365805e-03 5.290625470721457661e-03 1.598750745991296207e-03 1.598750745991296207e-03 4.796252237973887972e-03 4.711464999717107985e-03
3.197501491982592415e-03 7.993753729956479953e-03 8.817661184662033136e-03 3.416961915198223239e-03 4.905468472300431038e-03 6.639331404537528528e-03 3.106152312833107554e-03 0.000000000000000000e+00 0.000000000000000000e+00 0.000000000000000000e+00 3.741244602942809735e-03 8.537496840916699442e-03 6.395002983965184830e-03 4.796252237973887972e-03 1.598750745991296207e-03 3.306717726309135481e-03 4.796252237973887972e-03
0.000000000000000000e+00 3.197501491982592415e-03 5.704946930936222009e-03 9.011664657245356189e-03 8.926877418988579671e-03 1.143558364251141823e-02 1.088166798432206421e-02 3.197501491982592415e-03 0.000000000000000000e+00 3.148267776645240473e-03 9.939553054305582877e-03 8.711775582244431215e-03 7.419611221840857751e-03 4.796252237973887972e-03 3.197501491982592415e-03 3.197501491982592415e-03 4.796252237973887972e-03
0.000000000000000000e+00 1.598750745991296207e-03 1.598750745991296207e-03 3.197501491982592415e-03 6.395002983965184830e-03 7.993753729956479953e-03 6.395002983965184830e-03 1.598750745991296207e-03 0.000000000000000000e+00 3.104277517669301427e-03 8.390036023651636227e-03 9.592504475947775944e-03 4.796252237973887972e-03 1.598750745991296207e-03 0.000000000000000000e+00 1.598750745991296207e-03 1.598750745991296207e-03
1.598750745991296207e-03 3.197501491982592415e-03 0.000000000000000000e+00 3.197501491982592415e-03 6.395002983965184830e-03 3.197501491982592415e-03 3.197501491982592415e-03 1.598750745991296207e-03 0.000000000000000000e+00 3.197501491982592415e-03 8.168032471284213461e-03 3.553457755782961705e-03 1.598750745991296207e-03 3.197501491982592415e-03 1.598750745991296207e-03 4.796252237973887972e-03 7.993753729956479953e-03
0.000000000000000000e+00 0.000000000000000000e+00 1.598750745991296207e-03 1.598750745991296207e-03 3.197501491982592415e-03 1.598750745991296207e-03 3.186078114854713154e-03 0.000000000000000000e+00 0.000000000000000000e+00 6.167753930726780145e-03 1.099174765610272386e-02 4.796252237973887972e-03 0.000000000000000000e+00 0.000000000000000000e+00 1.598750745991296207e-03 6.395002983965184830e-03 4.796252237973887972e-03
0.000000000000000000e+00 0.000000000000000000e+00 0.000000000000000000e+00 0.000000000000000000e+00 0.000000000000000000e+00 1.598750745991296207e-03 3.197501491982592415e-03 0.000000000000000000e+00 0.000000000000000000e+00 6.395002983965184830e-03 4.796252237973887972e-03 3.197501491982592415e-03 0.000000000000000000e+00 0.000000000000000000e+00 0.000000000000000000e+00 1.598750745991296207e-03 1.598750745991296207e-03
0.000000000000000000e+00 0.000000000000000000e+00 0.000000000000000000e+00 0.000000000000000000e+00 0.000000000000000000e+00 0.000000000000000000e+00 0.000000000000000000e+00 0.000000000000000000e+00 0.000000000000000000e+00 0.000000000000000000e+00 0.000000000000000000e+00 0.000000000000000000e+00 0.000000000000000000e+00 0.000000000000000000e+00 0.000000000000000000e+00 0.000000000000000000e+00 0.000000000000000000e+00
1.598750745991296207e-03 0.000000000000000000e+00 0.000000000000000000e+00 0.000000000000000000e+00 0.000000000000000000e+00 3.197501491982592415e-03 4.796252237973887972e-03 4.796252237973887972e-03 0.000000000000000000e+00 1.598750745991296207e-03 1.598750745991296207e-03 0.000000000000000000e+00 0.000000000000000000e+00 3.197501491982592415e-03 3.197501491982592415e-03 3.197501491982592415e-03 1.598750745991296207e-03
3.771224410837274894e-03 1.598750745991296207e-03 0.000000000000000000e+00 1.598750745991296207e-03 1.598750745991296207e-03 3.197501491982592415e-03 6.395002983965184830e-03 4.796252237973887972e-03 0.000000000000000000e+00 1.598750745991296207e-03 6.036941828143422423e-03 1.598750745991296207e-03 1.598750745991296207e-03 6.361493737210680705e-03 3.163992245228088290e-03 3.163992245228088290e-03 3.197501491982592415e-03
1.598750745991296207e-03 0.000000000000000000e+00 0.000000000000000000e+00 0.000000000000000000e+00 2.143847640774391820e-03 3.742598386765687377e-03 1.119125522193907367e-02 7.993753729956479953e-03 0.000000000000000000e+00 1.598750745991296207e-03 6.912542847402252354e-03 4.796252237973887972e-03 1.598750745991296207e-03 1.617867060059207003e-03 0.000000000000000000e+00 0.000000000000000000e+00 1.598750745991296207e-03
4.796252237973887972e-03 4.796252237973887972e-03 3.197501491982592415e-03 0.000000000000000000e+00 1.598750745991296207e-03 5.447705935825710929e-03 8.084622547251101715e-03 5.834418103407984502e-03 0.000000000000000000e+00 1.598750745991296207e-03 4.796252237973887972e-03 1.598750745991296207e-03 1.598750745991296207e-03 4.796252237973887972e-03 3.197501491982592415e-03 1.598750745991296207e-03 3.197501491982592415e-03
8.002909044881406642e-03 1.776872853897588358e-03 4.811497583092478464e-03 3.197501491982592415e-03 1.612114623760581159e-03 3.197501491982592415e-03 5.253878387907338215e-03 6.392983758679205049e-03 0.000000000000000000e+00 0.000000000000000000e+00 3.197501491982592415e-03 0.000000000000000000e+00 0.000000000000000000e+00 1.598750745991296207e-03 0.000000000000000000e+00 1.598750745991296207e-03 3.197501491982592415e-03
8.435716400727119244e-03 6.573125091871477414e-03 6.573125091871477414e-03 5.668819195653765179e-03 6.420804219326695268e-03 9.570467338891643083e-03 1.119542426429907811e-02 4.848259652751540048e-03 0.000000000000000000e+00 3.197501491982592415e-03 4.796252237973887972e-03 1.598750745991296207e-03 3.197501491982592415e-03 0.000000000000000000e+00 4.796252237973887972e-03 3.197501491982592415e-03 7.993753729956479953e-03
1.117388430957343658e-02 9.044442795542648877e-03 8.171875837862772538e-03 1.046507143362765228e-02 1.119125522193907367e-02 9.592504475947775944e-03 7.993021422747532620e-03 6.156674085799574911e-03 0.000000000000000000e+00 1.598750745991296207e-03 4.796252237973887972e-03 3.244723995967669153e-03 1.598750745991296207e-03 4.796252237973887972e-03 1.598750745991296207e-03 4.796252237973887972e-03 6.395002983965184830e-03
9.778409209466831092e-03 6.733564231919597284e-03 8.286036225219792564e-03 1.366257292561024600e-02 1.119125522193907367e-02 1.119125522193907367e-02 7.993753729956479953e-03 3.197501491982592415e-03 0.000000000000000000e+00 1.598750745991296207e-03 3.197501491982592415e-03 0.000000000000000000e+00 6.395002983965184830e-03 6.395002983965184830e-03 1.598750745991296207e-03 4.603833127361614194e-03 8.551103146659900373e-03
