7.250796906377294073e-04 7.640723247555265872e-04 6.031916508973753782e-04 8.544851347002095253e-04 9.445072479122462077e-04 6.487308836818014846e-04 7.027275375359511847e-04 1.324511709924134674e-03 1.700539958522648233e-03 2.515408912312683850e-04 5.800637525101835258e-04 1.945834711011931208e-03 1.025493079540797927e-03 6.406912678640184914e-04 8.627098777939074632e-04 7.295367263347703538e-04 1.494729738245867737e-04
4.383941046636672095e-04 9.567657523058048291e-04 9.013202591198416283e-04 4.350478143826376444e-04 1.015264432036182317e-03 1.436274177652908848e-03 7.482075890249212597e-04 1.885207195658096567e-03 2.489128194908266783e-03 1.036226594725255488e-03 8.807487058274550678e-04 2.288865127732376496e-03 1.017293813046960113e-03 8.700956287652752887e-04 1.301431675951618709e-03 7.250796906377294073e-04 4.350478143826376444e-04
2.900318762550917629e-04 4.410671803995662270e-04 7.948685274731499091e-04 5.800637525101835258e-04 1.015111566892821279e-03 1.530121907234281362e-03 1.183255403407559121e-03 1.634799504821183268e-03 2.835544307145639389e-03 1.742373503684689412e-03 8.157847598489748183e-04 2.034560422104973298e-03 1.365617530479941184e-03 3.807369454663371198e-04 1.042254654509767835e-03 7.250796906377294073e-04 2.900318762550917629e-04
2.900318762550917629e-04 1.510353041444745183e-04 4.350478143826376444e-04 1.450159381275458815e-04 7.769550055198486474e-04 1.601194685419933062e-03 1.328271341535104894e-03 2.320255010040734103e-03 4.521338887097758712e-03 1.955964379782032785e-03 5.819094115155571192e-04 2.387484895747106744e-03 1.662405205109377445e-03 6.406912678640184914e-04 9.359038502368596238e-04 7.250796906377294073e-04 4.923314530341746679e-04
5.800637525101835258e-04 1.072395205544358302e-03 2.900318762550917629e-04 1.616909636261548689e-04 2.072021411878832101e-03 1.767164143081535223e-03 9.154820745633983304e-04 3.022341807430342642e-03 5.723931154588826793e-03 2.491986531276252012e-03 7.295367263347703538e-04 2.197753720049361488e-03 2.200476056839708976e-03 5.845207882072243639e-04 7.318601668048713236e-04 1.708385244644100966e-03 6.979079933679011721e-04
9.854622594807948069e-04 1.276547665495110897e-03 2.900318762550917629e-04 2.622914397789414534e-04 2.490117029050010252e-03 2.292308670718802392e-03 1.339705000460366183e-03 5.063261561251483113e-03 1.148494463323302024e-02 5.849486837206544637e-03 7.999617304779358101e-04 2.454660167805068453e-03 3.971603050133518630e-03 1.023155883336570324e-03 7.381813282620282085e-04 2.156711976570617733e-03 1.015111566892821279e-03
9.854622594807948069e-04 1.596363315929474804e-03 8.700956287652752887e-04 6.041474117467682736e-04 4.582914268268406185e-03 4.818454185542928037e-03 1.715854602799455047e-03 8.029709310563574315e-03 2.255489585482373799e-02 9.778435720159175601e-03 1.860682727209018051e-03 6.481747185956425981e-03 7.576343978551600133e-03 2.517724422640500118e-03 1.154746334040896187e-03 3.167436298500960531e-03 1.805475839710108266e-03
8.704601083175444792e-04 1.761307417239998561e-03 1.120581889303624065e-03 1.102548426126674381e-03 5.807254201094926710e-03 9.142668894945513158e-03 2.425479967910412760e-03 1.106905462548500585e-02 3.853484950155604272e-02 1.594792121453182318e-02 3.069966631960359838e-03 1.205069226593953081e-02 1.278213428091165733e-02 2.899890282460341161e-03 2.683669086945133023e-03 4.971826090269550885e-03 2.086462932480302908e-03
3.405224035798788511e-03 5.144564787757566551e-03 3.058986092098943139e-03 3.161767386268174787e-03 2.236832132967609549e-02 2.777550050264891712e-02 7.697671571436981615e-03 3.478077188629552507e-02 0.000000000000000000e+00 3.488837949709785308e-02 7.366276050285121280e-03 2.895621019745367453e-02 2.324816235087680608e-02 3.877562351797900469e-03 3.324258835301012894e-03 5.757363323713169702e-03 3.149836505006189252e-03
2.470461076260802979e-03 4.515389653793037798e-03 1.960010291807453512e-03 2.406793521688573804e-03 1.218850268603063544e-02 1.116405644565237471e-02 3.082950954942903065e-03 1.657327452975573129e-02 3.845874483003754174e-02 1.108001414124844611e-02 2.652931872094704911e-03 9.829268249656915313e-03 7.149636590070466459e-03 1.376202375445789890e-03 1.409595487778080546e-03 2.382508995624484961e-03 7.994913097847003262e-04
2.057896311621962206e-03 4.001749760015696836e-03 1.452217618748974587e-03 3.185213298429172106e-03 9.552233555076554417e-03 7.819732611766832750e-03 2.426845192511539653e-03 1.038610116908389794e-02 2.297277135064464820e-02 7.813441367210438235e-03 1.467347398849101238e-03 5.774831399809766258e-03 6.067477418951408227e-03 7.672995135368687776e-04 8.883733458670677605e-04 2.377807802275158644e-03 8.700956287652752887e-04
1.798335851970145772e-03 2.941479976557946803e-03 9.906716585415251738e-04 1.467423417145686301e-03 6.010584360688172277e-03 3.903579529759144007e-03 9.996132749568781197e-04 6.615429129322221262e-03 1.226700481157783594e-02 4.914065990321187481e-03 1.075010209329124071e-03 3.068241721245396070e-03 3.491427285909328836e-03 6.221924233276085719e-04 4.396264447657582757e-04 1.593561488979260143e-03 1.305143443147912825e-03
1.372720031139016295e-03 2.269725403816484806e-03 1.678501887160019270e-03 1.396892147573153189e-03 4.054646628873791875e-03 4.027877413217529658e-03 1.024724239708724519e-03 3.324423807555065315e-03 7.167097121667543105e-03 2.736235627686235943e-03 8.867706542638843304e-04 2.195774123476418056e-03 2.358036551996154501e-03 1.450159381275458815e-04 2.900318762550917629e-04 1.160127505020367052e-03 5.800637525101835258e-04
1.795052129436151139e-03 2.116932349354814797e-03 2.411487801024796759e-03 2.044858702681679862e-03 4.415431794390688690e-03 4.550821813192410144e-03 1.165715427460421337e-03 2.527471797023105385e-03 5.165154407385519342e-03 1.779636045505426922e-03 8.730460906694274131e-04 1.615710370966234530e-03 8.742515233144123547e-04 2.900318762550917629e-04 5.800637525101835258e-04 2.900318762550917629e-04 2.900318762550917629e-04
1.192845813024922662e-03 1.305143443147912825e-03 2.751207082719339496e-03 2.392869083011091216e-03 3.481410638329119484e-03 4.113114172401273125e-03 1.555076488581915665e-03 2.384174756315497832e-03 2.627136961549046083e-03 1.526485213352646699e-03 8.725104521029106164e-04 1.597590142740640132e-03 1.318149751977887524e-03 5.824785758478188535e-04 5.800637525101835258e-04 8.684419495772301763e-04 4.360587627784148312e-04
1.433063848568475298e-03 1.678499152662504563e-03 2.068708208571107699e-03 1.595175319403004588e-03 2.174174482398977606e-03 4.225712689762468888e-03 2.392869083011091216e-03 1.896132028442373916e-03 2.881722333908640077e-03 1.952191479755657766e-03 3.210235063891199599e-04 1.225361819867951856e-03 1.125008828279790716e-03 7.844694691427601084e-04 6.525685172346098149e-04 1.304804641708079155e-03 1.218458540042657683e-03
1.763737526480104552e-03 2.504671193095610662e-03 2.390498934452649823e-03 2.030223133785642557e-03 2.860683499150026583e-03 4.136812968291212964e-03 2.505873332669278017e-03 2.033315948308423490e-03 2.756190066513768393e-03 1.666514189935189337e-03 2.911268223753605763e-04 2.900318762550917629e-04 1.165077990079558092e-03 7.250796906377294073e-04 4.895607643597265496e-04 8.684419495772301763e-04 8.733924346364211081e-04
