4.274893513969612625e-03 3.226136151330488613e-03 2.097514725278247158e-03 1.048757362639123579e-03 0.000000000000000000e+00 0.000000000000000000e+00 0.000000000000000000e+00 0.000000000000000000e+00 0.000000000000000000e+00 1.048757362639123579e-03 1.048757362639123579e-03 2.097514725278247158e-03 2.097514725278247158e-03 0.000000000000000000e+00 0.000000000000000000e+00 7.620617967536920043e-03 6.292544175834740607e-03
3.146272087917370303e-03 4.195029450556494316e-03 0.000000000000000000e+00 1.048757362639123579e-03 0.000000000000000000e+00 0.000000000000000000e+00 0.000000000000000000e+00 0.000000000000000000e+00 0.000000000000000000e+00 1.048757362639123579e-03 2.097514725278247158e-03 1.575276119407329964e-03 3.756195719316284421e-03 2.097514725278247158e-03 1.871835821310172945e-03 6.346181700929723335e-03 4.332958650396024833e-03
6.292544175834740607e-03 3.146272087917370303e-03 2.097514725278247158e-03 1.048757362639123579e-03 0.000000000000000000e+00 0.000000000000000000e+00 0.000000000000000000e+00 0.000000000000000000e+00 0.000000000000000000e+00 1.048757362639123579e-03 4.195029450556494316e-03 3.146272087917370303e-03 4.316055227749198905e-03 2.097514725278247158e-03 1.048757362639123579e-03 4.896276188212933707e-03 4.044704416742585414e-03
6.288663445048084215e-03 3.142391357130713478e-03 2.097514725278247158e-03 2.097514725278247158e-03 1.048757362639123579e-03 0.000000000000000000e+00 1.048757362639123579e-03 1.048757362639123579e-03 0.000000000000000000e+00 1.048757362639123579e-03 5.347041059766602551e-03 5.281407715757614751e-03 9.476437166314107333e-03 5.243786813195617028e-03 2.899945662820265380e-03 3.601192400476705639e-03 2.798761462934686983e-03
9.438816263752109609e-03 6.292544175834740607e-03 2.097514725278247158e-03 4.195029450556494316e-03 2.097514725278247158e-03 0.000000000000000000e+00 1.048757362639123579e-03 0.000000000000000000e+00 0.000000000000000000e+00 4.195029450556494316e-03 5.515263172387135232e-03 5.243786813195617028e-03 7.378922441035861042e-03 2.097514725278247158e-03 1.048757362639123579e-03 6.313191696963771533e-03 5.243786813195617028e-03
6.412622920677621581e-03 1.188109718794538123e-03 1.048757362639123579e-03 4.251770562601441331e-03 1.563990631242903346e-03 1.563990631242903346e-03 1.048757362639123579e-03 2.097514725278247158e-03 0.000000000000000000e+00 2.097514725278247158e-03 4.466505809748012520e-03 3.866124622230585495e-03 3.866124622230585495e-03 4.195029450556494316e-03 3.146272087917370303e-03 4.308370948329261207e-03 4.973396609499193891e-03
5.383139169351032656e-03 2.093633994491589899e-03 2.244019115112795039e-03 4.195029450556494316e-03 4.706381988373616390e-03 2.290318342084523423e-03 2.097514725278247158e-03 3.146272087917370303e-03 0.000000000000000000e+00 2.097514725278247158e-03 5.431048370281134699e-03 5.347041059766602551e-03 5.243786813195617028e-03 4.195029450556494316e-03 1.048757362639123579e-03 1.048757362639123579e-03 3.146272087917370303e-03
5.243786813195617028e-03 2.097514725278247158e-03 2.097514725278247158e-03 3.146272087917370303e-03 2.097514725278247158e-03 1.048757362639123579e-03 2.097514725278247158e-03 1.048757362639123579e-03 0.000000000000000000e+00 2.013299923172246625e-03 3.230279398431902885e-03 2.265736837898779839e-03 1.537655216845332023e-03 0.000000000000000000e+00 0.000000000000000000e+00 0.000000000000000000e+00 0.000000000000000000e+00
0.000000000000000000e+00 0.000000000000000000e+00 0.000000000000000000e+00 0.000000000000000000e+00 0.000000000000000000e+00 0.000000000000000000e+00 0.000000000000000000e+00 0.000000000000000000e+00 0.000000000000000000e+00 0.000000000000000000e+00 0.000000000000000000e+00 0.000000000000000000e+00 0.000000000000000000e+00 0.000000000000000000e+00 0.000000000000000000e+00 0.000000000000000000e+00 0.000000000000000000e+00
3.054719140926706947e-03 3.070846524040113726e-03 2.022089161400990147e-03 5.242669235972411898e-03 1.450940222873305444e-02 1.225678286523903225e-02 4.193162894649662790e-03 6.292544175834740607e-03 0.000000000000000000e+00 1.048757362639123579e-03 2.097514725278247158e-03 3.778674831846643312e-03 7.973704282403137195e-03 7.341301538473864186e-03 4.195029450556494316e-03 1.048757362639123579e-03 1.048757362639123579e-03
1.458100856937112610e-02 6.304580314827229991e-03 3.146272087917370303e-03 9.818825417415627879e-03 2.013431577281539486e-02 1.270696581798642054e-02 4.487468102868987299e-03 6.292544175834740607e-03 0.000000000000000000e+00 0.000000000000000000e+00 5.243786813195617028e-03 5.243786813195617028e-03 5.243786813195617028e-03 7.636173647706091458e-03 5.243786813195617028e-03 2.097514725278247158e-03 0.000000000000000000e+00
1.459105012995706545e-02 1.144477804203969384e-02 5.243786813195617028e-03 8.400800335750361475e-03 1.724789476041877281e-02 7.794763653738751193e-03 4.194280471872868787e-03 2.097514725278247158e-03 0.000000000000000000e+00 1.048757362639123579e-03 6.292544175834740607e-03 3.792866917712163412e-03 2.729917469207519733e-03 3.146272087917370303e-03 3.146272087917370303e-03 2.599452644694898954e-03 0.000000000000000000e+00
1.405005832001598488e-02 1.137933566727908873e-02 6.135548854083471698e-03 3.123043146676496296e-03 7.184306216722595277e-03 2.389953377590739707e-03 3.438710740229862853e-03 1.048757362639123579e-03 0.000000000000000000e+00 0.000000000000000000e+00 7.341301538473864186e-03 3.146272087917370303e-03 6.292544175834740607e-03 5.243786813195617028e-03 5.364812590388322484e-03 1.174339679921478259e-02 5.243786813195617028e-03
8.390058901112988632e-03 1.258676530172031169e-02 5.868559093139683221e-03 1.048757362639123579e-03 1.048757362639123579e-03 2.563614733420214401e-03 2.097514725278247158e-03 0.000000000000000000e+00 0.000000000000000000e+00 1.048757362639123579e-03 6.292544175834740607e-03 5.243786813195617028e-03 6.292544175834740607e-03 6.292544175834740607e-03 8.390058901112988632e-03 1.174339679921478259e-02 8.390058901112988632e-03
9.646460802302655665e-03 1.048757362639123406e-02 5.168361249318360016e-03 1.048757362639123579e-03 0.000000000000000000e+00 0.000000000000000000e+00 0.000000000000000000e+00 0.000000000000000000e+00 0.000000000000000000e+00 0.000000000000000000e+00 4.195029450556494316e-03 3.146272087917370303e-03 2.097514725278247158e-03 2.097514725278247158e-03 9.476437166314107333e-03 1.384091152449302975e-02 5.243786813195617028e-03
1.489024761549827443e-02 1.174397552758090282e-02 7.341301538473864186e-03 3.146272087917370303e-03 3.146272087917370303e-03 2.097514725278247158e-03 2.097514725278247158e-03 0.000000000000000000e+00 0.000000000000000000e+00 0.000000000000000000e+00 2.097514725278247158e-03 0.000000000000000000e+00 1.048757362639123579e-03 0.000000000000000000e+00 7.341301538473864186e-03 7.341301538473864186e-03 2.097514725278247158e-03
1.069521816494177838e-02 9.490633192940585439e-03 1.057975391374629467e-02 5.243786813195617028e-03 3.146272087917370303e-03 3.146272087917370303e-03 0.000000000000000000e+00 0.000000000000000000e+00 0.000000000000000000e+00 1.048757362639123579e-03 2.372179276063462322e-03 0.000000000000000000e+00 1.048757362639123579e-03 1.048757362639123579e-03 3.146272087917370303e-03 7.341301538473864186e-03 3.146272087917370303e-03
