2.239930445292459809e-03 3.101455416817813261e-03 1.332228910546552408e-03 2.387023287779570842e-03 4.348789104238796888e-03 3.373221894937823966e-03 1.067113302439917253e-03 2.532718407589670991e-03 3.869310495559126657e-03 1.607666842337425071e-03 7.953468243199066567e-04 4.284900644238910823e-03 6.097658986452618099e-03 1.365694952312254641e-03 1.560407142716948269e-03 6.276474485069390673e-03 4.141566907618728609e-03
1.753567071590503637e-03 3.205561409337307974e-03 1.462038973297115135e-03 1.462281044416630267e-03 5.679212824648292683e-03 3.689550054606118012e-03 6.963656557611085053e-04 2.624781400143653964e-03 5.270957891159743815e-03 3.200142382068275025e-03 2.651156081066355342e-04 3.943813153362301163e-03 5.328232836790998059e-03 1.060462432426542137e-03 1.345964766270713823e-03 3.456060136910601727e-03 2.120924864853084273e-03
5.302312162132710683e-04 1.566792733533395494e-03 5.302312162132710683e-04 1.219327799466797752e-03 2.955040700785861122e-03 3.501031432498128391e-03 1.060462432426542137e-03 3.348540473438564504e-03 7.375590323296568780e-03 3.757121665981971378e-03 5.302312162132710683e-04 4.267989419621988009e-03 7.966275641714818528e-03 2.386040472959719862e-03 2.916271689172991038e-03 6.893005810772524430e-03 2.386040472959719862e-03
1.060462432426542137e-03 2.124924179489025462e-03 7.953468243199066567e-04 8.237695861134691939e-04 3.911048363923905202e-03 5.593185003247446233e-03 2.110380255569273018e-03 4.142346191592428430e-03 1.304300829336067953e-02 6.647456213117282874e-03 2.311396206430664079e-03 9.896683334840533641e-03 1.327757648092056826e-02 3.181387297279626627e-03 4.320836704377073803e-03 8.692237015526503921e-03 4.050776161486727492e-03
1.491220332606034860e-03 2.386040472959719862e-03 1.195139065244251201e-03 2.123824374373025486e-03 6.079990542699642564e-03 5.674683644603318450e-03 8.427864781504665857e-04 4.693240568935502441e-03 1.547152941229847090e-02 6.552937225163999423e-03 1.548892225989414962e-03 9.734133465394919499e-03 1.071345465772623878e-02 3.143011792446714827e-03 3.531687245871769493e-03 6.099035040274511203e-03 2.846909562392882596e-03
5.302312162132710683e-04 7.953468243199066567e-04 1.060462432426542137e-03 1.325578040533177725e-03 4.264242616624066597e-03 4.427427653898945679e-03 4.307579001794928321e-04 5.303141219028312779e-03 1.650413942857486410e-02 7.108990236750239999e-03 2.490205951858242509e-03 9.528843702182999628e-03 9.935021059983197705e-03 2.266438283557958323e-03 3.078412149740132175e-03 5.246543714410554365e-03 2.110020063519096878e-03
0.000000000000000000e+00 2.651156081066355342e-04 2.651156081066355342e-04 2.651156081066355342e-04 2.728963298267344899e-03 3.274429532086921973e-03 7.953468243199066567e-04 3.678149246426717055e-03 1.309924225967213501e-02 6.322410060163295882e-03 1.858659890903766477e-03 7.458435972478767023e-03 7.743627913314306450e-03 1.592380939231457810e-03 1.920338529489982625e-03 3.441440821146882732e-03 1.314673239199190546e-03
2.651156081066355342e-04 9.759158065028340767e-04 2.651156081066355342e-04 2.651156081066355342e-04 1.294283538838120196e-03 1.855809256746448902e-03 5.302312162132710683e-04 3.429289650617961278e-03 1.009026463729538990e-02 3.916216789238638127e-03 7.953468243199066567e-04 4.850892600418901975e-03 4.435543204117922342e-03 9.999451000656475221e-04 6.264649912738656963e-04 1.867234796389640383e-03 7.953468243199066567e-04
0.000000000000000000e+00 0.000000000000000000e+00 0.000000000000000000e+00 0.000000000000000000e+00 0.000000000000000000e+00 0.000000000000000000e+00 0.000000000000000000e+00 0.000000000000000000e+00 0.000000000000000000e+00 0.000000000000000000e+00 0.000000000000000000e+00 0.000000000000000000e+00 0.000000000000000000e+00 0.000000000000000000e+00 0.000000000000000000e+00 0.000000000000000000e+00 0.000000000000000000e+00
3.848694524956923686e-04 9.711007949071201852e-04 5.302312162132710683e-04 0.000000000000000000e+00 1.201029561199156749e-03 1.346391324916735395e-03 6.084576022795103005e-04 1.049072036932239237e-03 5.092477418900764538e-03 2.710537276634555817e-03 9.622489631507946542e-04 1.680507035661070372e-03 1.590693648639813313e-03 8.633084918187070933e-04 5.113533316581246645e-04 7.953468243199066567e-04 1.060462432426542137e-03
1.325578040533177725e-03 3.191652015847065097e-03 2.396305191527158332e-03 8.091912364878208743e-04 3.721883232060336274e-03 2.926536407740429509e-03 9.792853958049121607e-04 2.730665041501710664e-03 7.938406696539631810e-03 2.651156081066355450e-03 8.252871930142947204e-04 2.920748456808709703e-03 2.852587605146471306e-03 1.060462432426542137e-03 1.502815661446967304e-03 2.239705160320753022e-03 1.402857231871023659e-03
2.926725907573617200e-03 3.552495327686475309e-03 2.406759409927785795e-03 1.558022478184364771e-03 4.725384997991212248e-03 5.049000951112615418e-03 1.138878318325969386e-03 3.786851758901544837e-03 1.206173607271055458e-02 4.017128708694548377e-03 2.228144424885318380e-03 3.810365279962160678e-03 3.885164918596964966e-03 1.855809256746448902e-03 2.198204056190929991e-03 2.133314996691337406e-03 1.294838831711567217e-03
3.565866540635719353e-03 3.849731076943977998e-03 3.112938274833548704e-03 2.769765848194306445e-03 6.136439344277065666e-03 6.540012215473041748e-03 1.930004067016196766e-03 4.528959192549357471e-03 1.299206433287309129e-02 2.974800147971521421e-03 1.173915135229724321e-03 3.193619486696765760e-03 2.410234376126045488e-03 1.060462432426542137e-03 1.334985859846012004e-03 1.384453427288363445e-03 1.354000802326740371e-03
4.648198823491133010e-03 4.489887639484672378e-03 3.524918791285689031e-03 2.212814099303083131e-03 6.338694659939374601e-03 8.269490587818230723e-03 1.145569987433223656e-03 4.063795402816399414e-03 1.384778764931469952e-02 3.106215477394411173e-03 6.075104075511171108e-04 3.224341907142751033e-03 2.356734732430057228e-03 1.368192814440554773e-03 8.245390616643857298e-04 5.322976836412988879e-04 1.088180549051053110e-03
6.982650071797168005e-03 8.450338229477981702e-03 5.440263234063360577e-03 5.297787879448121948e-03 7.388520236519769899e-03 6.790327217589598764e-03 2.680348318410834089e-03 4.603778759877570799e-03 8.052291864300571700e-03 2.556115474098440924e-03 1.378028318922436095e-03 3.784186832138322805e-03 3.133965345935782465e-03 2.196659202298927287e-03 2.192731876104940178e-03 2.150117102197563346e-03 2.651156081066355450e-03
6.408005004967376808e-03 1.018773344466581375e-02 8.797191564508729036e-03 6.956808033766611124e-03 1.235253052075274867e-02 9.921566614029179651e-03 5.037196554026074878e-03 5.656620251560680497e-03 7.040001543232150827e-03 1.163648403545949027e-03 7.953468243199066567e-04 2.801818527859273409e-03 1.870092571227490721e-03 2.287839107663919291e-03 1.691019073431757188e-03 2.081856435587178290e-03 1.424319944214795823e-03
5.653664538125268389e-03 9.380022049989885508e-03 1.081248435888680290e-02 8.891348993854540639e-03 1.275043856629687333e-02 1.250776861817065079e-02 8.389895844125168714e-03 9.103386470906143710e-03 8.360231226586294084e-03 2.935666013804092821e-03 9.036854094200637072e-04 3.266963142274893154e-03 2.721336978875032227e-03 2.089552656895393712e-03 1.741735257611647407e-03 2.873826583315116593e-03 2.056191974214958886e-03
