3.214949037942078230e-03 6.371397578359409841e-03 3.031725142609256740e-03 0.000000000000000000e+00 2.123799192786469947e-03 2.123799192786469947e-03 2.123799192786469947e-03 2.123799192786469947e-03 0.000000000000000000e+00 0.000000000000000000e+00 1.061899596393234974e-03 1.061899596393234974e-03 2.123799192786469947e-03 2.123799192786469947e-03 4.304419008018561810e-03 4.256672787906281424e-03 5.322759926569380941e-03
3.214949037942078230e-03 7.961278126873338676e-03 3.490720716226205188e-03 3.227805451018918217e-03 7.129722112863621890e-03 4.247598385572939894e-03 2.123799192786469947e-03 2.123799192786469947e-03 0.000000000000000000e+00 0.000000000000000000e+00 0.000000000000000000e+00 1.061899596393234974e-03 3.185698789179704921e-03 4.247598385572939894e-03 1.061899596393234974e-03 4.256672787906281424e-03 1.061899596393234974e-02
2.123799192786469947e-03 4.646669256493275377e-03 5.643770157775050179e-03 4.276848634335313204e-03 4.247598385572939894e-03 3.786904576365877125e-03 3.185698789179704921e-03 0.000000000000000000e+00 0.000000000000000000e+00 2.123799192786469947e-03 3.185698789179704921e-03 3.796469172842445450e-03 4.260860330176145967e-03 6.371397578359409841e-03 4.247598385572939894e-03 6.384659522962615047e-03 1.360153267753425217e-02
3.301571245673458679e-03 6.993427474353939785e-03 7.335067271905290620e-03 5.309497981966174868e-03 5.666120653948201330e-03 2.674507080635536455e-03 0.000000000000000000e+00 4.247598385572939894e-03 0.000000000000000000e+00 1.061899596393234974e-03 1.061899596393234974e-03 1.061899596393234974e-03 5.309497981966174868e-03 2.123799192786469947e-03 4.540847240381253730e-03 1.059126786529880453e-02 7.172723287777259260e-03
5.309497981966174868e-03 6.281301678951202970e-03 6.406030801178044104e-03 7.462547423515018125e-03 5.352941713244488593e-03 5.219402082557967996e-03 4.134775550436361677e-03 3.185698789179704921e-03 0.000000000000000000e+00 0.000000000000000000e+00 0.000000000000000000e+00 3.185698789179704921e-03 6.371397578359409841e-03 4.247598385572939894e-03 5.032079706366732533e-03 1.140347728472614411e-02 8.217778495546437453e-03
2.123799192786469947e-03 2.123799192786469947e-03 2.452164785508527314e-03 2.452164785508527314e-03 1.061899596393234974e-03 1.612607484242301482e-03 1.061899596393234974e-03 3.185698789179704921e-03 0.000000000000000000e+00 0.000000000000000000e+00 1.061899596393234974e-03 3.185698789179704921e-03 5.309497981966174868e-03 1.078743985017291103e-03 1.061899596393234974e-03 6.093979302759967506e-03 7.172723287777259260e-03
2.123799192786469947e-03 1.061899596393234974e-03 1.061899596393234974e-03 0.000000000000000000e+00 0.000000000000000000e+00 0.000000000000000000e+00 0.000000000000000000e+00 4.247598385572939894e-03 0.000000000000000000e+00 0.000000000000000000e+00 2.123799192786469947e-03 2.908280513580263019e-03 2.908280513580263019e-03 1.061899596393234974e-03 0.000000000000000000e+00 2.908280513580263019e-03 3.970180109973498427e-03
3.185698789179704921e-03 0.000000000000000000e+00 1.061899596393234974e-03 3.185698789179704921e-03 2.123799192786469947e-03 1.061899596393234974e-03 3.185698789179704921e-03 2.123799192786469947e-03 0.000000000000000000e+00 0.000000000000000000e+00 0.000000000000000000e+00 1.061899596393234974e-03 3.185698789179704921e-03 1.061899596393234974e-03 2.123799192786469947e-03 4.247598385572939894e-03 1.061899596393234974e-03
0.000000000000000000e+00 0.000000000000000000e+00 0.000000000000000000e+00 0.000000000000000000e+00 0.000000000000000000e+00 0.000000000000000000e+00 0.000000000000000000e+00 0.000000000000000000e+00 0.000000000000000000e+00 0.000000000000000000e+00 0.000000000000000000e+00 0.000000000000000000e+00 0.000000000000000000e+00 0.000000000000000000e+00 0.000000000000000000e+00 0.000000000000000000e+00 0.000000000000000000e+00
1.061899596393234974e-03 2.123799192786469947e-03 2.123799192786469947e-03 2.452164785508527314e-03 5.309497981966174868e-03 4.247598385572939894e-03 4.247598385572939894e-03 5.309497981966174868e-03 0.000000000000000000e+00 2.123799192786469947e-03 2.123799192786469947e-03 4.247598385572939894e-03 2.123799192786469947e-03 1.867158258450016001e-03 0.000000000000000000e+00 0.000000000000000000e+00 0.000000000000000000e+00
2.123799192786469947e-03 1.159618641481663425e-03 3.185698789179704921e-03 3.185698789179704921e-03 8.600803450569016739e-03 7.653746515604185549e-03 4.555150219443616054e-03 6.212475689111383696e-03 0.000000000000000000e+00 1.061899596393234974e-03 0.000000000000000000e+00 2.929057854843251409e-03 3.185698789179704921e-03 3.990957451236486382e-03 1.061899596393234974e-03 0.000000000000000000e+00 0.000000000000000000e+00
3.185698789179704921e-03 3.185698789179704921e-03 3.185698789179704921e-03 6.371397578359409841e-03 1.081854170470917913e-02 9.557096367539114762e-03 8.802748605016556815e-03 5.052857047629720488e-03 0.000000000000000000e+00 2.565948803529641449e-03 2.609334833257164268e-03 4.314680872072536137e-03 6.371397578359409841e-03 5.309497981966174868e-03 2.123799192786469947e-03 1.061899596393234974e-03 2.123799192786469947e-03
6.365297883633260108e-03 3.240821638489862610e-03 4.731289559545142492e-03 7.901170052526707704e-03 1.254127707169252169e-02 8.806526691340627391e-03 9.943260538982659491e-03 7.176656240416189568e-03 0.000000000000000000e+00 1.061899596393234974e-03 3.185698789179704921e-03 5.788941152708509605e-03 3.654142670762953408e-03 3.185698789179704921e-03 1.061899596393234974e-03 0.000000000000000000e+00 3.185698789179704921e-03
8.555022831479680914e-03 7.433297174752644815e-03 4.263416681771077868e-03 7.433297174752644815e-03 1.275885695964182678e-02 3.497028709374453391e-03 5.364186967824469826e-03 4.017930407825952982e-03 0.000000000000000000e+00 1.284654158954170447e-03 1.284654158954170447e-03 3.185698789179704921e-03 2.123799192786469947e-03 1.061899596393234974e-03 1.061899596393234974e-03 1.061899596393234974e-03 1.061899596393234974e-03
1.766039011086433311e-02 1.289118555604027057e-02 3.201517085377844195e-03 4.269421898192857570e-03 1.068698892418444568e-02 4.247598385572939894e-03 2.269653892487798891e-03 2.123799192786469947e-03 0.000000000000000000e+00 2.123799192786469947e-03 3.408453351740640177e-03 3.185698789179704921e-03 1.061899596393234974e-03 1.061899596393234974e-03 3.128159198901925460e-03 1.061899596393234974e-03 2.123799192786469947e-03
1.675170709751645434e-02 2.647109217504896653e-02 7.449115470950783656e-03 4.247598385572939894e-03 7.433297174752644815e-03 5.309497981966174868e-03 2.123799192786469947e-03 2.123799192786469947e-03 0.000000000000000000e+00 3.136415690627844879e-03 3.185698789179704921e-03 1.061899596393234974e-03 0.000000000000000000e+00 1.061899596393234974e-03 4.190058795295160433e-03 1.061899596393234974e-03 2.123799192786469947e-03
2.211811510029036004e-02 2.973318869901057926e-02 8.495196771145879788e-03 6.371397578359409841e-03 6.371397578359409841e-03 3.185698789179704921e-03 3.185698789179704921e-03 2.123799192786469947e-03 0.000000000000000000e+00 2.123799192786469947e-03 4.247598385572939894e-03 5.309497981966174868e-03 3.897411399495045482e-03 3.236796904176889728e-03 3.185698789179704921e-03 3.196698078338791604e-03 3.240141809617104462e-03
