1.903986604996276907e-03 2.228701051937073165e-03 1.042308769798109191e-03 1.377415294056354026e-03 2.534076436412646596e-03 1.808928160396802405e-03 1.668585239823102556e-03 2.408893879418508993e-03 2.179575690625525954e-03 1.501578320555967344e-03 1.510827807679170250e-03 6.167714826146799981e-04 1.026592009644477273e-03 8.901408394439279826e-04 1.514226052871029630e-03 2.060902205361508054e-03 2.056615126981492080e-03
2.539220297789748608e-03 2.953208181094642889e-03 9.061239690969113319e-04 1.134063501229225050e-03 2.003659419465025297e-03 1.111048185502893325e-03 9.373300572032084235e-04 2.366490064703004412e-03 3.564807548099456578e-03 1.581454012941282093e-03 1.752102489116428088e-03 5.211543848990545956e-04 6.948725131987394969e-04 7.403406291927556527e-04 2.992249838200737762e-03 3.535955021196994161e-03 3.615294093959658863e-03
2.802987441531228953e-03 3.045697560834980874e-03 1.677542953123351476e-03 2.127193397870410542e-03 1.832147655639501140e-03 1.512106916501042850e-03 1.926557268397315189e-03 3.407818757849921231e-03 4.056494565047695164e-03 2.566332263772336600e-03 1.582584497875926411e-03 1.584084184096533733e-03 1.608423197300872139e-03 2.319855306169038914e-03 3.849039126225005554e-03 4.405131991945619024e-03 4.336921323330781945e-03
2.354733832091138960e-03 2.770935183594368852e-03 2.532701495457153219e-03 2.589542410329733965e-03 2.124648055098624696e-03 1.171011744867017689e-03 2.013003970027657779e-03 2.888265354544777754e-03 4.652539208348027873e-03 3.010888031720706549e-03 2.262691538268298257e-03 1.042138054348572263e-03 2.079515188858890428e-03 2.779353833379111412e-03 3.632099305646951503e-03 3.521650718530928634e-03 3.117387592960960390e-03
6.578983544859088022e-04 1.396404417280358882e-03 2.300883218750655705e-03 3.393144862404520908e-03 3.222384268430392076e-03 1.838512348451224517e-03 2.258609793958906396e-03 2.893569851221145135e-03 4.627470134456690420e-03 3.702688789421666911e-03 2.997239348758038574e-03 3.048367254170112218e-03 3.872399244841666800e-03 4.303051061261727907e-03 3.673094984270432531e-03 3.028830653639891062e-03 1.899204822806514368e-03
8.619440418033647109e-04 1.146435815113678713e-03 8.887736208782093424e-04 2.322867085781915586e-03 2.070950532203459909e-03 2.940799821328976202e-03 3.634593101738702731e-03 6.782357149614504956e-03 1.224684332722184195e-02 7.992681390243861275e-03 4.940295424963824476e-03 5.361947901227683347e-03 6.146631276378777126e-03 5.497797565031699828e-03 3.302856447458022739e-03 2.327442560185921400e-03 1.949002597948394817e-03
8.906391279792404136e-04 7.971340514132781640e-04 4.772639814884365459e-04 1.598607258024266169e-03 2.418386788802829711e-03 4.303426076550485521e-03 4.915149740717258096e-03 9.884881708500227113e-03 2.766304895711996226e-02 1.275265827867863057e-02 8.162632868092746519e-03 6.305515221206021634e-03 5.356381321993205005e-03 3.331863470257467093e-03 2.029803726813653696e-03 1.042308769798109191e-03 6.948725131987394969e-04
6.948725131987394969e-04 3.474362565993697484e-04 5.211543848990545956e-04 1.737157387788171173e-03 1.581428691943889079e-03 2.646343099213534309e-03 2.644454559652240858e-03 8.445846129388999424e-03 2.139583042064989102e-02 9.105684117709636483e-03 5.274557150026030691e-03 3.128770085508180733e-03 2.122712134018326941e-03 2.084617539596218382e-03 1.042308769798109191e-03 5.211543848990545956e-04 3.474362565993697484e-04
0.000000000000000000e+00 0.000000000000000000e+00 0.000000000000000000e+00 0.000000000000000000e+00 0.000000000000000000e+00 0.000000000000000000e+00 0.000000000000000000e+00 0.000000000000000000e+00 0.000000000000000000e+00 0.000000000000000000e+00 0.000000000000000000e+00 0.000000000000000000e+00 0.000000000000000000e+00 0.000000000000000000e+00 0.000000000000000000e+00 0.000000000000000000e+00 0.000000000000000000e+00
7.392086516132727672e-04 6.948725131987394969e-04 4.550798719679737350e-04 1.216026898097794092e-03 2.068571103197860798e-03 2.399095866114478708e-03 4.812999323236282455e-03 7.703987891591669232e-03 1.667187510481487472e-02 5.895489225895168307e-03 2.744209385926529073e-03 1.391559768783038643e-03 1.563463154697163678e-03 1.072470524778938684e-03 5.211543848990545956e-04 5.401505094702973133e-04 8.685906414984242898e-04
3.004222682107006263e-03 2.084617539596218382e-03 1.059646700537057425e-03 1.649178909649101328e-03 3.343030718118821659e-03 3.622072789939349228e-03 6.008502190087397846e-03 1.077562599414992259e-02 2.008731372228920661e-02 7.937447243312032233e-03 3.473953867243231765e-03 2.806352919100382412e-03 2.616893252579282920e-03 2.446291043259022410e-03 1.268920987576553291e-03 5.211543848990545956e-04 1.737181282996848580e-03
6.039532572079990384e-03 4.366389061592933912e-03 3.519453308480102217e-03 3.318150143736943967e-03 3.993026667868802143e-03 4.261697301019804623e-03 6.022455791165796414e-03 8.596033139283783611e-03 1.072779413243461072e-02 5.718596410780887006e-03 3.096396697190872266e-03 2.171565312557312364e-03 3.529314135390967076e-03 3.703032263690651978e-03 2.822011448823930849e-03 1.612535451154073094e-03 2.605771924495273086e-03
7.980101331917573149e-03 8.736862366716287298e-03 7.784033056185822586e-03 5.037021177393697854e-03 4.355379834425871649e-03 3.343660974490846125e-03 5.241279092334530376e-03 5.457673188521854069e-03 7.091143461694174484e-03 2.620179623767324075e-03 1.104494473334764098e-03 1.218330664233965898e-03 2.465253822866125214e-03 4.189765629800846700e-03 3.565262188782832280e-03 3.291800321233911541e-03 2.266109640174578371e-03
1.259444147204900714e-02 1.116637780218309763e-02 1.084614726386787416e-02 5.896018780663735311e-03 4.411783079079168411e-03 3.718213520578111161e-03 5.424066537782490371e-03 5.048922190609679041e-03 5.568578116321934966e-03 2.933240544205555772e-03 2.070891839358661619e-03 8.826319382606066192e-04 1.391013660442087926e-03 2.452584346803997686e-03 2.901600513640221340e-03 3.573688349504621203e-03 1.941080872474797029e-03
1.790083148504624869e-02 1.600124441834275407e-02 8.812611039324950990e-03 6.519872650850369600e-03 3.775145644065676809e-03 2.519158575861877788e-03 3.495361375980125720e-03 3.180944351048036346e-03 3.182933873437075907e-03 1.311651179158260109e-03 8.211575590966380036e-04 5.211543848990545956e-04 6.948725131987394969e-04 1.567082211622822371e-03 1.957305636590112984e-03 3.524387848212935138e-03 2.465854314299509992e-03
1.940014959951635171e-02 1.386086195595568824e-02 9.295767223736491058e-03 5.357621485392149996e-03 4.535649866088052075e-03 2.865161342994826735e-03 1.240625567179161684e-03 2.725322659935197709e-03 1.753273151201252111e-03 8.758262183661797524e-04 3.496507648194169065e-04 1.737181282996848742e-04 1.048724447109198633e-03 1.216026898097794092e-03 1.396980603265234348e-03 2.084617539596218382e-03 2.198972521994220410e-03
1.589487260450982847e-02 1.290125122372724926e-02 8.423188613237013109e-03 5.958609872313142854e-03 3.550852817510055919e-03 4.002367647248935602e-03 2.782054394620996855e-03 1.980836266983826682e-03 2.297119212608791927e-03 6.942790587514401394e-04 8.685906414984242898e-04 5.211543848990545956e-04 1.216026898097794092e-03 1.042308769798109191e-03 2.321324477488050932e-04 1.055376814149940837e-03 1.216026898097794092e-03
