4.094434756368498418e-04 4.094434756368498418e-04 2.047217378184249155e-03 4.094434756368498418e-04 1.228330426910549363e-03 1.708212729850677909e-03 1.679995495212464017e-03 2.456660853821098726e-03 0.000000000000000000e+00 1.643056566076247669e-03 8.188869512736996837e-04 1.258177758636092177e-03 1.228330426910549363e-03 1.697968892316689942e-03 3.581010166538712864e-03 6.858354315636417710e-03 8.188869512736996620e-03
4.094434756368498418e-04 1.993464466141418347e-03 5.099780578838670510e-03 1.876261371750125202e-03 1.619478953013771998e-03 2.936543156761227055e-03 2.908325922123013163e-03 2.866104329457948730e-03 0.000000000000000000e+00 8.385678407941507973e-04 4.094434756368498418e-04 1.655459532620977888e-03 8.297411681608612630e-04 2.880775847606212563e-03 6.122822835476050309e-03 8.284387611373445620e-03 5.836249921196989300e-03
1.386309469420344241e-03 1.637773902547399367e-03 5.272779600172927857e-03 2.822257205504810976e-03 2.067743565688776562e-03 4.503878232005348314e-03 4.094434756368498310e-03 3.714472881131078170e-03 0.000000000000000000e+00 2.047217378184249155e-03 1.637773902547399367e-03 2.856697421161865855e-03 3.299759338389629884e-03 9.430557256055214360e-03 1.358938880655970183e-02 1.000753363948084923e-02 4.913321707642197451e-03
2.055132065866414198e-03 1.228330426910549363e-03 3.689131352595322738e-03 2.866104329457948730e-03 2.485422835989493928e-03 4.537240001974410762e-03 4.503878232005348314e-03 4.027179603529689421e-03 0.000000000000000000e+00 2.866104329457948730e-03 3.429541305052337050e-03 4.503878232005348314e-03 7.383339877870967807e-03 7.689140703201017071e-03 8.319826860382571396e-03 2.901767036731974208e-03 1.976612933805569749e-03
8.188869512736996837e-04 4.094434756368498418e-04 1.404858191934420112e-03 1.228330426910549363e-03 3.216508828814903728e-03 3.948354707136829400e-03 2.466141331276245404e-03 4.427959647790629706e-03 0.000000000000000000e+00 3.684991280731648305e-03 4.919538159891385931e-03 7.303622775767595193e-03 7.779426037100146615e-03 6.721865633899728326e-03 5.129804795278588604e-03 2.053433830433436767e-03 2.866104329457948730e-03
8.188869512736996837e-04 8.188869512736996837e-04 1.641913974411073800e-03 2.047217378184249155e-03 2.476814362915667929e-03 3.275547805094798735e-03 2.456660853821098726e-03 8.013449161663565093e-03 0.000000000000000000e+00 3.720556107654973341e-03 4.280877469667152165e-03 9.608583124224077607e-03 4.929533889974235632e-03 4.347381372212493454e-03 2.144886296096376946e-03 1.531939512946222564e-03 8.188869512736996837e-04
1.228330426910549363e-03 8.188869512736996837e-04 2.467137703112815689e-03 1.238807276202265892e-03 1.228330426910549363e-03 2.455982165028190115e-03 4.372716071720699274e-03 1.924052925210386483e-02 0.000000000000000000e+00 7.814990864023473385e-03 6.168189889749580573e-03 5.322765183279047456e-03 3.169713415493621931e-03 5.451091378351796864e-03 2.760269939856771926e-03 2.350826464219921922e-03 2.072349765744447691e-03
4.094434756368498418e-04 2.266193138168744788e-03 2.686113463097310888e-03 1.807565514968126862e-03 2.226508801106356471e-03 6.141652134552747465e-03 1.228330426910549493e-02 1.874932360621252639e-02 0.000000000000000000e+00 7.401233383214132419e-03 4.007061162438979932e-03 1.548151695278260093e-03 1.138708219641410523e-03 2.350826464219921922e-03 2.047217378184249155e-03 1.161179369739392129e-03 4.094434756368498418e-04
0.000000000000000000e+00 0.000000000000000000e+00 0.000000000000000000e+00 0.000000000000000000e+00 0.000000000000000000e+00 0.000000000000000000e+00 0.000000000000000000e+00 0.000000000000000000e+00 0.000000000000000000e+00 0.000000000000000000e+00 0.000000000000000000e+00 0.000000000000000000e+00 0.000000000000000000e+00 0.000000000000000000e+00 0.000000000000000000e+00 0.000000000000000000e+00 0.000000000000000000e+00
4.094434756368498418e-04 1.973935275664561936e-03 1.648413349288498997e-03 2.047217378184249155e-03 0.000000000000000000e+00 2.866104329457948730e-03 4.503878232005348314e-03 4.853979301036049840e-03 0.000000000000000000e+00 1.080791113799515514e-02 9.965432392376603193e-03 4.503878232005348314e-03 2.047217378184249155e-03 1.957218616523190291e-03 3.414336782187005724e-03 2.481793241381298129e-03 1.776562879639606140e-03
1.228330426910549363e-03 8.188869512736996837e-04 2.456660853821098726e-03 3.684991280731648305e-03 1.107851472283511969e-03 5.774755297633073908e-03 5.063990159683397566e-03 7.759364136666666197e-03 0.000000000000000000e+00 8.447110685623735599e-03 7.353358280058374871e-03 4.315386837275124281e-03 3.982354040064366336e-03 2.866104329457948730e-03 3.476886795192818055e-03 4.489786180069842668e-03 2.866104329457948730e-03
2.121000887876265621e-03 2.057856824925348785e-03 2.764555626731588639e-03 3.273816458187010607e-03 4.791111406107372364e-03 6.778093314635491064e-03 3.999871294360702809e-03 4.913321707642197451e-03 0.000000000000000000e+00 3.400313813958672025e-03 6.511815104016928542e-03 5.863161978161465435e-03 7.311741672061750075e-03 4.393817569910809032e-03 2.456660853821098726e-03 2.823764589990140818e-03 1.618125424753237779e-03
8.188869512736996837e-04 2.364325398870922856e-03 5.639873203965721157e-03 8.308058742485007614e-03 7.603973991301435018e-03 3.293188332116449204e-03 1.228330426910549363e-03 2.047217378184249155e-03 0.000000000000000000e+00 2.047160648260466266e-03 3.684934550807865850e-03 5.036171254856909758e-03 7.959734587857187835e-03 4.210873841854892614e-03 2.167170021364092300e-03 1.348426574812407316e-03 1.515610609380081252e-03
3.404742913407162504e-03 3.221169311749800743e-03 8.637391273340795650e-03 1.054208116769072244e-02 6.958807738918658045e-03 1.637773902547399367e-03 2.047217378184249155e-03 8.188869512736996837e-04 0.000000000000000000e+00 4.094434756368498418e-04 2.456604123897315837e-03 2.663721489001578784e-03 4.957767374660689702e-03 2.894422058906431176e-03 3.829748095666525923e-03 2.982543414944343468e-03 1.760146950426358685e-03
9.173656243244319303e-03 1.110730707609087868e-02 1.622463906567288630e-02 1.071979163786225542e-02 1.027292874174042837e-02 2.245042810588820069e-03 9.462193948973843119e-04 4.094434756368498418e-04 0.000000000000000000e+00 1.228330426910549363e-03 1.683874053641963185e-03 3.638807448605815668e-03 5.626540613935720157e-03 2.502761004915662977e-03 5.029760793128592623e-03 2.047217378184249155e-03 1.263429812870042919e-03
7.426154092393806062e-03 1.226646197171790686e-02 1.786934167696367648e-02 1.006329716969415686e-02 6.984417635942635934e-03 4.962734314931552954e-03 8.717449131510609855e-04 0.000000000000000000e+00 0.000000000000000000e+00 8.188869512736996837e-04 2.179090194826100411e-03 1.637773902547399367e-03 4.116238135886563648e-03 3.002939608917876667e-03 4.259253471736855479e-03 4.488338004401477149e-03 1.919300678601015961e-03
1.061243279519845893e-02 1.145592579743344788e-02 1.454512716351734347e-02 7.970999364804958257e-03 3.730602726596545914e-03 2.654486286225670073e-03 1.690631864424760669e-03 4.094434756368498418e-04 0.000000000000000000e+00 4.094434756368498418e-04 4.094434756368498418e-04 1.249148595934070809e-03 8.188869512736996837e-04 1.637773902547399367e-03 1.637773902547399367e-03 2.427168918125882126e-03 7.893950155784830837e-04
