1.790593814230767382e-04 5.365387586540188705e-04 5.371781442692301605e-04 7.742288053899235500e-04 4.437513585101723825e-04 1.030935629125610082e-03 6.247219883577679808e-04 4.492135077437137830e-04 0.000000000000000000e+00 6.267078349807685567e-04 7.679235767020271700e-04 8.063964742456601262e-04 1.163211531783378766e-03 1.241580198319822527e-03 2.063826812519363799e-03 3.049389890882387832e-03 3.534317436877162846e-03
2.685890721346150803e-04 4.920956365904690429e-04 5.371638563115892434e-04 9.348252082240239829e-04 8.057672164038452408e-04 7.193972371548228899e-04 6.559814560827178500e-04 2.828264617128606719e-04 0.000000000000000000e+00 4.476484535576918185e-04 8.113404490846994619e-04 5.437699578913062501e-04 1.343415606763020834e-03 1.720385816020527248e-03 3.410959124463386512e-03 4.252075652992577670e-03 4.247348512660945562e-03
2.685890721346150803e-04 3.147430227482077010e-04 3.549823510677994486e-04 3.779872153795845943e-04 3.581187628461534765e-04 7.593972049787141038e-04 4.356783334638870899e-04 3.581187628461534765e-04 0.000000000000000000e+00 5.371781442692301605e-04 6.244810300571181170e-04 6.267078349807685567e-04 1.612785305640864223e-03 3.231418470280083763e-03 4.795498463829934999e-03 5.198114863897236072e-03 4.677297059423556752e-03
4.211451070119209112e-04 6.146998097953501519e-04 1.237311582697770513e-03 1.072093432763967331e-03 1.153465162142364425e-03 4.913608083233269317e-04 7.123759330780067957e-04 1.790593814230767382e-04 0.000000000000000000e+00 3.581187628461534765e-04 5.371781442692301605e-04 1.254666542794710855e-03 4.056616588589106141e-03 5.926036006517239850e-03 6.502011134100328313e-03 5.800365971943756416e-03 3.856612738122467809e-03
1.019433850428539366e-03 1.255006952608147663e-03 1.859288472096151841e-03 1.677532042829265333e-03 2.228880332657292695e-03 1.294917708931691593e-03 1.068634450121355500e-03 1.790593814230767382e-04 0.000000000000000000e+00 8.952969071153836912e-05 1.038415593707410923e-03 4.386676275131831323e-03 7.658355884756022289e-03 8.601504711631815375e-03 6.981379333826745123e-03 4.551076935052500959e-03 2.798847219228676152e-03
1.211613949071032106e-03 1.241446905969603807e-03 1.435792703397637633e-03 2.161804015227574219e-03 3.227970225189528627e-03 2.708555757482608399e-03 2.331089610513021378e-03 7.162375256923069530e-04 0.000000000000000000e+00 1.242448441266224462e-03 5.066610895236248885e-03 8.352356719368856167e-03 1.029984346232767564e-02 8.979828250239012266e-03 5.815262424089223670e-03 3.428342384603622409e-03 2.306665813522119739e-03
1.137250302410966517e-03 1.186807269168646583e-03 1.430216583763690161e-03 2.253343090879279462e-03 4.038103689748591928e-03 4.336783305925742509e-03 4.382075563250850507e-03 2.467304148068523613e-03 0.000000000000000000e+00 5.166944212304695229e-03 1.042082748793413290e-02 1.187338547957598155e-02 9.878778532120805270e-03 6.927931742823714018e-03 4.176151310015525746e-03 2.837033369947094749e-03 2.421418532027123580e-03
1.405839374545581706e-03 2.249558390213460962e-03 2.238242267788459038e-03 3.187889313363669389e-03 4.567827290790201812e-03 8.770385192673244013e-03 9.671925353453320051e-03 7.451338556680711135e-03 0.000000000000000000e+00 9.655325403316568703e-03 1.392982937837736017e-02 1.367327485888921064e-02 7.600754917911762588e-03 5.065416833777556214e-03 4.049585415973849627e-03 3.163419727562556422e-03 2.816924968295865094e-03
2.231526390777861194e-03 3.515857624419305161e-03 3.353296993481886569e-03 4.169716812866774286e-03 5.748986240898244261e-03 1.415378772061092263e-02 1.832779452374210319e-02 1.436164716311289294e-02 0.000000000000000000e+00 1.412286965292152037e-02 1.659601497548977497e-02 1.297489514405783528e-02 5.163266512211168134e-03 3.581805035098152654e-03 3.762437804449496152e-03 2.918754773925190827e-03 2.102225400218795271e-03
3.088919120918647791e-03 4.451718872683780616e-03 4.178819240623376542e-03 7.343650189526798079e-03 1.062444098327540963e-02 1.685646077474242319e-02 1.619642284370189506e-02 8.542528021741092187e-03 0.000000000000000000e+00 7.537526153068010645e-03 8.852622590295487065e-03 9.039950826098994488e-03 4.515167124838948692e-03 2.980702998819338007e-03 2.226536114418512739e-03 1.677442254615845244e-03 8.781431490298474479e-04
4.063936430594937074e-03 4.367115872238427725e-03 5.862389168583992220e-03 1.158923569245970918e-02 1.510204266441919629e-02 1.674141111786793881e-02 1.336450127503890743e-02 4.303206334835702959e-03 0.000000000000000000e+00 2.404638687392378002e-03 5.934623652308453762e-03 6.499884632529119403e-03 5.800721524395277204e-03 3.263942291993487694e-03 2.077910827993486795e-03 1.115950333384146996e-03 6.488710625242309930e-04
5.798814588063062880e-03 6.326671048535754266e-03 9.149323861698309066e-03 1.350707232583526173e-02 1.399273627919281164e-02 1.113371293659748580e-02 6.688912622956420806e-03 1.464020868586743017e-03 0.000000000000000000e+00 8.527574697691484885e-04 2.347228977197650737e-03 2.779475963519230982e-03 3.484653256797814232e-03 2.596860946332735145e-03 1.591728200214799537e-03 7.184037571400156679e-04 4.765405962121763237e-04
5.641262219261956000e-03 8.485348824912281041e-03 1.183020237111555295e-02 1.345596408778416443e-02 1.124167165369305450e-02 6.299820158933355438e-03 2.778033637866850983e-03 5.236168086532503414e-04 0.000000000000000000e+00 0.000000000000000000e+00 4.476484535576918185e-04 9.894611255526410565e-04 2.570953586390640425e-03 2.150015572031266885e-03 1.398397363720545444e-03 9.885247103194262815e-04 2.758871366958902263e-04
5.572108575633933844e-03 8.573881684087493460e-03 9.875830007954071801e-03 8.107411380740956255e-03 6.147912330885842332e-03 3.231958450393715866e-03 1.377038510560794514e-03 7.162375256923069530e-04 0.000000000000000000e+00 1.790593814230767382e-04 2.685890721346150803e-04 2.716585456743120849e-04 9.701551201688632473e-04 1.339113747511032305e-03 1.226776619402322353e-03 6.937700789513430964e-04 2.685890721346150803e-04
5.913729239804359911e-03 7.000977208417024332e-03 6.611970982114760177e-03 4.674293314485837049e-03 2.061720152689854643e-03 1.342064772970038254e-03 5.500971858110810823e-04 3.998540801712716910e-04 0.000000000000000000e+00 1.354092623382375767e-04 3.068994901304308333e-04 4.215357381305449760e-04 2.716585456743120849e-04 1.790593814230767382e-04 6.225201302460658817e-04 7.451296683467914040e-04 3.567409206565686441e-04
5.050203053270770244e-03 4.444779573014655955e-03 4.325810049922021623e-03 3.153379918258216418e-03 2.229365576349156414e-03 1.454966485521253655e-03 8.057672164038452408e-04 2.685890721346150803e-04 0.000000000000000000e+00 4.039983344728526027e-04 5.371781442692301605e-04 3.320060474190066340e-04 3.581187628461534765e-04 8.952969071153836912e-05 6.700119334829743832e-04 4.014228613483592487e-04 2.737477478681820623e-04
4.061171565494970867e-03 3.077038900492161128e-03 3.108066696708905452e-03 3.091059045025873388e-03 2.306246961535861426e-03 2.709153945313692510e-03 1.458994078058969144e-03 3.581187628461534765e-04 0.000000000000000000e+00 1.790593814230767382e-04 8.952969071153836912e-05 3.349160525181643948e-04 5.110654288420832638e-04 6.901248102651600562e-04 8.821616320082877310e-04 5.164737155312508271e-04 5.590738507803605416e-04
