1.325491436005984611e-02 1.325491436005984611e-02 9.941185770044883713e-03 9.941185770044883713e-03 9.941185770044883713e-03 6.627457180029923053e-03 3.313728590014961527e-03 3.313728590014961527e-03 0.000000000000000000e+00 0.000000000000000000e+00 0.000000000000000000e+00 0.000000000000000000e+00 3.313728590014961527e-03 0.000000000000000000e+00 0.000000000000000000e+00 3.313728590014961527e-03 6.827038749129894085e-03
6.627457180029923053e-03 6.627457180029923053e-03 3.313728590014961527e-03 3.313728590014961527e-03 3.313728590014961527e-03 3.313728590014961527e-03 3.313728590014961527e-03 0.000000000000000000e+00 0.000000000000000000e+00 0.000000000000000000e+00 0.000000000000000000e+00 3.313728590014961527e-03 3.313728590014961527e-03 3.313728590014961527e-03 3.313728590014961527e-03 6.627457180029923053e-03 9.920411400539837915e-03
0.000000000000000000e+00 0.000000000000000000e+00 0.000000000000000000e+00 0.000000000000000000e+00 0.000000000000000000e+00 0.000000000000000000e+00 0.000000000000000000e+00 0.000000000000000000e+00 0.000000000000000000e+00 0.000000000000000000e+00 0.000000000000000000e+00 0.000000000000000000e+00 0.000000000000000000e+00 0.000000000000000000e+00 0.000000000000000000e+00 0.000000000000000000e+00 0.000000000000000000e+00
0.000000000000000000e+00 0.000000000000000000e+00 0.000000000000000000e+00 3.313728590014961527e-03 0.000000000000000000e+00 3.313728590014961527e-03 6.627457180029923053e-03 0.000000000000000000e+00 0.000000000000000000e+00 0.000000000000000000e+00 0.000000000000000000e+00 0.000000000000000000e+00 3.313728590014961527e-03 0.000000000000000000e+00 0.000000000000000000e+00 3.313728590014961527e-03 0.000000000000000000e+00
0.000000000000000000e+00 0.000000000000000000e+00 0.000000000000000000e+00 3.313728590014961527e-03 0.000000000000000000e+00 0.000000000000000000e+00 3.313728590014961527e-03 0.000000000000000000e+00 0.000000000000000000e+00 0.000000000000000000e+00 0.000000000000000000e+00 3.313728590014961527e-03 6.627457180029923053e-03 0.000000000000000000e+00 3.313728590014961527e-03 3.313728590014961527e-03 6.627457180029923053e-03
0.000000000000000000e+00 0.000000000000000000e+00 0.000000000000000000e+00 3.313728590014961527e-03 3.313728590014961527e-03 0.000000000000000000e+00 3.313728590014961527e-03 3.313728590014961527e-03 0.000000000000000000e+00 0.000000000000000000e+00 0.000000000000000000e+00 0.000000000000000000e+00 0.000000000000000000e+00 0.000000000000000000e+00 0.000000000000000000e+00 0.000000000000000000e+00 0.000000000000000000e+00
0.000000000000000000e+00 0.000000000000000000e+00 0.000000000000000000e+00 0.000000000000000000e+00 0.000000000000000000e+00 0.000000000000000000e+00 0.000000000000000000e+00 0.000000000000000000e+00 0.000000000000000000e+00 0.000000000000000000e+00 0.000000000000000000e+00 0.000000000000000000e+00 0.000000000000000000e+00 0.000000000000000000e+00 0.000000000000000000e+00 0.000000000000000000e+00 0.000000000000000000e+00
0.000000000000000000e+00 0.000000000000000000e+00 0.000000000000000000e+00 0.000000000000000000e+00 0.000000000000000000e+00 0.000000000000000000e+00 0.000000000000000000e+00 0.000000000000000000e+00 0.000000000000000000e+00 0.000000000000000000e+00 0.000000000000000000e+00 0.000000000000000000e+00 0.000000000000000000e+00 0.000000000000000000e+00 0.000000000000000000e+00 0.000000000000000000e+00 0.000000000000000000e+00
0.000000000000000000e+00 0.000000000000000000e+00 0.000000000000000000e+00 0.000000000000000000e+00 0.000000000000000000e+00 0.000000000000000000e+00 0.000000000000000000e+00 0.000000000000000000e+00 0.000000000000000000e+00 0.000000000000000000e+00 0.000000000000000000e+00 0.000000000000000000e+00 0.000000000000000000e+00 0.000000000000000000e+00 0.000000000000000000e+00 0.000000000000000000e+00 0.000000000000000000e+00
0.000000000000000000e+00 0.000000000000000000e+00 0.000000000000000000e+00 0.000000000000000000e+00 0.000000000000000000e+00 0.000000000000000000e+00 0.000000000000000000e+00 0.000000000000000000e+00 0.000000000000000000e+00 0.000000000000000000e+00 0.000000000000000000e+00 0.000000000000000000e+00 0.000000000000000000e+00 0.000000000000000000e+00 0.000000000000000000e+00 0.000000000000000000e+00 0.000000000000000000e+00
0.000000000000000000e+00 0.000000000000000000e+00 0.000000000000000000e+00 0.000000000000000000e+00 0.000000000000000000e+00 0.000000000000000000e+00 0.000000000000000000e+00 0.000000000000000000e+00 0.000000000000000000e+00 0.000000000000000000e+00 0.000000000000000000e+00 0.000000000000000000e+00 0.000000000000000000e+00 0.000000000000000000e+00 0.000000000000000000e+00 0.000000000000000000e+00 0.000000000000000000e+00
9.941185770044883713e-03 0.000000000000000000e+00 0.000000000000000000e+00 0.000000000000000000e+00 0.000000000000000000e+00 0.000000000000000000e+00 3.313728590014961527e-03 0.000000000000000000e+00 0.000000000000000000e+00 0.000000000000000000e+00 3.313728590014961527e-03 3.313728590014961527e-03 0.000000000000000000e+00 0.000000000000000000e+00 3.313728590014961527e-03 0.000000000000000000e+00 0.000000000000000000e+00
1.656864295007480503e-02 1.325491436005984611e-02 6.627457180029923053e-03 6.627457180029923053e-03 9.630844635155408687e-03 6.317116045140448027e-03 9.630844635155408687e-03 3.313728590014961527e-03 0.000000000000000000e+00 3.313728590014961527e-03 0.000000000000000000e+00 0.000000000000000000e+00 0.000000000000000000e+00 0.000000000000000000e+00 0.000000000000000000e+00 3.313728590014961527e-03 3.986752241187876619e-03
2.319610013010472982e-02 1.957203040520029066e-02 1.325491436005984611e-02 6.627457180029923053e-03 9.630844635155408687e-03 6.317116045140448027e-03 9.630844635155408687e-03 3.313728590014961527e-03 0.000000000000000000e+00 3.313728590014961527e-03 0.000000000000000000e+00 0.000000000000000000e+00 5.201937395900238167e-03 0.000000000000000000e+00 0.000000000000000000e+00 9.941185770044883713e-03 1.002725559546056681e-02
3.313728590014961006e-02 1.325491436005984611e-02 1.325491436005984611e-02 1.325491436005984611e-02 6.627457180029923053e-03 1.325491436005984611e-02 6.627457180029923053e-03 3.313728590014961527e-03 0.000000000000000000e+00 3.313728590014961527e-03 0.000000000000000000e+00 6.627457180029923053e-03 3.313728590014961527e-03 3.313728590014961527e-03 3.313728590014961527e-03 0.000000000000000000e+00 6.627457180029923053e-03
4.310489619370772713e-02 2.319610013010472982e-02 2.345327888639974975e-02 2.345327888639974975e-02 2.982355731013465114e-02 2.650982872011969221e-02 1.656864295007480503e-02 6.627457180029923053e-03 0.000000000000000000e+00 3.313728590014961527e-03 0.000000000000000000e+00 0.000000000000000000e+00 0.000000000000000000e+00 0.000000000000000000e+00 0.000000000000000000e+00 3.313728590014961527e-03 0.000000000000000000e+00
4.641862478372268952e-02 4.036205761553832844e-02 3.339446465644463347e-02 3.008073606642967454e-02 2.982355731013465114e-02 2.319610013010472982e-02 2.319610013010472982e-02 3.387254560295173671e-03 0.000000000000000000e+00 0.000000000000000000e+00 0.000000000000000000e+00 0.000000000000000000e+00 0.000000000000000000e+00 0.000000000000000000e+00 3.313728590014961527e-03 3.475296879823283353e-03 3.313728590014961527e-03
