3.877508909788553084e-03 4.295254640457992282e-03 6.560452334049200231e-03 3.861128350971159817e-03 2.574085567314106544e-03 1.287042783657053272e-03 3.861128350971159817e-03 1.287042783657053272e-03 0.000000000000000000e+00 0.000000000000000000e+00 0.000000000000000000e+00 0.000000000000000000e+00 1.287042783657053272e-03 1.287042783657053272e-03 1.287042783657053272e-03 2.136863163831904337e-03 2.574085567314106544e-03
2.774105942305212392e-03 6.435213918285265927e-03 9.212381961686258794e-03 0.000000000000000000e+00 1.287042783657053272e-03 1.287042783657053272e-03 3.861128350971159817e-03 0.000000000000000000e+00 0.000000000000000000e+00 0.000000000000000000e+00 1.287042783657053272e-03 1.287042783657053272e-03 0.000000000000000000e+00 0.000000000000000000e+00 2.136863163831904337e-03 3.423905947488957609e-03 3.861128350971159817e-03
8.238734398202969891e-03 1.376327533000279608e-02 1.355282625303014590e-02 5.117296819016277885e-03 3.913709159709149142e-03 5.148171134628213089e-03 5.157629930700777243e-03 0.000000000000000000e+00 0.000000000000000000e+00 0.000000000000000000e+00 0.000000000000000000e+00 1.287042783657053272e-03 0.000000000000000000e+00 0.000000000000000000e+00 1.287042783657053272e-03 5.997991514803064153e-03 6.435213918285265927e-03
1.066538039926395731e-02 1.218961136981686413e-02 1.205944144376177446e-02 1.087002230978115387e-02 9.550731229564481811e-03 8.925844361249449244e-03 1.029634226925642618e-02 1.287042783657053272e-03 0.000000000000000000e+00 0.000000000000000000e+00 0.000000000000000000e+00 1.287042783657053272e-03 1.287042783657053272e-03 0.000000000000000000e+00 1.287042783657053272e-03 5.148171134628213089e-03 3.861128350971159817e-03
6.435213918285265927e-03 1.190131823252126714e-02 7.809971906457967468e-03 7.763031946509446439e-03 8.893596064689828287e-03 6.658246643522212557e-03 1.013986934328255443e-02 0.000000000000000000e+00 0.000000000000000000e+00 1.287042783657053272e-03 2.574085567314106544e-03 3.861128350971159817e-03 3.861128350971159817e-03 1.287042783657053272e-03 1.897897174758978725e-03 7.046068309387191163e-03 9.620153876701297707e-03
2.029271455007587623e-03 2.574085567314106544e-03 3.316314238664641329e-03 2.778248896367851561e-03 1.666548434867870564e-03 5.371203859865159719e-03 8.852826559625501593e-03 0.000000000000000000e+00 0.000000000000000000e+00 1.287042783657053272e-03 1.287042783657053272e-03 2.582994335586069265e-03 1.287042783657053185e-02 5.148171134628213089e-03 1.897897174758978725e-03 5.769212213433749098e-03 1.090719666035835055e-02
0.000000000000000000e+00 1.287042783657053272e-03 6.435213918285265927e-03 9.335147770937895356e-03 6.761062203623790547e-03 7.134961807079382053e-03 7.548938323319545445e-03 0.000000000000000000e+00 0.000000000000000000e+00 6.435213918285265927e-03 3.184939958416031780e-03 6.444122686557228648e-03 1.672073477498555935e-02 6.943616613189286350e-03 4.459470551907102585e-03 7.554471004291211586e-03 1.177781682876783038e-02
1.287042783657053272e-03 1.287042783657053272e-03 5.759025525730138324e-03 9.335147770937895356e-03 9.335147770937895356e-03 4.560876239765276376e-03 3.690213842120234570e-03 1.287042783657053272e-03 0.000000000000000000e+00 6.435213918285265927e-03 1.897897174758978725e-03 8.488384600529369148e-03 1.051557305470789301e-02 5.148171134628213089e-03 1.287042783657053272e-03 2.574085567314106544e-03 2.574085567314106544e-03
0.000000000000000000e+00 0.000000000000000000e+00 0.000000000000000000e+00 0.000000000000000000e+00 0.000000000000000000e+00 0.000000000000000000e+00 0.000000000000000000e+00 0.000000000000000000e+00 0.000000000000000000e+00 0.000000000000000000e+00 0.000000000000000000e+00 0.000000000000000000e+00 0.000000000000000000e+00 0.000000000000000000e+00 0.000000000000000000e+00 0.000000000000000000e+00 0.000000000000000000e+00
0.000000000000000000e+00 0.000000000000000000e+00 0.000000000000000000e+00 0.000000000000000000e+00 1.287042783657053272e-03 1.287042783657053272e-03 1.287042783657053272e-03 1.321284617275131227e-03 0.000000000000000000e+00 2.927387538857345074e-03 3.861128350971159817e-03 2.574085567314106544e-03 4.146681504729211702e-03 4.542365888907926030e-03 3.082488262218126534e-03 2.574085567314106544e-03 5.161519024759957802e-03
5.148171134628213089e-03 1.287042783657053272e-03 1.287042783657053272e-03 3.861128350971159817e-03 3.861128350971159817e-03 2.574085567314106544e-03 3.631033845498196719e-03 3.631033845498196719e-03 0.000000000000000000e+00 5.133494431550340333e-03 2.574085567314106544e-03 2.574085567314106544e-03 2.574085567314106544e-03 2.664800272984122007e-03 2.574085567314106544e-03 2.145246703072106135e-03 5.148171134628213089e-03
6.435213918285265927e-03 5.148171134628213089e-03 3.861128350971159817e-03 5.148171134628213089e-03 3.861128350971159817e-03 2.574085567314106544e-03 5.862637144776460321e-03 3.652325413752762189e-03 0.000000000000000000e+00 2.574085567314106544e-03 1.287042783657053272e-03 1.287042783657053272e-03 2.737090121601909714e-03 5.133494431550340333e-03 0.000000000000000000e+00 0.000000000000000000e+00 6.435213918285265927e-03
3.861128350971159817e-03 3.861128350971159817e-03 1.287042783657053272e-03 2.574085567314106544e-03 7.722256701942319633e-03 5.148171134628213089e-03 6.435213918285265927e-03 5.148171134628213089e-03 0.000000000000000000e+00 1.287042783657053272e-03 1.287042783657053272e-03 0.000000000000000000e+00 2.574085567314106544e-03 5.148171134628213089e-03 2.574085567314106544e-03 5.148171134628213089e-03 9.009299485599373339e-03
3.861128350971159817e-03 3.720262384264164546e-03 6.076048397080929461e-03 7.722256701942319633e-03 1.415747062022758469e-02 8.779204980126409374e-03 8.779204980126409374e-03 1.287042783657053272e-03 0.000000000000000000e+00 1.287042783657053272e-03 0.000000000000000000e+00 0.000000000000000000e+00 0.000000000000000000e+00 2.574085567314106544e-03 2.574085567314106544e-03 2.574085567314106544e-03 4.038809608336835742e-03
3.861128350971159817e-03 3.861128350971159817e-03 7.363091180737983167e-03 7.363091180737983167e-03 9.463578323430626299e-03 7.790170979920784181e-03 7.766825502652775076e-03 1.354957061635517603e-03 0.000000000000000000e+00 0.000000000000000000e+00 0.000000000000000000e+00 0.000000000000000000e+00 0.000000000000000000e+00 1.287042783657053272e-03 2.299901081480190679e-03 2.847415067396917316e-03 5.325852391993888581e-03
2.622019321913178144e-03 3.909062105570230983e-03 6.076048397080929461e-03 6.435213918285265927e-03 1.158338505291347902e-02 6.435213918285265927e-03 5.148171134628213089e-03 1.287042783657053272e-03 0.000000000000000000e+00 0.000000000000000000e+00 0.000000000000000000e+00 0.000000000000000000e+00 0.000000000000000000e+00 1.287042783657053272e-03 0.000000000000000000e+00 3.861128350971159817e-03 2.574085567314106544e-03
5.148171134628213089e-03 6.435213918285265927e-03 6.889492756116518887e-03 2.574085567314106544e-03 6.866147278848510650e-03 3.861128350971159817e-03 2.550740090046097440e-03 1.287042783657053272e-03 0.000000000000000000e+00 0.000000000000000000e+00 0.000000000000000000e+00 0.000000000000000000e+00 0.000000000000000000e+00 1.287042783657053272e-03 2.574085567314106544e-03 3.861128350971159817e-03 5.148171134628213089e-03
