3.946357641318346357e-04 2.367814584791008031e-04 3.946357641318346357e-04 3.259608233828500501e-04 7.641910588531880587e-04 7.892715282636692713e-04 1.426128099949989722e-03 1.795398692767604483e-03 2.677610540759070307e-03 3.198575290319695310e-03 2.613355081861293717e-03 2.653305399186030918e-03 3.334883598335344236e-03 3.699784435640116227e-03 3.398742787050110584e-03 3.649408641433391463e-03 2.796292706988803573e-03
3.164706289820288523e-04 1.578543056527338597e-04 5.943461735954637870e-04 9.100547849009315605e-04 1.471870846351229674e-03 1.306278137705587511e-03 1.522157550326589965e-03 2.071950011738913581e-03 3.090978746162460246e-03 3.159868628619190694e-03 3.340503110088829854e-03 4.300395793041603132e-03 5.413392884473220736e-03 6.030703735256186769e-03 4.831672949926175444e-03 3.649408641433391463e-03 2.480584095683335474e-03
4.735629169582016062e-04 2.386089808051200533e-04 3.967452286763262443e-04 9.889819377272984768e-04 1.781967104688566596e-03 1.544597179773018070e-03 1.860513257592487542e-03 2.534207804942915834e-03 4.495889630837063451e-03 4.011301589665079888e-03 5.061054142365030949e-03 7.233107677098081500e-03 8.095432167737552642e-03 7.324719810523867142e-03 5.055743345272135231e-03 2.923404620825311839e-03 2.306939316119676481e-03
5.532520874611296553e-04 5.327332665589924049e-04 7.103443754373023550e-04 8.681986810900361876e-04 1.737923052052872805e-03 1.549092217206848388e-03 3.193016242751102983e-03 3.406826112739650466e-03 5.474024597714477816e-03 7.432290443326555404e-03 1.016899149352026334e-02 1.192591572210150580e-02 9.916237889531505367e-03 6.126633745504169067e-03 3.347901810547213031e-03 1.988130738564473313e-03 2.070157857640575732e-03
5.865187812360451048e-04 5.059486445069587496e-04 3.157086113054677194e-04 5.524900697845685224e-04 1.737923052052872805e-03 2.448294567283228369e-03 4.390768188956400628e-03 4.448294349390239169e-03 6.792949023495324992e-03 1.041075065521106929e-02 1.357839920919548353e-02 1.300582614746563330e-02 9.792415977766670207e-03 4.618797064823100887e-03 1.759675775401336496e-03 1.110232552207838109e-03 1.573371721442526220e-03
4.849095024814319534e-04 4.774137559000057201e-04 7.931223672054733310e-04 6.905875722117263459e-04 1.185084820399453977e-03 1.986312827951342095e-03 4.463542337776404099e-03 7.646926513503544444e-03 1.425155656599151784e-02 1.660522382842190628e-02 1.661459380373685873e-02 1.077755242904167646e-02 5.739409745204935957e-03 1.973997685746549293e-03 1.030592092576558712e-03 1.649198908019157634e-03 1.697410912922067477e-03
4.073804233864232981e-04 5.272101845358345999e-04 7.141952143791065232e-04 6.297742387082161082e-04 8.837032359539333725e-04 1.468081448040119748e-03 4.246452646650487016e-03 7.062064118984076773e-03 1.859083529443944158e-02 1.784325805984533081e-02 1.540980756243948840e-02 6.926183503216208105e-03 2.500739070874975680e-03 5.524900697845685224e-04 5.563409087263726906e-04 1.206266883164682554e-03 1.545766776205742326e-03
1.706532237905228637e-04 2.495803766168898071e-04 3.195594502472718333e-04 3.946357641318346357e-04 2.367814584791008031e-04 5.197780861197665199e-04 2.590774499765967440e-03 7.060672463485919391e-03 1.643941552958486443e-02 1.121140186991315991e-02 6.383620436173902124e-03 1.439527021846693199e-03 3.157086113054677194e-04 7.892715282636692984e-05 5.524900697845685224e-04 7.111424442896344903e-04 9.500920621480799053e-04
0.000000000000000000e+00 0.000000000000000000e+00 0.000000000000000000e+00 0.000000000000000000e+00 0.000000000000000000e+00 0.000000000000000000e+00 0.000000000000000000e+00 0.000000000000000000e+00 0.000000000000000000e+00 0.000000000000000000e+00 0.000000000000000000e+00 0.000000000000000000e+00 0.000000000000000000e+00 0.000000000000000000e+00 0.000000000000000000e+00 0.000000000000000000e+00 0.000000000000000000e+00
3.015822469861622083e-04 7.892715282636692984e-05 7.892715282636692984e-05 2.367814584791008031e-04 7.103443754373023550e-04 1.514822161434317607e-03 3.571220170365436986e-03 5.941345867273334531e-03 1.037839213561422488e-02 6.584880168838408952e-03 2.962136866937911412e-03 7.892715282636692713e-04 7.892715282636692984e-05 0.000000000000000000e+00 7.892715282636692984e-05 7.892715282636692984e-05 3.157086113054677194e-04
6.336151016830616264e-04 2.367814584791008031e-04 3.946357641318346357e-04 8.949069394111426254e-04 2.449316586201342235e-03 4.482122544679546967e-03 8.986980126095115567e-03 1.124786802452842731e-02 1.447650192039053388e-02 9.161805781438141921e-03 4.777090576154671177e-03 1.950980081267252204e-03 4.735629169582016062e-04 1.578543056527338597e-04 7.892715282636692984e-05 3.680975719878363910e-04 2.367814584791008031e-04
7.617846674929933289e-04 6.314172226109354387e-04 6.314172226109354387e-04 1.725065427769420165e-03 3.879387746839622030e-03 6.929424943926573190e-03 9.861418078799213949e-03 1.069263251605988459e-02 9.528169808489502304e-03 7.016412869180746123e-03 4.991238172568054736e-03 2.849101320126515725e-03 1.526940823951036807e-03 2.367814584791008031e-04 1.578543056527338597e-04 3.157086113054677194e-04 2.367814584791008031e-04
8.513717189297176965e-04 1.249646552792820940e-03 1.370089619946534111e-03 4.109972459860484692e-03 7.853215502983783292e-03 1.078978042784632489e-02 1.059144360152871646e-02 7.847347712330577513e-03 4.768417456099307249e-03 5.249110889369558441e-03 4.291979604454412324e-03 3.352146433864521425e-03 2.082259076925682337e-03 6.986523505194078970e-04 1.578543056527338597e-04 1.595020141964910475e-04 6.314172226109354387e-04
4.874840279531764999e-03 1.736397362180072375e-03 2.617877048057805356e-03 5.859290319429035811e-03 9.604068621511049550e-03 1.064931389589056192e-02 8.839907956534850605e-03 5.925683996255464575e-03 3.451802596362925964e-03 3.530502860292542098e-03 2.504766367193357168e-03 2.746746350744054890e-03 2.023501654779609471e-03 1.026052986742770129e-03 4.735629169582016062e-04 1.578543056527338597e-04 9.942330039045231278e-05
8.780096629820032320e-03 4.125487356485325365e-03 4.885585461825374398e-03 9.134403690269337489e-03 1.272147093969339809e-02 8.699113242603152482e-03 5.132547438486262381e-03 3.297341042725606547e-03 2.110126515320372240e-03 2.170102977760714549e-03 2.132193367366374409e-03 2.365091185857510960e-03 2.300787256749147434e-03 1.420688750874604710e-03 5.951852690719605958e-04 2.367814584791008031e-04 3.946357641318346357e-04
8.234944951207816624e-03 5.132665231374018699e-03 6.705566903592718488e-03 1.110334120754975437e-02 1.343502399911514211e-02 9.742374768665388110e-03 3.157200836757127326e-03 2.155831979073164102e-03 1.773272162590023258e-03 1.618326906345161692e-03 1.258965650360068444e-03 1.051364761535575646e-03 1.227847123584903388e-03 9.061459025418352325e-04 7.103443754373023550e-04 4.735629169582016062e-04 6.240716657826818293e-04
7.371312569612400306e-03 4.645228213540650818e-03 6.441191485095323042e-03 1.076294260729055569e-02 1.150985398690884676e-02 1.180004170839825915e-02 6.274703155450807139e-03 2.128419299587076385e-03 1.672017683781866016e-03 1.278290991922747134e-03 1.004195055744514951e-03 4.735629169582016062e-04 8.185650356150621625e-04 6.314172226109354387e-04 5.817835771359613052e-04 7.103443754373023550e-04 7.103443754373023550e-04
