1.254947120458333213e-04 1.673262827277777708e-04 2.300736387506944450e-04 1.257209012245878049e-04 1.684579297528594494e-04 3.094337780676369751e-04 6.140651413566657491e-04 8.401659216483128205e-04 1.354907222881744557e-03 9.581856070097892909e-04 7.758501172347090488e-04 5.615964019753167833e-04 3.734025231446274446e-04 4.498136505768561924e-04 8.181325043049202583e-04 1.097190227514012678e-03 1.229159521915310516e-03
6.274735602291666066e-05 1.045789267048611101e-04 1.246617837993534150e-04 8.388933054264335540e-05 2.280205217949061677e-04 2.140256791779011870e-04 4.629798335333696322e-04 6.452126257172057389e-04 9.286583125036060662e-04 7.955374017241105978e-04 6.666713717314254545e-04 7.828604499251373174e-04 8.433576324378321215e-04 1.180726591636533165e-03 1.580599606287705610e-03 1.533575841053117254e-03 1.201872611768223199e-03
4.208093077569628065e-05 7.560476421552746542e-05 8.366314136388888539e-05 1.257209012245878049e-04 2.349414645188734659e-04 1.931098938369290165e-04 3.074501118564246954e-04 4.650178183213656089e-04 6.759297334056966599e-04 7.159155615408879184e-04 8.788756074493601174e-04 1.532203032482902646e-03 2.152148585233006148e-03 2.589665275609053484e-03 2.546265789593313289e-03 1.914300095890916157e-03 1.037749724975462829e-03
8.391250145764071657e-05 6.274735602291666066e-05 1.045789267048611101e-04 2.278865182097502640e-04 4.929866896850914259e-04 5.078240569047291200e-04 5.316114312752986525e-04 4.777296096513646896e-04 5.134973290818199742e-04 1.453020234146234482e-03 2.554582666877349036e-03 3.956012707242603094e-03 4.705987734575587875e-03 4.182541760258119169e-03 2.896713474230587070e-03 1.529382864905442759e-03 5.409951739940070886e-04
1.675756428215296426e-04 6.953185998662212569e-05 1.330577306081512454e-04 4.579601569604447361e-04 6.815528291844518772e-04 9.902972024142320858e-04 9.114151842033724454e-04 7.384182624521197329e-04 8.289267205528102469e-04 3.594940763435239967e-03 6.317124074401030825e-03 7.549635850358998347e-03 7.284398804308428975e-03 4.807882753810002567e-03 2.523162028331266821e-03 1.004308205561930739e-03 2.529030302350193638e-04
2.910072946013446491e-04 2.488023035507224887e-04 1.651391621868335898e-04 2.905698532934120732e-04 6.881888159820235456e-04 1.415576416778287000e-03 2.084771509007616024e-03 4.224969791990755390e-03 6.291681082298699462e-03 9.924401943528704181e-03 1.188378587150806624e-02 1.021252827424130871e-02 7.379219956224707284e-03 3.853339209713057580e-03 1.308209279881253004e-03 4.989436327630652080e-04 2.913026688672116821e-04
3.470858027502274714e-04 3.799482751666629623e-04 3.195655930467186201e-04 3.643443807293450846e-04 7.889590150703803748e-04 1.891257444020544862e-03 4.360891035656930086e-03 9.431286917452139096e-03 1.659813682132450785e-02 1.859195785294279896e-02 1.829251826149877469e-02 1.175208437451904890e-02 6.208301654743782899e-03 2.310059653296907614e-03 4.540246857750814447e-04 3.176892902342213273e-04 5.912893078629430886e-04
4.991049107121214900e-04 4.396403774125633721e-04 3.990405393992539694e-04 4.247880972022754706e-04 5.354595430198250258e-04 3.826072836622583951e-03 9.687072293821505017e-03 1.882308125407556459e-02 2.919525024727885262e-02 2.459062330053641415e-02 1.858483024005860504e-02 9.335853132708153354e-03 3.309900600910161642e-03 1.089885553629177297e-03 3.646902572750796378e-04 3.429907337614353951e-04 4.501227651602377530e-04
9.644371241643571362e-04 7.790007007603040210e-04 5.972021282016388858e-04 5.423787156363407040e-04 7.459300144557509497e-04 5.911245769148837370e-03 1.755456106376909395e-02 3.095241217749949980e-02 0.000000000000000000e+00 3.052562743086858002e-02 1.725694660899451324e-02 5.613656013548449543e-03 6.032159095628816543e-04 3.414069814994283802e-04 4.035501386711835554e-04 5.938154628115948535e-04 9.126332870163278476e-04
6.657837558653974860e-04 4.444252212760883554e-04 5.804314804373569576e-04 1.503263142201722311e-03 4.202010190185220817e-03 1.127566021486449237e-02 2.128911293388410092e-02 2.725325279625844671e-02 3.092248691581967954e-02 1.973361851986404555e-02 9.953018590017922648e-03 3.775807551437540543e-03 6.028367644498194584e-04 3.790064357111194021e-04 2.785642807229702310e-04 3.446318841965509655e-04 3.692326134278888254e-04
2.141875617594586265e-03 5.967699602713300413e-04 8.193903274128549932e-04 3.118884527918431779e-03 8.625948212211359198e-03 1.627407085271579887e-02 2.374034785936224301e-02 2.301453767120305999e-02 1.925883832509902444e-02 1.022852040904471786e-02 3.985060824378766110e-03 1.767792011443419581e-03 8.238816172723413631e-04 3.790064357111194021e-04 2.445712156031336132e-04 2.739955135706333622e-04 3.548649219825423780e-04
2.931762499076393576e-03 1.423773501345389171e-03 1.981297619852517757e-03 5.683288463110347695e-03 1.157340346400119804e-02 1.606712232828128376e-02 1.731940342464755728e-02 1.351762994342502189e-02 7.826337767250318017e-03 4.550989047406427818e-03 1.778968879858651344e-03 1.220087572884361602e-03 6.368009214490848689e-04 2.596797731343223150e-04 1.455482236234142566e-04 1.254947120458333213e-04 2.501461271319401478e-04
1.762254785918024877e-03 2.133761383451774317e-03 3.730385630449325248e-03 7.768289065012416728e-03 1.260820901392107653e-02 1.321243560170739899e-02 1.055766301854295895e-02 5.411880925726089524e-03 1.002158197158122465e-03 8.938928490477521076e-04 9.073192992403156503e-04 9.015691675144643907e-04 5.954208015320235211e-04 4.071787334632735798e-04 1.473461788354991117e-04 6.758225467406611491e-05 2.083145564499957255e-04
1.964210215457348665e-03 2.177895961977678076e-03 4.586353606797261354e-03 7.333130889267206950e-03 9.036167497861392200e-03 7.680632563627659906e-03 4.718824821101451523e-03 2.250958101408173911e-03 5.374253098764086162e-04 4.162516334317582409e-04 4.402714513328312971e-04 4.176542688458222282e-04 3.764841361374999910e-04 1.884682572475044520e-04 1.048051158836155666e-04 6.274735602291666066e-05 9.910392800315399311e-05
1.958020996585121271e-03 2.910822728001803347e-03 4.479569505179407940e-03 5.198833258517827731e-03 4.543862576332944117e-03 3.069607562687787661e-03 1.244536919211838670e-03 8.915837609387240780e-04 7.326065946188869103e-04 4.963698007849686941e-04 2.813758694521800610e-04 1.350373241994595025e-04 1.673262827277777708e-04 1.464104973868055460e-04 8.366314136388888539e-05 6.274735602291666066e-05 2.091578534097222135e-05
2.073818272314680630e-03 2.724755607483792582e-03 3.189340651819931940e-03 3.184119337549213852e-03 2.569055350276636465e-03 1.702250328230589830e-03 8.243161044362336005e-04 8.807004375526538255e-04 1.060140487087770072e-03 6.864199427749533358e-04 4.998081822937301558e-04 2.363945973126585227e-04 1.882420680687499955e-04 8.757930902533457400e-05 1.045789267048611101e-04 1.045789267048611101e-04 6.274735602291666066e-05
2.802526134433324777e-03 2.421762316616864717e-03 2.024524220732581287e-03 1.922407563218051733e-03 1.904545077594061277e-03 2.769699603873250482e-03 2.184973338146330591e-03 1.231348852529097395e-03 1.438867325083390686e-03 8.783294544317231129e-04 7.074765658083005627e-04 3.593871259263064577e-04 2.087763373152002483e-04 1.443576425313334644e-04 2.300736387506944450e-04 2.091578534097222203e-04 1.464104973868055460e-04
