0.000000000000000000e+00 0.000000000000000000e+00 1.913422300029301443e-03 1.913422300029301443e-03 3.826844600058602885e-03 6.696978050102555050e-03 9.534112035340895977e-03 1.273130887546807498e-02 1.608754430858132592e-02 1.049028039390175263e-02 1.105978187903781246e-02 4.841114356616269161e-03 1.970980906572316997e-03 9.567111500146507214e-04 9.567111500146507214e-04 9.567111500146507214e-04 2.887612164497416894e-03
0.000000000000000000e+00 0.000000000000000000e+00 1.913422300029301443e-03 1.913422300029301443e-03 2.349214211381155278e-03 4.508043458921016412e-03 9.671215324764094456e-03 1.269598530063896329e-02 1.598043276864078224e-02 9.037689907099997338e-03 1.249451220599873992e-02 4.840823005881535017e-03 2.927400705852233574e-03 9.567111500146507214e-04 9.567111500146507214e-04 0.000000000000000000e+00 3.826844600058602885e-03
0.000000000000000000e+00 0.000000000000000000e+00 1.913422300029301443e-03 9.567111500146507214e-04 3.847059169783454552e-03 2.352502222163803652e-03 9.038504664595168117e-03 1.088082461855748202e-02 1.111439970987265075e-02 5.427045492011343258e-03 7.653397849382471627e-03 2.870133450043952164e-03 3.826844600058602885e-03 2.870133450043952164e-03 1.913422300029301443e-03 0.000000000000000000e+00 2.870133450043952164e-03
9.567111500146507214e-04 9.567111500146507214e-04 0.000000000000000000e+00 9.567111500146507214e-04 3.826844600058602885e-03 2.879372412097614114e-03 5.749505862141565844e-03 4.792794712126915123e-03 4.893735688108130991e-03 3.937024538093480269e-03 3.826844600058602885e-03 2.870133450043952164e-03 1.913422300029301443e-03 9.567111500146507214e-04 1.913422300029301443e-03 9.567111500146507214e-04 1.913422300029301443e-03
9.567111500146507214e-04 9.567111500146507214e-04 9.567111500146507214e-04 9.567111500146507214e-04 1.913422300029301443e-03 2.887993068462012692e-03 2.887993068462012692e-03 1.931281918447362187e-03 1.966043631521163272e-03 4.836177081565115436e-03 5.740266900087904328e-03 4.783555750073253607e-03 2.870133450043952164e-03 0.000000000000000000e+00 9.567111500146507214e-04 9.567111500146507214e-04 2.870133450043952164e-03
0.000000000000000000e+00 0.000000000000000000e+00 0.000000000000000000e+00 0.000000000000000000e+00 9.567111500146507214e-04 9.567111500146507214e-04 1.931281918447362187e-03 2.887993068462012692e-03 2.887993068462012692e-03 2.870133450043952164e-03 6.223688154959240541e-03 3.826844600058602885e-03 2.881234358422123890e-03 0.000000000000000000e+00 9.567111500146507214e-04 9.567111500146507214e-04 1.913422300029301443e-03
0.000000000000000000e+00 0.000000000000000000e+00 0.000000000000000000e+00 0.000000000000000000e+00 0.000000000000000000e+00 0.000000000000000000e+00 0.000000000000000000e+00 9.567111500146507214e-04 2.870133450043952164e-03 4.783555750073253607e-03 5.751367808466075621e-03 1.924523208407472952e-03 9.567111500146507214e-04 0.000000000000000000e+00 9.567111500146507214e-04 9.567111500146507214e-04 9.567111500146507214e-04
0.000000000000000000e+00 0.000000000000000000e+00 0.000000000000000000e+00 0.000000000000000000e+00 0.000000000000000000e+00 0.000000000000000000e+00 0.000000000000000000e+00 0.000000000000000000e+00 2.870133450043952164e-03 4.783555750073253607e-03 5.751367808466075621e-03 1.924523208407472952e-03 9.567111500146507214e-04 0.000000000000000000e+00 0.000000000000000000e+00 9.567111500146507214e-04 9.567111500146507214e-04
0.000000000000000000e+00 0.000000000000000000e+00 0.000000000000000000e+00 0.000000000000000000e+00 0.000000000000000000e+00 0.000000000000000000e+00 0.000000000000000000e+00 0.000000000000000000e+00 0.000000000000000000e+00 0.000000000000000000e+00 0.000000000000000000e+00 0.000000000000000000e+00 0.000000000000000000e+00 0.000000000000000000e+00 0.000000000000000000e+00 0.000000000000000000e+00 0.000000000000000000e+00
9.665984994825943272e-04 9.567111500146507214e-04 9.567111500146507214e-04 0.000000000000000000e+00 0.000000000000000000e+00 1.913422300029301443e-03 2.870133450043952164e-03 6.173285253169054874e-03 1.000012985322765689e-02 7.129996403183704728e-03 3.826844600058602885e-03 3.826844600058602885e-03 1.913422300029301443e-03 9.567111500146507214e-04 9.567111500146507214e-04 0.000000000000000000e+00 0.000000000000000000e+00
1.923309649497245049e-03 9.567111500146507214e-04 0.000000000000000000e+00 0.000000000000000000e+00 1.913422300029301443e-03 4.269986865287889871e-03 7.127298803148070412e-03 1.095414340320667243e-02 1.286756570323597214e-02 8.597578837948084002e-03 4.783555750073253607e-03 3.826844600058602885e-03 1.913422300029301443e-03 9.567111500146507214e-04 0.000000000000000000e+00 0.000000000000000000e+00 0.000000000000000000e+00
1.913422300029301443e-03 9.567111500146507214e-04 0.000000000000000000e+00 9.567111500146507214e-04 2.857311937860179674e-03 3.824147000022966834e-03 6.170587653133419691e-03 9.002605601297545071e-03 9.986616870293734891e-03 9.567111500146507214e-03 8.610400350131854758e-03 6.696978050102555050e-03 4.783555750073253607e-03 1.913422300029301443e-03 9.567111500146507214e-04 9.567111500146507214e-04 9.567111500146507214e-04
1.913422300029301443e-03 9.567111500146507214e-04 0.000000000000000000e+00 0.000000000000000000e+00 9.567111500146507214e-04 1.900600787845528952e-03 4.280203641462124522e-03 5.241269486126405412e-03 1.059377105813029928e-02 1.052382265016115793e-02 1.148053380017580866e-02 9.567111500146507214e-03 6.696978050102555050e-03 2.880257362192088604e-03 2.857311937860179674e-03 9.567111500146507214e-04 0.000000000000000000e+00
9.567111500146507214e-04 0.000000000000000000e+00 0.000000000000000000e+00 0.000000000000000000e+00 9.567111500146507214e-04 9.567111500146507214e-04 5.765487828631704614e-03 7.610813138982650168e-03 1.773404894887602862e-02 1.393868500031549690e-02 1.202526270028619546e-02 6.696978050102555050e-03 6.696978050102555050e-03 2.870133450043952164e-03 9.567111500146507214e-04 9.567111500146507214e-04 0.000000000000000000e+00
1.913422300029301443e-03 0.000000000000000000e+00 0.000000000000000000e+00 0.000000000000000000e+00 2.870133450043952164e-03 5.712175661163845786e-03 1.006499534753411106e-02 1.386637740177602308e-02 1.677733779886137616e-02 1.170481635354892955e-02 8.289954003394590584e-03 4.783555750073253607e-03 3.826844600058602885e-03 1.913422300029301443e-03 1.913422300029301443e-03 9.567111500146507214e-04 1.913422300029301443e-03
1.913422300029301443e-03 9.567111500146507214e-04 1.887658152101588660e-03 9.567111500146507214e-04 4.324728447446205860e-03 5.712175661163845786e-03 8.138804037626396273e-03 1.383629452577211233e-02 1.100564950049186079e-02 1.270101592832727916e-02 1.159208820620609252e-02 1.106855155027154473e-02 4.783555750073253607e-03 1.913422300029301443e-03 1.913422300029301443e-03 9.567111500146507214e-04 9.567111500146507214e-04
1.887658152101588660e-03 3.719069696758415915e-03 2.762358546743765193e-03 1.887658152101588660e-03 3.798853010326912107e-03 2.870133450043952164e-03 8.943398264726875810e-03 1.483987423391045467e-02 2.057014549679201873e-02 1.597712848805829186e-02 1.205122467208759145e-02 1.015624314356956132e-02 4.376487818717957230e-03 2.870133450043952164e-03 1.913422300029301443e-03 0.000000000000000000e+00 9.567111500146507214e-04
