5.881860870647614157e-04 5.881860870647614157e-04 5.881860870647614157e-04 0.000000000000000000e+00 0.000000000000000000e+00 0.000000000000000000e+00 5.881860870647614157e-04 0.000000000000000000e+00 0.000000000000000000e+00 1.176372174129522831e-03 5.881860870647614157e-04 8.887938861129736053e-04 8.887938861129736053e-04 0.000000000000000000e+00 6.608044340229633730e-04 6.954054838012386141e-04 1.264863445615262540e-03
5.881860870647614157e-04 0.000000000000000000e+00 0.000000000000000000e+00 0.000000000000000000e+00 0.000000000000000000e+00 5.881860870647614157e-04 5.881860870647614157e-04 0.000000000000000000e+00 0.000000000000000000e+00 1.176372174129522831e-03 8.887938861129736053e-04 1.476979973177735021e-03 0.000000000000000000e+00 6.069142123154987970e-04 1.887371399639217002e-03 1.417847948253884993e-03 1.313762935059689402e-03
5.881860870647614157e-04 0.000000000000000000e+00 0.000000000000000000e+00 0.000000000000000000e+00 0.000000000000000000e+00 5.881860870647614157e-04 0.000000000000000000e+00 0.000000000000000000e+00 0.000000000000000000e+00 1.176372174129522831e-03 5.881860870647614157e-04 0.000000000000000000e+00 0.000000000000000000e+00 6.766773585505011243e-04 1.901949022124450927e-03 2.594220122383407608e-03 2.517867589033018563e-03
0.000000000000000000e+00 0.000000000000000000e+00 0.000000000000000000e+00 5.881860870647614157e-04 0.000000000000000000e+00 0.000000000000000000e+00 0.000000000000000000e+00 0.000000000000000000e+00 0.000000000000000000e+00 5.881860870647614157e-04 5.881860870647614157e-04 0.000000000000000000e+00 0.000000000000000000e+00 6.766773585505011243e-04 1.901949022124450927e-03 1.901949022124450927e-03 1.939429681389085889e-03
2.352744348259045663e-03 1.764558261194284139e-03 0.000000000000000000e+00 1.176372174129522831e-03 7.452560065071477070e-04 5.881860870647614157e-04 0.000000000000000000e+00 0.000000000000000000e+00 0.000000000000000000e+00 0.000000000000000000e+00 1.176372174129522831e-03 2.352744348259045663e-03 1.176372174129522831e-03 1.280457187323718205e-03 2.476032355997096358e-03 3.064218443061857231e-03 3.686430185818148283e-03
1.764558261194284139e-03 1.180575846233090009e-03 5.881860870647614157e-04 1.176372174129522831e-03 1.176372174129522831e-03 1.764558261194284139e-03 0.000000000000000000e+00 0.000000000000000000e+00 0.000000000000000000e+00 7.950376945799824627e-04 3.740007924523368506e-03 6.391307307188421119e-03 4.340349693689186245e-03 2.907584866350891584e-03 2.907584866350891584e-03 1.802914511595865360e-03 5.576515027847234705e-03
5.491327338079055043e-03 7.062436716880704166e-03 2.940930435323806536e-03 2.940930435323806536e-03 3.110514255239424201e-03 2.940930435323806536e-03 1.176372174129522831e-03 1.176372174129522831e-03 0.000000000000000000e+00 3.735968129903789216e-03 1.079824096930050679e-02 1.351517153537632084e-02 8.862839304255173967e-03 6.144082926220475679e-03 5.980957788041905455e-03 7.075944085262563313e-03 1.011388987559258025e-02
6.657361641207766231e-03 8.746823181705181208e-03 4.709692368621658069e-03 3.541630422861799434e-03 2.365258248732276386e-03 2.940930435323806536e-03 1.176372174129522831e-03 5.881860870647614157e-04 0.000000000000000000e+00 9.029642913486641415e-03 1.644962257578172493e-02 2.008828476706897917e-02 1.126525299784379187e-02 1.097549410410294385e-02 1.132309379910723807e-02 1.152706058543864591e-02 1.406964587275722975e-02
9.997387823289417483e-03 1.461971311549261840e-02 9.923195355834704690e-03 5.804005415542999417e-03 3.451261067283954622e-03 4.718002596991321615e-03 2.352744348259045663e-03 2.940930435323806536e-03 0.000000000000000000e+00 1.549968987119901623e-02 2.027729413257630189e-02 2.122755073299541217e-02 1.356265601022301100e-02 1.912724420360898542e-02 1.825704875520509432e-02 1.512931435819658485e-02 1.491272149359845235e-02
1.285095118219476730e-02 1.226531304596905660e-02 8.234605218906659169e-03 5.215819328478238544e-03 4.627633241413477670e-03 3.541630422861799434e-03 1.764558261194284139e-03 1.764558261194284139e-03 0.000000000000000000e+00 1.058734956716570440e-02 1.147409068863647352e-02 1.383528361732852714e-02 1.476806331448056106e-02 1.885865704404656937e-02 1.833467835719984965e-02 1.466148397810227051e-02 1.175723088526775886e-02
1.209239959378526942e-02 1.108894087183953485e-02 7.376713338059141464e-03 5.203305428005008254e-03 4.615119340940246513e-03 3.529116522388568277e-03 1.764558261194284139e-03 1.764558261194284139e-03 0.000000000000000000e+00 3.529116522388568277e-03 3.529116522388568277e-03 4.150536388498602888e-03 1.081351175566455831e-02 1.322014632563106931e-02 1.062242609860516475e-02 6.745156768340282438e-03 9.058496320504134600e-03
1.031764377338295104e-02 9.311637100598159356e-03 6.866151096525133397e-03 4.117302609453329584e-03 2.940930435323806536e-03 5.881860870647614157e-04 5.881860870647614157e-04 5.881860870647614157e-04 0.000000000000000000e+00 1.176372174129522831e-03 1.764558261194284139e-03 1.764558261194284139e-03 7.079293015384274974e-03 1.022991516405496841e-02 7.898897470168505033e-03 4.495272290252092136e-03 6.790071597705229015e-03
6.392423112181620272e-03 6.379677602134530869e-03 4.705488696518091325e-03 3.529116522388568277e-03 1.764558261194284139e-03 0.000000000000000000e+00 0.000000000000000000e+00 0.000000000000000000e+00 0.000000000000000000e+00 0.000000000000000000e+00 0.000000000000000000e+00 1.176372174129522831e-03 5.308868186815449836e-03 5.301158093275186445e-03 4.177642912471629145e-03 2.602291675647559668e-03 2.428361224339094585e-03
4.117302609453329584e-03 3.529116522388568277e-03 2.352744348259045663e-03 0.000000000000000000e+00 0.000000000000000000e+00 5.881860870647614157e-04 0.000000000000000000e+00 0.000000000000000000e+00 0.000000000000000000e+00 0.000000000000000000e+00 0.000000000000000000e+00 1.176372174129522831e-03 2.360227657951379475e-03 2.360227657951379475e-03 1.214985822775238155e-03 1.176372174129522831e-03 1.176372174129522831e-03
3.529116522388568277e-03 2.940930435323806536e-03 2.352744348259045663e-03 1.225452173638479818e-03 1.176372174129522831e-03 1.176372174129522831e-03 0.000000000000000000e+00 0.000000000000000000e+00 0.000000000000000000e+00 0.000000000000000000e+00 5.881860870647614157e-04 1.778453509818801043e-03 6.020813356892784282e-04 1.748375945517817616e-03 1.803171909839999679e-03 1.176372174129522831e-03 1.764558261194284139e-03
2.939019016962029617e-03 2.988099016470986170e-03 2.988099016470986170e-03 6.372660865737184025e-04 1.176372174129522831e-03 1.764558261194284139e-03 0.000000000000000000e+00 0.000000000000000000e+00 0.000000000000000000e+00 0.000000000000000000e+00 5.881860870647614157e-04 1.190267422754039735e-03 6.020813356892784282e-04 1.190267422754039735e-03 1.764558261194284139e-03 1.764558261194284139e-03 2.383799738770670754e-03
2.939019016962029617e-03 4.117302609453329584e-03 2.401824347768002649e-03 2.401824347768002649e-03 2.352744348259045663e-03 1.176372174129522831e-03 0.000000000000000000e+00 0.000000000000000000e+00 0.000000000000000000e+00 0.000000000000000000e+00 5.881860870647614157e-04 1.176372174129522831e-03 5.881860870647614157e-04 1.830189444605045783e-03 1.764558261194284139e-03 1.764558261194284139e-03 2.940930435323806536e-03
