3.348643849329691643e-04 3.332222727010857141e-04 4.205647846133525949e-04 4.994569350291955733e-04 1.666111363505428571e-04 8.330556817527142853e-05 0.000000000000000000e+00 8.330556817527142853e-05 0.000000000000000000e+00 3.332222727010857141e-04 3.338261537097384716e-04 7.503539945860956007e-04 7.601320159834642869e-04 1.171299234042868847e-03 1.541386694437624433e-03 1.353639648924964342e-03 1.853622809685550460e-03
2.499167045258142992e-04 2.499167045258142992e-04 5.744515562413591995e-04 3.245348517155450087e-04 3.332222727010857141e-04 1.666111363505428571e-04 4.998334090516285983e-04 3.332222727010857141e-04 0.000000000000000000e+00 3.332222727010857141e-04 8.336595627613670699e-04 1.000270699111910008e-03 1.351232384412622781e-03 1.863789492112297771e-03 2.206083619428879459e-03 2.284433687738547745e-03 2.443024579851455283e-03
2.499167045258142992e-04 7.410626925919021378e-04 6.286430172358829869e-04 4.998334090516285983e-04 4.593137243168192896e-04 3.324274100311851599e-04 2.506289296669687600e-04 0.000000000000000000e+00 0.000000000000000000e+00 4.171317218850098866e-04 6.768264478081930345e-04 1.182255314800841322e-03 1.944128966726353094e-03 2.769181517025607123e-03 3.312956074747559852e-03 3.044275202405933092e-03 2.664632619402378891e-03
1.666111363505428571e-04 7.326811204885939292e-04 1.253450859156575014e-03 1.611943277093155725e-03 1.200726339080583974e-03 7.542661537713278835e-04 4.210438810702420067e-04 1.658162736806423029e-04 0.000000000000000000e+00 8.223016749966188203e-04 1.352884390447949307e-03 2.210849136879918832e-03 3.711415289373953645e-03 4.197328112677432659e-03 5.000491172646409459e-03 3.773344573729358817e-03 2.242711095772087840e-03
3.709097812195460801e-04 1.035342747756683255e-03 1.565305838976588631e-03 2.386243775257492015e-03 2.300601275724617825e-03 1.504016267348770239e-03 7.542661537713278835e-04 8.330556817527142853e-05 0.000000000000000000e+00 5.974140085508114224e-04 2.243915992390639689e-03 4.626054547528196496e-03 6.326031376563665855e-03 7.119866942900607287e-03 5.899954891196220776e-03 4.109067896473837106e-03 2.823584898827206750e-03
5.519571230845405534e-04 8.495034661321999381e-04 1.253450859156575014e-03 2.214590736198573679e-03 3.061653457370214302e-03 3.115813952867461413e-03 2.499167045258142775e-03 9.163612499279856190e-04 0.000000000000000000e+00 1.239550635930643284e-03 4.646339086187402899e-03 7.659656202906150145e-03 8.531528042099468037e-03 7.179079703732856380e-03 5.382775960748732540e-03 3.509236502460807115e-03 2.924635916541584897e-03
7.937943888949887047e-04 9.324304303294317451e-04 1.433482324098527558e-03 2.755088591124188815e-03 4.726293981156612888e-03 6.025517587185694364e-03 5.289227245531436840e-03 2.398867186408687371e-03 0.000000000000000000e+00 3.616805021019340628e-03 1.014367271117373737e-02 1.272244485607348756e-02 1.133727100826246656e-02 7.447428180850608655e-03 4.480056540766586513e-03 3.408580180718895174e-03 2.594788684441728336e-03
1.028590722246794506e-03 1.441384328131855002e-03 1.875930762255390797e-03 2.299833211266336715e-03 3.669556551976512274e-03 7.602480136911679044e-03 7.660322153567355671e-03 6.848572260381583302e-03 0.000000000000000000e+00 7.402490712540578041e-03 1.424049658747333393e-02 1.451779642630246676e-02 8.865440705054111054e-03 5.489152968600198058e-03 3.905838613374427223e-03 3.828339826829569269e-03 2.854138769099068274e-03
1.841426054539640990e-03 2.308563235373255196e-03 3.242485021384354169e-03 2.916851658430303588e-03 4.675465259513557521e-03 1.108263082589856265e-02 1.474142672163450581e-02 1.272044340959209430e-02 0.000000000000000000e+00 1.326484160576134851e-02 1.832702817214802021e-02 1.309146578603557522e-02 5.476998535270972794e-03 3.875607503297388672e-03 2.777377156684433367e-03 3.058098285461140382e-03 1.880923512281788010e-03
2.327299591798168317e-03 2.629101982970697901e-03 3.594465068796002128e-03 4.799778694462005467e-03 7.524328054410940429e-03 1.301620207655667522e-02 1.376878711075832026e-02 8.688210542907722281e-03 0.000000000000000000e+00 7.338997042623742091e-03 9.970334079167536209e-03 8.486697097864632708e-03 4.802530902751012999e-03 3.117247943023251575e-03 2.574620990845159513e-03 2.142588904594942747e-03 1.377730522592959111e-03
6.449217723072476170e-03 4.379607941440288345e-03 5.130564230996583625e-03 8.083395905542032148e-03 1.137168511387856400e-02 1.349485732651633553e-02 1.174274581384215747e-02 4.957117284247056915e-03 0.000000000000000000e+00 2.590230634195161454e-03 4.591206382633559839e-03 4.224444599006802435e-03 3.881868770546985283e-03 1.980524495866121167e-03 1.444072855792783881e-03 1.141332347781089411e-03 1.020530335222972172e-03
1.034424826019767103e-02 1.124890723263862261e-02 9.931281672360493806e-03 1.261127049366725719e-02 1.378001163624621890e-02 9.904313711116434493e-03 6.157036919964212728e-03 1.332512616781909723e-03 0.000000000000000000e+00 8.330556817527142582e-04 2.470443111666093591e-03 2.470443111666093591e-03 3.082306022485042842e-03 1.862655451691213465e-03 1.560829289094421701e-03 1.165237777834417059e-03 9.616019487914742852e-04
1.225818782696322731e-02 1.684787808991866642e-02 1.624303452317038196e-02 1.521477111435365175e-02 1.242528404030850998e-02 6.322721413647932644e-03 2.007192954379341272e-03 0.000000000000000000e+00 0.000000000000000000e+00 1.666111363505428571e-04 1.137554020861750517e-03 1.137554020861750517e-03 2.129357498981601822e-03 1.256398367093248310e-03 1.492408486297727753e-03 8.670255773249515175e-04 7.535319580429939964e-04
1.070033148522139127e-02 1.438110540149966331e-02 1.533987299251338143e-02 1.136635188840557850e-02 6.665981964632634697e-03 2.165568298534623765e-03 9.159847759055525940e-04 3.332222727010857141e-04 0.000000000000000000e+00 1.666111363505428571e-04 5.989142635720643261e-04 2.656919908709787204e-04 9.010708679311658659e-04 6.353788770601873082e-04 9.163612499279856190e-04 4.310939379245572623e-04 3.892440169999242705e-04
9.582064572504359404e-03 1.002327768842776329e-02 8.186042683030197650e-03 5.138037954791749816e-03 2.477630415819441143e-03 5.869051356565212598e-04 6.664445454021714283e-04 5.831389772268999591e-04 0.000000000000000000e+00 3.332222727010857141e-04 3.684814152676625806e-04 6.842031549287179481e-04 3.731848696780729752e-04 2.546201589362247480e-04 2.546201589362247480e-04 1.713145907609533059e-04 8.330556817527142853e-05
7.975966127302220113e-03 8.525074910688859933e-03 6.041361886801373086e-03 2.712539361586645097e-03 1.565516949879369041e-03 8.994488784996306375e-04 1.074721977334220984e-03 4.998334090516285983e-04 0.000000000000000000e+00 3.096828598471823134e-04 4.998334090516285983e-04 5.851223004082821118e-04 8.508142912792607780e-04 6.889066093391285053e-04 5.045368634620390471e-04 3.611280554700743370e-04 1.666111363505428571e-04
6.747526595861063833e-03 8.508964577440049706e-03 8.277746011471447812e-03 5.356354006702577532e-03 9.783146527135944213e-04 8.507486912178233423e-04 7.022098492877276808e-04 4.165278408763571291e-04 0.000000000000000000e+00 5.831389772268999591e-04 5.476066940279325241e-04 8.330556817527142582e-04 4.818016588926914557e-04 5.851223004082821118e-04 5.851223004082821118e-04 4.212312952867675237e-04 2.499167045258142992e-04
