2.788856045962398097e-03 2.852959257691194302e-03 2.852959257691194302e-03 3.782577939678660479e-03 5.272477233409739693e-03 5.577712091924796195e-03 5.411315646716192626e-03 3.579894654259349520e-03 0.000000000000000000e+00 1.859237363974931920e-03 3.742328167876860911e-03 5.702902637850180805e-03 4.757285015814003738e-03 7.464358990088848511e-03 1.000837597036647285e-02 4.566311338249776260e-03 4.534173687089502330e-03
9.296186819874659602e-04 1.859237363974931920e-03 1.859237363974931920e-03 1.923340575703727908e-03 2.788856045962398097e-03 4.648093409937329584e-03 5.411315646716192626e-03 2.650275972271883777e-03 0.000000000000000000e+00 9.296186819874659602e-04 3.740202464910137494e-03 7.464358990088848511e-03 8.495314778074703962e-03 9.424933460062168838e-03 8.353985521037755879e-03 3.582827268141762934e-03 9.296186819874659602e-04
0.000000000000000000e+00 0.000000000000000000e+00 0.000000000000000000e+00 9.296186819874659602e-04 0.000000000000000000e+00 3.718474727949863841e-03 4.509513336246815697e-03 1.859237363974931920e-03 0.000000000000000000e+00 2.734649504793893338e-03 3.861435410505020902e-03 6.494748157062821790e-03 9.180094394377393344e-03 7.394208236902945382e-03 7.219519924404073016e-03 5.442064632116693987e-03 3.718474727949863841e-03
0.000000000000000000e+00 9.296186819874659602e-04 9.296186819874659602e-04 0.000000000000000000e+00 9.296186819874659602e-04 2.788856045962398097e-03 2.788856045962398097e-03 1.859237363974931920e-03 0.000000000000000000e+00 2.734649504793893338e-03 5.441723479068736810e-03 8.323826918890411125e-03 7.372480499942672162e-03 4.687134262628101476e-03 3.582827268141762934e-03 5.442064632116693987e-03 4.648093409937329584e-03
9.296186819874659602e-04 9.296186819874659602e-04 9.296186819874659602e-04 1.457993455177563052e-03 2.387612137165029229e-03 1.859237363974931920e-03 2.268381392212562211e-03 1.338762710225096684e-03 0.000000000000000000e+00 1.859237363974931920e-03 2.678446258743818163e-03 8.295199203359387985e-03 7.372480499942672162e-03 5.752400404423667693e-03 3.718474727949863841e-03 3.718474727949863841e-03 3.718474727949863841e-03
0.000000000000000000e+00 0.000000000000000000e+00 0.000000000000000000e+00 1.457993455177563052e-03 1.457993455177563052e-03 9.296186819874659602e-04 2.788856045962398097e-03 1.338762710225096684e-03 0.000000000000000000e+00 3.586337203771010253e-03 4.515955885758476430e-03 5.442064632116693987e-03 5.442064632116693987e-03 4.648093409937329584e-03 3.718474727949863841e-03 2.788856045962398097e-03 9.296186819874659602e-04
0.000000000000000000e+00 0.000000000000000000e+00 0.000000000000000000e+00 0.000000000000000000e+00 0.000000000000000000e+00 0.000000000000000000e+00 9.296186819874659602e-04 9.296186819874659602e-04 0.000000000000000000e+00 1.859237363974931920e-03 4.648093409937329584e-03 6.507330773912261938e-03 2.788856045962398097e-03 1.859237363974931920e-03 0.000000000000000000e+00 0.000000000000000000e+00 0.000000000000000000e+00
0.000000000000000000e+00 0.000000000000000000e+00 0.000000000000000000e+00 0.000000000000000000e+00 0.000000000000000000e+00 0.000000000000000000e+00 0.000000000000000000e+00 0.000000000000000000e+00 0.000000000000000000e+00 9.296186819874659602e-04 1.859237363974931920e-03 3.718474727949863841e-03 2.788856045962398097e-03 1.859237363974931920e-03 0.000000000000000000e+00 0.000000000000000000e+00 0.000000000000000000e+00
0.000000000000000000e+00 0.000000000000000000e+00 0.000000000000000000e+00 0.000000000000000000e+00 0.000000000000000000e+00 0.000000000000000000e+00 0.000000000000000000e+00 0.000000000000000000e+00 0.000000000000000000e+00 0.000000000000000000e+00 0.000000000000000000e+00 0.000000000000000000e+00 0.000000000000000000e+00 0.000000000000000000e+00 0.000000000000000000e+00 0.000000000000000000e+00 0.000000000000000000e+00
9.296186819874659602e-04 9.296186819874659602e-04 9.296186819874659602e-04 9.296186819874659602e-04 0.000000000000000000e+00 9.296186819874659602e-04 1.859237363974931920e-03 1.859237363974931920e-03 0.000000000000000000e+00 0.000000000000000000e+00 0.000000000000000000e+00 0.000000000000000000e+00 0.000000000000000000e+00 0.000000000000000000e+00 0.000000000000000000e+00 0.000000000000000000e+00 0.000000000000000000e+00
9.296186819874659602e-04 9.296186819874659602e-04 9.296186819874659602e-04 9.296186819874659602e-04 2.788856045962398097e-03 3.198445963362595706e-03 6.916920691312458680e-03 4.648093409937329584e-03 0.000000000000000000e+00 9.296186819874659602e-04 1.859237363974931920e-03 1.859237363974931920e-03 9.296186819874659602e-04 0.000000000000000000e+00 0.000000000000000000e+00 0.000000000000000000e+00 0.000000000000000000e+00
9.296186819874659602e-04 1.859237363974931920e-03 1.859237363974931920e-03 2.788856045962398097e-03 3.198445963362595706e-03 7.846539373299925291e-03 9.705776737274856777e-03 4.648093409937329584e-03 0.000000000000000000e+00 1.859237363974931920e-03 2.788856045962398097e-03 1.859237363974931920e-03 1.859237363974931920e-03 9.296186819874659602e-04 1.859237363974931920e-03 1.859237363974931920e-03 0.000000000000000000e+00
3.718474727949863841e-03 2.788856045962398097e-03 6.506524186958722450e-03 7.753098002918324370e-03 7.753098002918323503e-03 1.147237931782172683e-02 1.022580550186212578e-02 5.577712091924796195e-03 0.000000000000000000e+00 1.859237363974931920e-03 1.859237363974931920e-03 2.788856045962398097e-03 4.062623588142382468e-03 3.133004906154916724e-03 3.113520429365509556e-03 1.859237363974931920e-03 0.000000000000000000e+00
4.701534267849947352e-03 4.648093409937329584e-03 1.117651870433711454e-02 1.613204448551406114e-02 1.332128733211060401e-02 1.239247523707667602e-02 7.659451380978227544e-03 1.859237363974931920e-03 0.000000000000000000e+00 2.788856045962398097e-03 3.811206122352736158e-03 6.600062168315132954e-03 6.944211028507653316e-03 4.992242270129848211e-03 4.043139111352975733e-03 2.788856045962398097e-03 2.788856045962398097e-03
8.428067053739246584e-03 7.753098002918324370e-03 1.242309252029671386e-02 1.707118593023404171e-02 1.301290942130235544e-02 1.294527181727257725e-02 6.447463806092831005e-03 3.392513861872168465e-03 0.000000000000000000e+00 1.859237363974931920e-03 3.089787712096525498e-03 4.740824804340202335e-03 5.878643758058923162e-03 4.992242270129848211e-03 5.902376475327908087e-03 4.043139111352975733e-03 1.839752887185524969e-03
8.428873640692785205e-03 9.286664057142141743e-03 1.150205106147313833e-02 1.334399502650520167e-02 1.331705071649676511e-02 1.140870424333013076e-02 8.293887331290036857e-03 5.517845124105363527e-03 0.000000000000000000e+00 0.000000000000000000e+00 2.788856045962398097e-03 4.740824804340202335e-03 7.529680850302599565e-03 6.014592346520186705e-03 5.921860952117314822e-03 3.133004906154916724e-03 2.769371569172990929e-03
1.301466154782452388e-02 1.053323787310174627e-02 1.402623754788729846e-02 1.387489049926004213e-02 1.390881047611540987e-02 1.563899052913234403e-02 1.456493892198720309e-02 7.309322943089869261e-03 0.000000000000000000e+00 0.000000000000000000e+00 2.788856045962398097e-03 5.670443486327668078e-03 7.737881122033856383e-03 6.600062168315132954e-03 7.436949455899727682e-03 4.062623588142382468e-03 4.628608933147922849e-03
