7.429957097430323412e-04 7.429957097430323412e-04 1.485991419486064682e-03 0.000000000000000000e+00 7.429957097430323412e-04 7.429957097430323412e-04 0.000000000000000000e+00 0.000000000000000000e+00 0.000000000000000000e+00 7.429957097430323412e-04 2.228987129229097024e-03 7.429957097430323412e-04 7.429957097430323412e-04 1.485991419486064682e-03 1.485991419486064682e-03 0.000000000000000000e+00 0.000000000000000000e+00
7.429957097430323412e-04 1.485991419486064682e-03 1.485991419486064682e-03 7.429957097430323412e-04 7.429957097430323412e-04 0.000000000000000000e+00 0.000000000000000000e+00 0.000000000000000000e+00 0.000000000000000000e+00 1.485991419486064682e-03 1.564044493701839938e-03 0.000000000000000000e+00 2.228987129229097024e-03 2.307040203444872279e-03 2.228987129229097024e-03 0.000000000000000000e+00 0.000000000000000000e+00
0.000000000000000000e+00 0.000000000000000000e+00 0.000000000000000000e+00 7.429957097430323412e-04 7.429957097430323412e-04 0.000000000000000000e+00 0.000000000000000000e+00 0.000000000000000000e+00 0.000000000000000000e+00 2.228987129229097024e-03 3.655316286603207780e-03 7.429957097430323412e-04 2.228987129229097024e-03 2.971982838972129365e-03 1.485991419486064682e-03 0.000000000000000000e+00 1.485991419486064682e-03
3.732667649781016162e-03 2.971982838972129365e-03 1.527941153752978556e-03 1.390077292047241187e-03 1.390077292047241187e-03 0.000000000000000000e+00 0.000000000000000000e+00 0.000000000000000000e+00 0.000000000000000000e+00 1.485991419486064682e-03 7.429957097430323412e-04 0.000000000000000000e+00 1.571732541718775253e-03 2.198536795185790545e-03 7.429957097430323412e-04 7.429957097430323412e-04 7.429957097430323412e-04
6.703728276234907288e-03 4.457974258458194047e-03 2.869626550858404151e-03 3.112681358064689832e-03 0.000000000000000000e+00 0.000000000000000000e+00 7.429957097430323412e-04 0.000000000000000000e+00 0.000000000000000000e+00 0.000000000000000000e+00 7.429957097430323412e-04 0.000000000000000000e+00 2.228987129229097024e-03 3.684528214671854793e-03 5.203875106229949483e-03 3.690202387140445201e-03 4.351475978522740748e-03
7.588344717588738769e-03 4.700736722301421429e-03 2.270936863496010680e-03 4.640622511817668605e-03 2.246676230294951913e-03 7.429957097430323412e-04 1.485991419486064682e-03 7.429957097430323412e-04 0.000000000000000000e+00 0.000000000000000000e+00 0.000000000000000000e+00 0.000000000000000000e+00 2.228987129229097024e-03 4.457974258458194047e-03 3.270837394097715796e-03 3.714978548715161706e-03 2.725787758345935442e-03
1.115156209191415192e-02 1.100438207975023598e-02 6.065189805393531725e-03 9.954004389011332499e-03 8.167059869630030264e-03 5.166658931285065745e-03 3.869340191974514169e-03 2.823042294137520763e-03 0.000000000000000000e+00 1.485991419486064682e-03 2.228987129229097024e-03 1.705884491884376289e-03 4.491998236847074590e-03 8.206976785562236296e-03 1.335086216913346571e-02 8.834756277028527754e-03 7.463981075819203087e-03
8.172952807173354886e-03 7.424064159886997055e-03 8.246771327848729030e-03 1.118688538041239834e-02 8.933637617982242984e-03 6.912034750464662695e-03 5.985915412211171953e-03 4.309033713623585012e-03 0.000000000000000000e+00 2.971982838972129365e-03 3.714447932227071640e-03 0.000000000000000000e+00 4.457974258458194047e-03 1.263092706563155067e-02 7.728811652555910711e-03 5.475108087766390741e-03 6.390758612640014096e-03
1.553313752666259789e-02 6.961828207415602689e-03 1.034183229109739664e-02 1.753677875427022206e-02 2.193849776469344870e-02 1.707965521040279849e-02 9.708601359652688570e-03 1.173899081105390929e-02 0.000000000000000000e+00 8.180055865245254229e-03 1.063163195249585032e-02 8.062734630098142286e-03 1.040193993640245278e-02 2.801793517363205741e-02 1.635596004570140719e-02 5.303374833919122580e-03 1.114493564614548599e-02
1.403278091959234489e-02 5.288712370630884591e-03 8.172952807173354886e-03 9.667084648938978342e-03 8.172952807173354886e-03 6.038732923798891331e-03 2.228987129229097024e-03 1.485991419486064682e-03 0.000000000000000000e+00 2.566300318545470475e-03 2.971982838972129365e-03 3.091160365074488350e-03 4.457974258458194047e-03 6.722648742731626541e-03 5.200969968201226389e-03 2.971982838972129365e-03 7.429957097430323412e-03
2.017877119894694038e-02 9.304869422042515853e-03 1.114493564614548599e-02 1.047270067563963770e-02 6.274175809188734139e-03 2.971982838972129365e-03 3.714978548715161706e-03 0.000000000000000000e+00 0.000000000000000000e+00 1.485991419486064682e-03 5.200969968201226389e-03 3.117937904280180996e-03 2.971982838972129365e-03 9.658944226659421303e-03 6.697015819041986749e-03 5.337929480850104463e-03 1.040193993640245278e-02
1.221202870914975779e-02 1.001717281137354428e-02 1.040193993640245278e-02 8.172952807173354886e-03 2.971982838972129365e-03 7.429957097430323412e-04 2.228987129229097024e-03 0.000000000000000000e+00 0.000000000000000000e+00 0.000000000000000000e+00 0.000000000000000000e+00 0.000000000000000000e+00 7.429957097430323412e-04 2.971982838972129365e-03 5.200969968201226389e-03 1.485991419486064682e-03 3.962869043082929525e-03
1.223763289712064342e-02 1.298062860686367490e-02 9.658944226659421303e-03 7.429957097430323412e-03 7.429957097430323412e-04 0.000000000000000000e+00 7.429957097430323412e-04 0.000000000000000000e+00 0.000000000000000000e+00 0.000000000000000000e+00 0.000000000000000000e+00 0.000000000000000000e+00 0.000000000000000000e+00 7.429957097430323412e-04 1.485991419486064682e-03 2.228987129229097024e-03 2.228987129229097024e-03
1.054825466245723313e-02 1.000864576789154553e-02 8.172952807173354886e-03 5.943173926570939278e-03 7.429957097430323412e-04 0.000000000000000000e+00 0.000000000000000000e+00 0.000000000000000000e+00 0.000000000000000000e+00 7.429957097430323412e-04 0.000000000000000000e+00 0.000000000000000000e+00 7.429957097430323412e-04 0.000000000000000000e+00 7.429957097430323412e-04 7.429957097430323412e-04 7.429957097430323412e-04
8.172952807173354886e-03 6.014448922352449121e-03 5.200969968201226389e-03 2.971982838972129365e-03 7.429957097430323412e-04 0.000000000000000000e+00 0.000000000000000000e+00 0.000000000000000000e+00 0.000000000000000000e+00 7.429957097430323412e-04 7.429957097430323412e-04 2.228987129229097024e-03 2.228987129229097024e-03 1.485991419486064682e-03 7.429957097430323412e-04 7.429957097430323412e-04 0.000000000000000000e+00
6.686961387687291071e-03 5.943965677944258730e-03 1.485991419486064682e-03 7.429957097430323412e-04 2.228987129229097024e-03 0.000000000000000000e+00 7.429957097430323412e-04 0.000000000000000000e+00 0.000000000000000000e+00 1.485991419486064682e-03 0.000000000000000000e+00 7.429957097430323412e-04 2.971982838972129365e-03 1.485991419486064682e-03 7.429957097430323412e-04 7.429957097430323412e-04 0.000000000000000000e+00
5.200969968201226389e-03 3.785461793123351230e-03 4.457974258458194047e-03 3.714978548715161706e-03 2.228987129229097024e-03 1.485991419486064682e-03 1.485991419486064682e-03 0.000000000000000000e+00 0.000000000000000000e+00 7.429957097430323412e-04 0.000000000000000000e+00 7.429957097430323412e-04 7.429957097430323412e-04 1.485991419486064682e-03 2.941532504928822886e-03 1.567713537846802344e-03 7.429957097430323412e-04
