0.000000000000000000e+00 2.935118762397993276e-03 0.000000000000000000e+00 0.000000000000000000e+00 0.000000000000000000e+00 1.467559381198996638e-03 0.000000000000000000e+00 0.000000000000000000e+00 4.402678143596989481e-03 1.706028218020662129e-03 0.000000000000000000e+00 1.513595966735078882e-03 5.884955863067906946e-03 2.935118762397993276e-03 0.000000000000000000e+00 7.337796905994981890e-03 2.935118762397993276e-03
0.000000000000000000e+00 1.467559381198996638e-03 2.935118762397993276e-03 1.467559381198996638e-03 2.935118762397993276e-03 2.935118762397993276e-03 2.935118762397993276e-03 1.467559381198996638e-03 5.912590134720766347e-03 1.480975293021057548e-03 0.000000000000000000e+00 4.393477745909776452e-03 5.886195032315322609e-03 2.935118762397993276e-03 1.467559381198996638e-03 5.870237524795986553e-03 1.467559381198996638e-03
0.000000000000000000e+00 0.000000000000000000e+00 0.000000000000000000e+00 0.000000000000000000e+00 0.000000000000000000e+00 1.467559381198996638e-03 0.000000000000000000e+00 0.000000000000000000e+00 1.467559381198996638e-03 1.467559381198996638e-03 0.000000000000000000e+00 0.000000000000000000e+00 0.000000000000000000e+00 0.000000000000000000e+00 0.000000000000000000e+00 0.000000000000000000e+00 0.000000000000000000e+00
0.000000000000000000e+00 0.000000000000000000e+00 0.000000000000000000e+00 0.000000000000000000e+00 0.000000000000000000e+00 0.000000000000000000e+00 0.000000000000000000e+00 1.467559381198996638e-03 1.520897920519785835e-03 0.000000000000000000e+00 1.467559381198996638e-03 2.935118762397993276e-03 0.000000000000000000e+00 1.467559381198996638e-03 1.467559381198996638e-03 0.000000000000000000e+00 0.000000000000000000e+00
0.000000000000000000e+00 0.000000000000000000e+00 0.000000000000000000e+00 0.000000000000000000e+00 2.935118762397993276e-03 0.000000000000000000e+00 0.000000000000000000e+00 1.790322560777184895e-03 4.402678143596989481e-03 1.467559381198996638e-03 0.000000000000000000e+00 5.870237524795986553e-03 4.067681726503184075e-03 1.467559381198996638e-03 1.467559381198996638e-03 2.935118762397993276e-03 1.467559381198996638e-03
0.000000000000000000e+00 0.000000000000000000e+00 0.000000000000000000e+00 0.000000000000000000e+00 0.000000000000000000e+00 1.467559381198996638e-03 0.000000000000000000e+00 1.467559381198996638e-03 2.988457301718782256e-03 0.000000000000000000e+00 1.467559381198996638e-03 1.467559381198996638e-03 1.467559381198996638e-03 0.000000000000000000e+00 0.000000000000000000e+00 0.000000000000000000e+00 0.000000000000000000e+00
0.000000000000000000e+00 0.000000000000000000e+00 0.000000000000000000e+00 0.000000000000000000e+00 0.000000000000000000e+00 0.000000000000000000e+00 0.000000000000000000e+00 0.000000000000000000e+00 0.000000000000000000e+00 0.000000000000000000e+00 0.000000000000000000e+00 0.000000000000000000e+00 0.000000000000000000e+00 0.000000000000000000e+00 0.000000000000000000e+00 0.000000000000000000e+00 0.000000000000000000e+00
0.000000000000000000e+00 0.000000000000000000e+00 0.000000000000000000e+00 0.000000000000000000e+00 0.000000000000000000e+00 0.000000000000000000e+00 0.000000000000000000e+00 0.000000000000000000e+00 1.467559381198996638e-03 0.000000000000000000e+00 0.000000000000000000e+00 0.000000000000000000e+00 0.000000000000000000e+00 0.000000000000000000e+00 0.000000000000000000e+00 0.000000000000000000e+00 0.000000000000000000e+00
0.000000000000000000e+00 0.000000000000000000e+00 0.000000000000000000e+00 0.000000000000000000e+00 0.000000000000000000e+00 0.000000000000000000e+00 0.000000000000000000e+00 0.000000000000000000e+00 0.000000000000000000e+00 0.000000000000000000e+00 0.000000000000000000e+00 0.000000000000000000e+00 0.000000000000000000e+00 0.000000000000000000e+00 0.000000000000000000e+00 0.000000000000000000e+00 0.000000000000000000e+00
0.000000000000000000e+00 0.000000000000000000e+00 0.000000000000000000e+00 0.000000000000000000e+00 0.000000000000000000e+00 0.000000000000000000e+00 0.000000000000000000e+00 0.000000000000000000e+00 0.000000000000000000e+00 0.000000000000000000e+00 0.000000000000000000e+00 0.000000000000000000e+00 0.000000000000000000e+00 0.000000000000000000e+00 0.000000000000000000e+00 0.000000000000000000e+00 0.000000000000000000e+00
2.935118762397993276e-03 2.935118762397993276e-03 0.000000000000000000e+00 0.000000000000000000e+00 2.935118762397993276e-03 2.935118762397993276e-03 0.000000000000000000e+00 0.000000000000000000e+00 2.935118762397993276e-03 1.467559381198996638e-03 0.000000000000000000e+00 1.467559381198996638e-03 1.467559381198996638e-03 0.000000000000000000e+00 0.000000000000000000e+00 0.000000000000000000e+00 0.000000000000000000e+00
4.402678143596989481e-03 7.337796905994981890e-03 2.935118762397993276e-03 1.467559381198996638e-03 2.935118762397993276e-03 4.402678143596989481e-03 0.000000000000000000e+00 1.467559381198996638e-03 4.402678143596989481e-03 0.000000000000000000e+00 0.000000000000000000e+00 1.467559381198996638e-03 0.000000000000000000e+00 0.000000000000000000e+00 0.000000000000000000e+00 0.000000000000000000e+00 0.000000000000000000e+00
7.337796905994981890e-03 5.911726429258097777e-03 4.402678143596989481e-03 2.833192355402910662e-03 2.976607666860104934e-03 1.467559381198996638e-03 0.000000000000000000e+00 2.935118762397993276e-03 5.870237524795986553e-03 1.467559381198996638e-03 1.467559381198996638e-03 2.797677197252509615e-03 0.000000000000000000e+00 0.000000000000000000e+00 0.000000000000000000e+00 0.000000000000000000e+00 0.000000000000000000e+00
1.138925460213036783e-02 1.725949212692635265e-02 1.174047504959197311e-02 5.870237524795986553e-03 1.145696643720461871e-02 1.027291566839297517e-02 2.935118762397993276e-03 5.870237524795986553e-03 1.504136933762227797e-02 4.402678143596989481e-03 1.467559381198996638e-03 7.635860596553042598e-03 2.935118762397993276e-03 1.467559381198996638e-03 1.467559381198996638e-03 1.467559381198996638e-03 0.000000000000000000e+00
1.618464209765107381e-02 2.058518586716930748e-02 1.027291566839297517e-02 1.898877754153562719e-02 2.489836959671497610e-02 2.054369696270719539e-02 8.838973616447646370e-03 4.402678143596989481e-03 1.027078129431422022e-02 1.467559381198996638e-03 1.467559381198996638e-03 6.089191282322687672e-03 1.467559381198996638e-03 0.000000000000000000e+00 1.467559381198996638e-03 2.303795201805831569e-03 0.000000000000000000e+00
2.494850948038294242e-02 2.494850948038294242e-02 2.348095009918394621e-02 1.761071257438795792e-02 2.935118762397992756e-02 2.788362824278093136e-02 1.467559381198996378e-02 8.805356287193978962e-03 5.984134932562910035e-03 0.000000000000000000e+00 1.467559381198996638e-03 4.402678143596989481e-03 1.467559381198996638e-03 1.467559381198996638e-03 1.467559381198996638e-03 4.402678143596989481e-03 4.218008583096488281e-03
2.348095009918394621e-02 3.521929077469716091e-02 4.109166267357190067e-02 3.953460887832157405e-02 4.402678143596990001e-02 5.084905265706228528e-02 2.814816244529036796e-02 2.057327398877976596e-02 2.198796181737801281e-02 1.467559381198996638e-03 0.000000000000000000e+00 2.935118762397993276e-03 2.935118762397993276e-03 2.935118762397993276e-03 1.467559381198996638e-03 4.402678143596989481e-03 0.000000000000000000e+00
