7.017925620944144354e-04 1.091796922717378762e-03 1.261003851075407321e-03 1.213277770571576835e-03 1.352446411287452433e-03 8.232734099486125083e-04 7.029619586022632085e-04 8.494076551187620212e-04 1.538432284027557934e-03 1.388813619576226505e-03 1.522862355222255734e-03 8.482447446877719021e-04 1.353655426864227391e-03 5.760512930286244273e-04 3.473503565383722984e-04 7.452582213866528783e-04 3.473503565383722984e-04
6.757662093834504186e-04 1.363713877429100201e-03 1.989249347453406983e-03 2.116897291730568051e-03 2.199690068654369755e-03 1.838514980096782889e-03 2.027666478895314480e-03 2.147460077798880960e-03 4.197300979473469508e-03 1.826339483196303022e-03 3.309497424046233677e-03 1.840370040558926903e-03 3.003559315920367821e-03 1.892149152577883575e-03 1.024178069970485940e-03 2.077654425106122572e-03 6.857642132544290378e-04
0.000000000000000000e+00 5.076207850740852446e-04 5.076207850740852446e-04 5.076207850740852446e-04 3.384138567160568478e-04 3.384138567160568478e-04 8.460346417901420382e-04 9.919624858638574887e-04 1.685879608850638246e-03 6.801267958400959452e-04 9.918337136001766866e-04 5.076207850740852446e-04 8.247754186453841235e-04 6.768277134321136956e-04 6.768277134321136956e-04 1.187011888375129939e-03 1.015241570148170489e-03
4.162465164020058995e-04 8.616343743635879919e-04 1.659014587105992833e-03 1.236039002413106581e-03 1.015241570148170489e-03 1.015241570148170489e-03 1.029150210759747271e-03 7.661836734876876359e-04 1.406507586560628827e-03 6.857642132544290378e-04 1.015241570148170489e-03 3.384138567160568478e-04 8.460346417901420382e-04 5.957509032050484384e-04 5.076207850740852446e-04 8.305015966697696728e-04 5.290384694280221827e-04
3.384138567160568478e-04 1.016214592916063345e-03 2.171948513050759363e-03 2.803028429794858500e-03 3.142503790559578354e-03 4.083903504347979885e-03 5.466212211363816881e-03 1.000570522516673264e-02 2.153853516984931618e-02 9.079635528036648223e-03 6.435685697710456267e-03 3.701483442489942027e-03 2.694866014031203905e-03 2.274726870965845370e-03 1.347786082569514283e-03 1.518163554688945057e-03 3.384138567160568478e-04
3.384138567160568478e-04 8.932225951480151195e-04 1.118179097272578191e-03 1.147175224551631473e-03 2.310007564702233965e-03 3.914758520643242881e-03 6.495412920094941096e-03 1.013437663843604758e-02 2.616118637154020779e-02 8.628088982327421566e-03 5.878859126528724298e-03 3.818576782917686586e-03 2.326731602488254017e-03 2.008932424723192112e-03 1.015241570148170489e-03 1.169642654389170490e-03 3.384138567160568478e-04
3.384138567160568478e-04 6.768277134321136956e-04 5.076207850740852446e-04 5.076207850740852446e-04 9.324487932243691107e-04 1.101655721582397562e-03 1.739900149737116540e-03 1.594710121926033990e-03 5.231702514914265273e-03 2.282797199580909996e-03 2.560911851273798331e-03 1.522862355222255734e-03 5.076207850740852446e-04 3.384138567160568478e-04 5.076207850740852446e-04 3.384138567160568478e-04 5.076207850740852446e-04
1.467080709988698639e-03 1.195516295252579096e-03 1.625412573074109124e-03 1.368289357977888832e-03 2.249352498158944686e-03 4.475552990492295651e-03 7.521162400014685945e-03 1.227074071932158540e-02 2.762929416869830748e-02 1.292042492946445832e-02 8.705688423057914710e-03 4.825094570107681807e-03 2.465500355310645732e-03 1.281051856804446467e-03 1.611746297201248476e-03 1.467744769746871705e-03 1.136677969980975098e-03
2.575581904700362332e-03 3.260071587002985518e-03 2.968665747024987981e-03 4.134568282529486709e-03 6.388458560140380764e-03 1.394243123531803408e-02 2.299741832196159838e-02 3.956867363970090895e-02 0.000000000000000000e+00 3.894104237581898220e-02 2.207703770902579715e-02 1.286427389525541219e-02 5.395521473228436816e-03 3.268342786031116533e-03 1.809099396082683138e-03 2.052275805162145830e-03 1.202195112242982139e-03
2.199690068654369755e-03 2.536397936131398224e-03 2.366122525870867268e-03 1.603388311838097307e-03 3.118367286534818369e-03 5.332539159368612780e-03 9.524650923924621662e-03 1.337358433287081684e-02 2.880046422498072980e-02 1.239708045310814084e-02 7.227727221406105886e-03 4.144746881684214720e-03 1.778265994863288766e-03 7.040013215377641850e-04 6.768277134321136956e-04 6.620218693150851366e-04 3.384138567160568478e-04
2.727552470682239119e-03 2.094241558248689187e-03 1.349019603422407657e-03 9.962977056745701485e-04 6.583493824813855611e-04 1.864528485043869064e-03 2.770874980541250619e-03 2.120413464213665149e-03 6.383628612833639436e-03 1.997453829748954170e-03 2.156718924254075794e-03 1.226745533521933452e-03 1.184448498506199049e-03 5.076207850740852446e-04 8.460346417901420382e-04 6.310873444238460084e-04 6.310873444238460084e-04
2.776350158654063757e-03 3.363793448162507443e-03 3.028102906221682728e-03 4.609514884164369643e-03 4.297877700285088892e-03 6.457576079980920786e-03 7.784950572895106037e-03 1.168070782058054820e-02 2.749905289421512855e-02 1.026096028181324067e-02 5.956265088437748961e-03 3.961904937862067988e-03 2.081905461953538136e-03 1.017342639510214388e-03 6.768277134321136956e-04 3.961787901273159654e-04 1.692069283580284239e-04
2.368896997012398097e-03 5.060708386636476874e-03 5.072681220111755970e-03 7.091924589664791272e-03 7.670191904378003724e-03 7.682095396827118804e-03 1.103160612811047991e-02 1.155754984243830344e-02 2.446754374233012230e-02 1.016172332231686515e-02 5.961966112938647117e-03 4.241284274982179935e-03 2.420319318669594821e-03 1.553013848047829883e-03 8.460346417901420382e-04 1.692069283580284239e-04 0.000000000000000000e+00
1.184448498506199049e-03 2.406365195968529751e-03 2.587424129272424423e-03 3.090465645561344971e-03 2.411405511718199644e-03 1.569029653644492695e-03 1.925224048033242867e-03 1.759477041075080362e-03 2.701426220115943962e-03 1.384942814782784111e-03 1.329120708259228217e-03 8.460346417901420382e-04 8.460346417901420382e-04 6.768277134321136956e-04 6.768277134321136956e-04 3.384138567160568478e-04 1.692069283580284239e-04
1.709740523003080905e-03 2.368896997012398097e-03 3.192977042789952192e-03 4.114557710051204922e-03 2.672758048598796767e-03 1.872929507545621156e-03 1.348277197832398839e-03 7.828898203811288526e-04 2.102799584310770156e-03 1.328964870332344141e-03 8.460346417901420382e-04 3.384138567160568478e-04 1.692069283580284239e-04 1.692069283580284239e-04 0.000000000000000000e+00 1.692069283580284239e-04 0.000000000000000000e+00
3.111399653178734993e-03 4.900807046478009889e-03 4.460147596462319015e-03 5.276155334993697966e-03 5.307157796027314224e-03 5.256051902274838476e-03 6.808857278928021062e-03 3.589727420431418434e-03 5.626455246219541108e-03 2.038512817606655692e-03 1.919079829671434170e-03 1.560537542249291120e-03 1.861276211938312636e-03 1.341429822305654444e-03 1.015241570148170489e-03 3.384138567160568478e-04 0.000000000000000000e+00
1.861276211938312636e-03 3.039972014832319127e-03 3.030918866327482909e-03 2.915886427365895622e-03 3.114571487821619043e-03 2.592737324167716882e-03 4.232299027916829569e-03 2.902619392946537234e-03 2.522827807515835071e-03 1.015241570148170489e-03 7.029619586022632085e-04 8.721688869602915511e-04 1.184448498506199049e-03 1.041375815318320002e-03 1.210582743676348562e-03 1.015241570148170489e-03 5.076207850740852446e-04
