1.583944886267359955e-03 0.000000000000000000e+00 1.335869296447676682e-03 0.000000000000000000e+00 1.335869296447676682e-03 1.335869296447676682e-03 1.335869296447676682e-03 0.000000000000000000e+00 0.000000000000000000e+00 0.000000000000000000e+00 2.671738592895353363e-03 1.335869296447676682e-03 8.015215778686060957e-03 2.671738592895353363e-03 3.760031312210004861e-03 4.007607889343030479e-03 2.671738592895353363e-03
4.255683479162713535e-03 0.000000000000000000e+00 1.335869296447676682e-03 1.335869296447676682e-03 4.007607889343030479e-03 2.671738592895353363e-03 2.671738592895353363e-03 0.000000000000000000e+00 0.000000000000000000e+00 0.000000000000000000e+00 6.784031181915363244e-03 4.007607889343030479e-03 7.159722302964437700e-03 4.029748338081802668e-03 1.335869296447676682e-03 3.610266353223603140e-03 3.971059283370791115e-03
5.343477185790706727e-03 1.335869296447676682e-03 1.335869296447676682e-03 2.671738592895353363e-03 0.000000000000000000e+00 0.000000000000000000e+00 2.671738592895353363e-03 0.000000000000000000e+00 0.000000000000000000e+00 0.000000000000000000e+00 5.365617634529479783e-03 1.335869296447676682e-03 1.335869296447676682e-03 3.971059283370791115e-03 0.000000000000000000e+00 1.335869296447676682e-03 3.646814959195841636e-03
5.469540337935565114e-03 1.503583738168621240e-03 1.335869296447676682e-03 2.671738592895353363e-03 2.335934897031913607e-03 0.000000000000000000e+00 1.335869296447676682e-03 1.335869296447676682e-03 0.000000000000000000e+00 0.000000000000000000e+00 2.887667683214531836e-03 0.000000000000000000e+00 6.676660481866216260e-03 4.007607889343030479e-03 1.335869296447676682e-03 4.007607889343030479e-03 2.671738592895353363e-03
6.805409634383241362e-03 1.335869296447676682e-03 0.000000000000000000e+00 3.419330371637165859e-03 4.175322331063974386e-03 1.335869296447676682e-03 5.469540337935565981e-03 1.335869296447676682e-03 0.000000000000000000e+00 1.335869296447676682e-03 1.809109480014865073e-02 5.355951275696138082e-03 1.312090447687700584e-02 8.015215778686060957e-03 2.671738592895353363e-03 3.399238382062817320e-03 4.982684255643518752e-03
5.364319312054283660e-03 0.000000000000000000e+00 0.000000000000000000e+00 2.671738592895353363e-03 2.760313017333426711e-03 1.335869296447676682e-03 5.372794729435428039e-03 3.121114034676678549e-03 0.000000000000000000e+00 2.671738592895353363e-03 1.471670270966321525e-02 4.007607889343030479e-03 5.004180715218754447e-03 6.304145394857727826e-03 0.000000000000000000e+00 1.335869296447676682e-03 4.946135649671279388e-03
1.335869296447676682e-03 0.000000000000000000e+00 0.000000000000000000e+00 1.335869296447676682e-03 0.000000000000000000e+00 1.335869296447676682e-03 4.007607889343030479e-03 1.335869296447676682e-03 0.000000000000000000e+00 0.000000000000000000e+00 2.671738592895353363e-03 0.000000000000000000e+00 0.000000000000000000e+00 2.671738592895353363e-03 1.335869296447676682e-03 1.335869296447676682e-03 2.671738592895353363e-03
2.671738592895353363e-03 1.335869296447676682e-03 0.000000000000000000e+00 2.765572557973739690e-03 2.770605201703653549e-03 4.087977784923268326e-03 1.143454615032322638e-02 2.794923604201460937e-03 0.000000000000000000e+00 9.202965330291659057e-03 1.273043154503153765e-02 4.607725351360397389e-03 5.343477185790706727e-03 1.006340493155715929e-02 3.586076829486039425e-03 1.335869296447676682e-03 2.671738592895353363e-03
1.004116197084781517e-02 7.133935383547403142e-03 4.007607889343030479e-03 8.832235746552459521e-03 3.036937510243916966e-03 9.316942194230820595e-03 2.243441062335273933e-02 1.039896331818841897e-02 0.000000000000000000e+00 2.063117166740785144e-02 3.894382266822488808e-02 1.219433256946120953e-02 1.168352719745713655e-02 1.117935310912515981e-02 5.343477185790706727e-03 0.000000000000000000e+00 7.654422848538872115e-03
1.335869296447676682e-03 2.671738592895353363e-03 0.000000000000000000e+00 4.007607889343030479e-03 2.883498028639533851e-03 6.802531493544490548e-03 8.517633646470380848e-03 2.883498028639533851e-03 0.000000000000000000e+00 4.007607889343030479e-03 1.070432121189264681e-02 8.615333240703427001e-03 1.335869296447676682e-03 1.935986758465044026e-03 1.335869296447676682e-03 0.000000000000000000e+00 1.335869296447676682e-03
0.000000000000000000e+00 1.335869296447676682e-03 0.000000000000000000e+00 1.335869296447676682e-03 2.671738592895353363e-03 2.011752680906028073e-03 6.679346482238382975e-03 2.671738592895353363e-03 0.000000000000000000e+00 1.353791487214155544e-03 1.353791487214155544e-03 5.361399376557185806e-03 1.353791487214155544e-03 4.007607889343030479e-03 0.000000000000000000e+00 2.671738592895353363e-03 2.671738592895353363e-03
5.358546152912193813e-03 6.679346482238382975e-03 1.335869296447676682e-03 2.671738592895353363e-03 1.583944886267359955e-03 8.015215778686060957e-03 1.199707455821226107e-02 4.255683479162713535e-03 0.000000000000000000e+00 9.816054768318331972e-03 1.652977432338035776e-02 2.717840287565330068e-03 6.679346482238382975e-03 6.679346482238382975e-03 6.770937690081444554e-03 2.671738592895353363e-03 6.370910589073825771e-03
5.343477185790706727e-03 4.007607889343030479e-03 1.335869296447676682e-03 2.151009483457649082e-03 8.263291368505744014e-03 1.202282366802908883e-02 1.068695437158141345e-02 2.919814182715036854e-03 0.000000000000000000e+00 4.547084101603210068e-03 1.387397277430528313e-02 5.343477185790706727e-03 2.671738592895353363e-03 2.671738592895353363e-03 1.335869296447676682e-03 0.000000000000000000e+00 2.757712492933482498e-03
0.000000000000000000e+00 2.387446405667331423e-03 0.000000000000000000e+00 1.370930328303989918e-03 8.015215778686060957e-03 6.188167414645450413e-03 4.108217143551634067e-03 0.000000000000000000e+00 0.000000000000000000e+00 0.000000000000000000e+00 1.335869296447676682e-03 2.671738592895353363e-03 1.335869296447676682e-03 0.000000000000000000e+00 0.000000000000000000e+00 1.335869296447676682e-03 1.335869296447676682e-03
0.000000000000000000e+00 2.387446405667331423e-03 0.000000000000000000e+00 1.335869296447676682e-03 5.343477185790706727e-03 4.007607889343030479e-03 3.981858779526200112e-03 1.335869296447676682e-03 0.000000000000000000e+00 0.000000000000000000e+00 2.271711491887734146e-03 1.335869296447676682e-03 2.671738592895353363e-03 1.335869296447676682e-03 1.427460504290736744e-03 4.007607889343030479e-03 2.271711491887734146e-03
0.000000000000000000e+00 2.671738592895353363e-03 1.335869296447676682e-03 4.007607889343030479e-03 7.955828031253929858e-03 9.291697327701606973e-03 5.343477185790706727e-03 1.335869296447676682e-03 0.000000000000000000e+00 1.335869296447676682e-03 6.798263658609198998e-03 2.671738592895353363e-03 4.007607889343030479e-03 2.671738592895353363e-03 4.007607889343030479e-03 2.671738592895353363e-03 4.093581789381159179e-03
0.000000000000000000e+00 1.335869296447676682e-03 4.007607889343030479e-03 5.343477185790706727e-03 1.062756662414928235e-02 7.524036711093126661e-03 2.671738592895353363e-03 0.000000000000000000e+00 0.000000000000000000e+00 0.000000000000000000e+00 0.000000000000000000e+00 1.335869296447676682e-03 1.335869296447676682e-03 0.000000000000000000e+00 0.000000000000000000e+00 0.000000000000000000e+00 0.000000000000000000e+00
