0.000000000000000000e+00 3.420926546048715057e-04 6.841853092097430113e-04 3.420926546048715057e-04 1.808528681570564962e-03 3.420926546048715057e-04 2.150621336175436576e-03 0.000000000000000000e+00 1.026277963814614409e-03 0.000000000000000000e+00 3.763019200653586454e-03 4.056204542853910798e-04 1.710463273024357420e-03 6.556230116499302957e-04 3.420926546048715057e-04 1.026277963814614409e-03 1.026277963814614409e-03
1.368370618419486023e-03 1.089805763495134200e-03 7.477131088902625854e-04 7.159796127637698977e-04 2.055389321245077328e-03 3.495262174923012555e-04 7.291657403417159920e-03 1.033711526702044267e-03 8.141118076329525305e-03 1.083218471263329733e-03 6.993048460389735856e-03 7.795074124442894718e-04 1.710463273024357420e-03 1.026277963814614409e-03 6.841853092097430113e-04 6.946854078233138637e-04 3.420926546048715057e-04
9.628779525151246127e-04 1.710463273024357420e-03 3.420926546048715057e-04 1.026277963814614409e-03 6.841853092097430113e-04 6.841853092097430113e-04 3.481407760748683831e-03 3.420926546048715057e-04 3.965194263965695666e-03 6.841853092097430113e-04 2.720679736212355555e-03 6.748258534063955637e-04 1.026277963814614409e-03 3.420926546048715057e-04 3.420926546048715057e-04 3.420926546048715057e-04 3.420926546048715057e-04
0.000000000000000000e+00 6.841853092097430113e-04 3.420926546048715057e-04 6.841853092097430113e-04 1.040301969958886850e-03 6.841853092097430113e-04 1.779130971641794878e-03 3.420926546048715057e-04 3.858168405005489576e-03 3.420926546048715057e-04 4.145090494927979388e-03 3.420926546048715057e-04 1.774551782015156270e-03 3.420926546048715057e-04 3.420926546048715057e-04 6.841853092097430113e-04 0.000000000000000000e+00
1.726471896975211810e-03 1.567021655063791010e-03 1.220744222077137014e-03 1.026277963814614409e-03 3.423947685518074699e-03 6.396985946404351586e-04 1.614068342261535879e-02 2.448013506911624407e-03 3.789185963848921285e-02 3.010215127070510477e-03 1.710958227084278735e-02 3.078833891443843226e-03 3.873198785891817340e-03 3.198218367420920145e-03 1.375804181306915664e-03 3.736842511559162854e-03 2.213047175767121014e-03
3.122633584917361167e-03 3.535249745335331071e-03 1.733145626804547023e-03 1.393522565770871245e-03 1.026277963814614409e-03 1.368370618419486023e-03 1.385866516949416094e-02 3.344771811106025949e-03 4.160987323494619305e-02 3.920274498011873561e-03 1.520299432860461319e-02 3.237245730275578430e-03 1.037508547259400043e-03 1.710463273024357420e-03 1.076259079901012005e-03 3.431426644662285801e-03 1.368370618419486023e-03
3.420926546048715057e-04 9.338852338035793284e-04 3.420926546048715057e-04 0.000000000000000000e+00 3.420926546048715057e-04 1.035567766309373637e-03 3.582091682474944534e-03 3.420926546048715057e-04 7.153225350526880993e-03 0.000000000000000000e+00 2.415202174411706405e-03 1.016918508011267069e-03 0.000000000000000000e+00 0.000000000000000000e+00 6.841853092097430113e-04 4.585048847655979034e-04 3.920737706912690479e-04
8.756304280029057578e-04 2.999293561894926085e-03 3.456280891259838335e-04 6.841853092097430113e-04 1.825566696242963277e-03 3.477624345027482294e-04 1.168577272004812408e-02 1.958853737659393621e-03 3.296486692627963178e-02 2.420091386347168749e-03 1.195568616287393318e-02 3.392364248488901907e-03 1.424852044608920613e-03 2.542595355770989416e-03 1.026277963814614409e-03 3.317083222367325692e-03 1.710463273024357420e-03
4.238729578622203210e-03 6.458768865122075688e-03 3.159366954037945690e-03 3.801233812956657503e-03 1.029299103283974268e-03 4.479882423718089396e-03 3.470033126884404517e-02 1.381996324342009766e-02 0.000000000000000000e+00 1.367075997902846875e-02 3.364694484121209112e-02 4.606212413584303243e-03 8.055954778927595320e-04 3.078833891443843226e-03 2.736741236838972045e-03 6.387384565145833200e-03 3.078833891443843226e-03
2.380812299094385055e-03 3.920431541324482030e-03 1.368370618419486023e-03 2.052555927629228817e-03 1.844342794968547488e-03 3.222003215882792305e-03 1.187121200839810070e-02 2.226349136906186337e-03 3.079592011386103265e-02 1.831047053729313676e-03 1.163352700354185545e-02 9.245257780002320977e-04 2.108294880782689111e-03 6.841853092097430113e-04 6.841853092097430113e-04 3.078833891443843226e-03 6.841853092097430113e-04
3.420926546048715057e-04 5.335377733980342521e-04 3.420926546048715057e-04 3.420926546048715057e-04 0.000000000000000000e+00 6.841853092097430113e-04 3.134408577018736163e-03 3.420926546048715057e-04 7.033777354585001723e-03 0.000000000000000000e+00 3.596635223989215566e-03 1.368370618419486023e-03 3.420926546048715057e-04 3.420926546048715057e-04 3.420926546048715057e-04 8.665979084510294465e-04 3.420926546048715057e-04
2.394648582234100431e-03 5.138047653039043601e-03 1.454580771880194983e-03 2.056567450234611343e-03 2.062150205383434659e-03 5.002190989633042290e-03 2.159317514329667231e-02 5.115646050616177651e-03 4.542275929614501828e-02 3.086947078353391525e-03 1.330469087067525508e-02 2.521818310272935272e-03 5.358494138886969954e-04 6.841853092097430113e-04 1.026277963814614409e-03 4.334828637516603515e-03 1.375681490875617840e-03
4.450534900700920879e-03 5.652180338097083021e-03 2.310890583153301595e-03 3.341180069573298529e-03 4.334884213222717914e-03 6.316242056699231805e-03 2.534746963799010960e-02 5.532544781559418229e-03 4.021415613237598607e-02 1.160301316835480245e-03 1.408278267782838052e-02 8.819649563468418343e-04 3.484173206998579433e-03 6.841853092097430113e-04 6.841853092097430113e-04 1.766944699213792011e-03 3.420926546048715057e-04
1.342900569669051901e-03 2.031489226983455940e-03 3.420926546048715057e-04 3.420926546048715057e-04 2.052555927629228817e-03 6.841853092097430113e-04 6.340357054410970979e-03 7.338622991902778604e-04 4.426274312232606097e-03 0.000000000000000000e+00 1.719971006837415660e-03 6.841853092097430113e-04 1.374707289259224181e-03 6.841853092097430113e-04 3.420926546048715057e-04 3.985740807943062049e-04 0.000000000000000000e+00
1.014644198203896097e-03 3.836683406565073295e-04 3.420926546048715057e-04 1.026277963814614409e-03 1.368370618419486023e-03 1.026277963814614409e-03 4.878774586783510454e-03 6.910990339012143329e-04 4.157503301019580683e-03 3.420926546048715057e-04 3.877421443710329148e-03 6.841853092097430113e-04 6.841853092097430113e-04 1.026277963814614409e-03 3.420926546048715057e-04 1.710463273024357420e-03 3.494035270610032148e-04
2.060370176527150272e-03 2.436224268285736363e-03 1.026277963814614409e-03 3.078833891443843226e-03 3.059073933873754196e-03 2.894515198664593305e-03 1.262653307917018138e-02 1.710463273024357420e-03 8.087527808954194167e-03 6.841853092097430113e-04 6.444609822520324868e-03 3.420926546048715057e-04 2.163296108319372017e-03 3.420926546048715057e-04 0.000000000000000000e+00 8.005975393704694090e-04 3.494035270610032148e-04
2.394648582234100431e-03 2.052555927629228817e-03 6.841853092097430113e-04 2.072172787523674474e-03 4.006083182153486431e-03 2.852925765109744737e-03 8.526096386213571909e-03 1.026277963814614409e-03 2.394648582234100431e-03 0.000000000000000000e+00 1.375681490875617840e-03 0.000000000000000000e+00 2.052555927629228817e-03 3.420926546048715057e-04 6.841853092097430113e-04 3.985740807943062049e-04 0.000000000000000000e+00
