2.535686475532409560e-03 8.452288251774698171e-04 1.690457650354939634e-03 4.988368950890592797e-03 5.886359184348727118e-03 1.095773213541354797e-02 1.263166027252839857e-02 1.605934767837192620e-02 1.847311801035941489e-02 1.444020408355769190e-02 1.098797472730710795e-02 5.923112274582002443e-03 3.421429892079831149e-03 1.690457650354939634e-03 1.690457650354939634e-03 2.535686475532409560e-03 2.535686475532409560e-03
1.690457650354939634e-03 2.535686475532409560e-03 2.535686475532409560e-03 3.380915300709879268e-03 5.071372951064819119e-03 1.014274590212963824e-02 1.183320355248457766e-02 1.271943976385908961e-02 1.394476459779426386e-02 1.605934767837192620e-02 8.452288251774697087e-03 5.923157250195379246e-03 3.387470774662969687e-03 1.690457650354939634e-03 3.380915300709879268e-03 2.535686475532409560e-03 3.380915300709879268e-03
3.380915300709879268e-03 8.452288251774698171e-04 2.535686475532409560e-03 2.535686475532409560e-03 2.535686475532409560e-03 4.226144125887348543e-03 8.936163349056903613e-03 1.183084703395897129e-02 1.905949501228298634e-02 1.274974643320275075e-02 9.733168109934837650e-03 4.226144125887348543e-03 2.535686475532409560e-03 8.452288251774698171e-04 1.690457650354939634e-03 1.690457650354939634e-03 2.535686475532409560e-03
0.000000000000000000e+00 8.452288251774698171e-04 1.690457650354939634e-03 8.452288251774698171e-04 3.380915300709879268e-03 4.226144125887348543e-03 9.297517076952168530e-03 1.352366120283951707e-02 1.689682334318954107e-02 8.452288251774697087e-03 5.071372951064819119e-03 8.452288251774698171e-04 8.452288251774698171e-04 0.000000000000000000e+00 0.000000000000000000e+00 8.452288251774698171e-04 8.452288251774698171e-04
0.000000000000000000e+00 8.452288251774698171e-04 1.690457650354939634e-03 1.690457650354939634e-03 2.535686475532409560e-03 5.071372951064819119e-03 8.343144056416122029e-03 1.087883053194853115e-02 1.155485430907440478e-02 5.071372951064819119e-03 2.535686475532409560e-03 8.452288251774698171e-04 8.452288251774698171e-04 0.000000000000000000e+00 8.452288251774698171e-04 1.690457650354939634e-03 2.535686475532409560e-03
1.690457650354939634e-03 0.000000000000000000e+00 1.690457650354939634e-03 8.452288251774698171e-04 1.690457650354939634e-03 3.380915300709879268e-03 4.903884789101612025e-03 8.284800089811491727e-03 1.082048656534390259e-02 7.607059426597228245e-03 4.534885540139910881e-03 1.690457650354939634e-03 8.452288251774698171e-04 0.000000000000000000e+00 8.452288251774698171e-04 1.690457650354939634e-03 2.535686475532409560e-03
0.000000000000000000e+00 0.000000000000000000e+00 0.000000000000000000e+00 8.452288251774698171e-04 8.452288251774698171e-04 2.535686475532409560e-03 2.535686475532409560e-03 5.071372951064819119e-03 1.014274590212963824e-02 9.297517076952168530e-03 6.483481358009584791e-03 3.380915300709879268e-03 1.690457650354939634e-03 0.000000000000000000e+00 0.000000000000000000e+00 8.452288251774698171e-04 1.690457650354939634e-03
0.000000000000000000e+00 0.000000000000000000e+00 8.452288251774698171e-04 8.452288251774698171e-04 1.690457650354939634e-03 3.380915300709879268e-03 2.535686475532409560e-03 5.916601776242288828e-03 9.297517076952168530e-03 5.916601776242288828e-03 4.226144125887348543e-03 1.690457650354939634e-03 0.000000000000000000e+00 0.000000000000000000e+00 0.000000000000000000e+00 0.000000000000000000e+00 0.000000000000000000e+00
0.000000000000000000e+00 0.000000000000000000e+00 0.000000000000000000e+00 0.000000000000000000e+00 0.000000000000000000e+00 0.000000000000000000e+00 0.000000000000000000e+00 0.000000000000000000e+00 0.000000000000000000e+00 0.000000000000000000e+00 0.000000000000000000e+00 0.000000000000000000e+00 0.000000000000000000e+00 0.000000000000000000e+00 0.000000000000000000e+00 0.000000000000000000e+00 0.000000000000000000e+00
0.000000000000000000e+00 0.000000000000000000e+00 0.000000000000000000e+00 0.000000000000000000e+00 0.000000000000000000e+00 1.690457650354939634e-03 4.226144125887348543e-03 4.226144125887348543e-03 2.596279102508289999e-03 8.452288251774698171e-04 0.000000000000000000e+00 0.000000000000000000e+00 0.000000000000000000e+00 0.000000000000000000e+00 0.000000000000000000e+00 0.000000000000000000e+00 0.000000000000000000e+00
0.000000000000000000e+00 0.000000000000000000e+00 0.000000000000000000e+00 0.000000000000000000e+00 8.452288251774698171e-04 2.535686475532409560e-03 4.226144125887348543e-03 4.226144125887348543e-03 2.929699824073692116e-03 8.452288251774698171e-04 0.000000000000000000e+00 0.000000000000000000e+00 0.000000000000000000e+00 0.000000000000000000e+00 0.000000000000000000e+00 0.000000000000000000e+00 0.000000000000000000e+00
8.452288251774698171e-04 8.452288251774698171e-04 8.452288251774698171e-04 0.000000000000000000e+00 1.690457650354939634e-03 3.518550279412638055e-03 4.913008505695997188e-03 3.222550855341057771e-03 3.380915300709879268e-03 2.535686475532409560e-03 1.251742517493740700e-03 0.000000000000000000e+00 0.000000000000000000e+00 0.000000000000000000e+00 0.000000000000000000e+00 0.000000000000000000e+00 0.000000000000000000e+00
8.452288251774698171e-04 1.690457650354939634e-03 1.690457650354939634e-03 8.452288251774698171e-04 3.380915300709879268e-03 4.226144125887348543e-03 6.761830601419758537e-03 5.916601776242288828e-03 4.226144125887348543e-03 2.202012268057176002e-03 8.452288251774698171e-04 0.000000000000000000e+00 8.452288251774698171e-04 0.000000000000000000e+00 0.000000000000000000e+00 0.000000000000000000e+00 8.452288251774698171e-04
1.690457650354939634e-03 8.452288251774698171e-04 1.690457650354939634e-03 1.702266847581324159e-03 2.535686475532409560e-03 2.535686475532409560e-03 2.535686475532409560e-03 3.695255388258330154e-03 5.916601776242288828e-03 3.380915300709879268e-03 3.380915300709879268e-03 0.000000000000000000e+00 8.452288251774698171e-04 0.000000000000000000e+00 0.000000000000000000e+00 0.000000000000000000e+00 0.000000000000000000e+00
5.916601776242288828e-03 8.452288251774698171e-04 8.452288251774698171e-04 4.226144125887348543e-03 4.226144125887348543e-03 2.535686475532409560e-03 5.916601776242288828e-03 4.540484213435799429e-03 1.521411885319445649e-02 1.183320355248457766e-02 8.452288251774697087e-03 1.690457650354939634e-03 3.380915300709879268e-03 8.452288251774698171e-04 1.690457650354939634e-03 0.000000000000000000e+00 0.000000000000000000e+00
1.008675862445869952e-02 4.453756312135307739e-03 5.071372951064819119e-03 2.479699197861470403e-03 4.226144125887348543e-03 4.237953323113733718e-03 1.267843237766204736e-02 1.183320355248457766e-02 2.148326543122851956e-02 1.826415274011407991e-02 9.701855075109792198e-03 2.557006705551147143e-03 2.094795648512564386e-03 1.690457650354939634e-03 1.690457650354939634e-03 0.000000000000000000e+00 0.000000000000000000e+00
7.607059426597228245e-03 8.679900438022657150e-03 7.607059426597228245e-03 4.170156848216409820e-03 4.554748072348071934e-03 5.928410973468673136e-03 1.424153669016890375e-02 1.364148812628191050e-02 1.818441188762342717e-02 1.593721313292971106e-02 8.386707495317603095e-03 5.071372951064819119e-03 3.380915300709879268e-03 1.690457650354939634e-03 1.690457650354939634e-03 0.000000000000000000e+00 0.000000000000000000e+00
