0.000000000000000000e+00 0.000000000000000000e+00 4.040322362980171798e-03 4.040322362980171798e-03 0.000000000000000000e+00 0.000000000000000000e+00 0.000000000000000000e+00 0.000000000000000000e+00 0.000000000000000000e+00 0.000000000000000000e+00 4.040322362980171798e-03 8.080644725960343597e-03 0.000000000000000000e+00 4.040322362980171798e-03 0.000000000000000000e+00 0.000000000000000000e+00 0.000000000000000000e+00
0.000000000000000000e+00 0.000000000000000000e+00 4.040322362980171798e-03 0.000000000000000000e+00 0.000000000000000000e+00 0.000000000000000000e+00 0.000000000000000000e+00 0.000000000000000000e+00 0.000000000000000000e+00 0.000000000000000000e+00 1.616128945192068719e-02 1.212096708894051279e-02 4.040322362980171798e-03 4.040322362980171798e-03 0.000000000000000000e+00 0.000000000000000000e+00 4.040322362980171798e-03
0.000000000000000000e+00 4.040322362980171798e-03 0.000000000000000000e+00 0.000000000000000000e+00 0.000000000000000000e+00 0.000000000000000000e+00 0.000000000000000000e+00 0.000000000000000000e+00 0.000000000000000000e+00 0.000000000000000000e+00 1.212096708894051279e-02 0.000000000000000000e+00 0.000000000000000000e+00 4.650688282461217654e-03 1.212096708894051279e-02 4.040322362980171798e-03 8.166229445987197369e-03
0.000000000000000000e+00 4.040322362980171798e-03 0.000000000000000000e+00 0.000000000000000000e+00 0.000000000000000000e+00 0.000000000000000000e+00 0.000000000000000000e+00 0.000000000000000000e+00 0.000000000000000000e+00 0.000000000000000000e+00 0.000000000000000000e+00 4.040322362980171798e-03 4.040322362980171798e-03 0.000000000000000000e+00 0.000000000000000000e+00 0.000000000000000000e+00 0.000000000000000000e+00
0.000000000000000000e+00 4.040322362980171798e-03 0.000000000000000000e+00 0.000000000000000000e+00 0.000000000000000000e+00 0.000000000000000000e+00 0.000000000000000000e+00 0.000000000000000000e+00 0.000000000000000000e+00 0.000000000000000000e+00 4.040322362980171798e-03 2.020161181490085639e-02 1.212096708894051279e-02 0.000000000000000000e+00 0.000000000000000000e+00 4.040322362980171798e-03 0.000000000000000000e+00
0.000000000000000000e+00 0.000000000000000000e+00 0.000000000000000000e+00 0.000000000000000000e+00 0.000000000000000000e+00 0.000000000000000000e+00 0.000000000000000000e+00 0.000000000000000000e+00 0.000000000000000000e+00 0.000000000000000000e+00 4.040322362980171798e-03 1.212096708894051279e-02 4.040322362980171798e-03 4.040322362980171798e-03 4.040322362980171798e-03 0.000000000000000000e+00 0.000000000000000000e+00
4.040322362980171798e-03 0.000000000000000000e+00 0.000000000000000000e+00 0.000000000000000000e+00 0.000000000000000000e+00 0.000000000000000000e+00 0.000000000000000000e+00 0.000000000000000000e+00 0.000000000000000000e+00 0.000000000000000000e+00 0.000000000000000000e+00 0.000000000000000000e+00 8.080644725960343597e-03 0.000000000000000000e+00 8.080644725960343597e-03 4.040322362980171798e-03 0.000000000000000000e+00
0.000000000000000000e+00 0.000000000000000000e+00 0.000000000000000000e+00 0.000000000000000000e+00 0.000000000000000000e+00 0.000000000000000000e+00 0.000000000000000000e+00 0.000000000000000000e+00 0.000000000000000000e+00 0.000000000000000000e+00 4.040322362980171798e-03 0.000000000000000000e+00 0.000000000000000000e+00 4.040322362980171798e-03 0.000000000000000000e+00 0.000000000000000000e+00 0.000000000000000000e+00
0.000000000000000000e+00 0.000000000000000000e+00 0.000000000000000000e+00 0.000000000000000000e+00 0.000000000000000000e+00 0.000000000000000000e+00 0.000000000000000000e+00 0.000000000000000000e+00 0.000000000000000000e+00 0.000000000000000000e+00 0.000000000000000000e+00 0.000000000000000000e+00 0.000000000000000000e+00 0.000000000000000000e+00 0.000000000000000000e+00 0.000000000000000000e+00 0.000000000000000000e+00
0.000000000000000000e+00 0.000000000000000000e+00 0.000000000000000000e+00 0.000000000000000000e+00 0.000000000000000000e+00 0.000000000000000000e+00 0.000000000000000000e+00 0.000000000000000000e+00 0.000000000000000000e+00 0.000000000000000000e+00 4.040322362980171798e-03 0.000000000000000000e+00 0.000000000000000000e+00 0.000000000000000000e+00 0.000000000000000000e+00 0.000000000000000000e+00 4.040322362980171798e-03
0.000000000000000000e+00 0.000000000000000000e+00 0.000000000000000000e+00 0.000000000000000000e+00 0.000000000000000000e+00 0.000000000000000000e+00 0.000000000000000000e+00 0.000000000000000000e+00 0.000000000000000000e+00 0.000000000000000000e+00 0.000000000000000000e+00 0.000000000000000000e+00 0.000000000000000000e+00 4.040322362980171798e-03 4.040322362980171798e-03 0.000000000000000000e+00 8.080644725960343597e-03
0.000000000000000000e+00 0.000000000000000000e+00 4.040322362980171798e-03 0.000000000000000000e+00 0.000000000000000000e+00 0.000000000000000000e+00 0.000000000000000000e+00 0.000000000000000000e+00 0.000000000000000000e+00 4.040322362980171798e-03 4.040322362980171798e-03 0.000000000000000000e+00 8.080644725960343597e-03 8.080644725960343597e-03 0.000000000000000000e+00 0.000000000000000000e+00 8.080644725960343597e-03
0.000000000000000000e+00 0.000000000000000000e+00 4.040322362980171798e-03 0.000000000000000000e+00 0.000000000000000000e+00 0.000000000000000000e+00 0.000000000000000000e+00 4.040322362980171798e-03 0.000000000000000000e+00 0.000000000000000000e+00 0.000000000000000000e+00 0.000000000000000000e+00 0.000000000000000000e+00 1.616128945192068719e-02 4.040322362980171798e-03 0.000000000000000000e+00 1.218713791349852402e-02
1.212096708894051279e-02 0.000000000000000000e+00 0.000000000000000000e+00 0.000000000000000000e+00 4.040322362980171798e-03 4.040322362980171798e-03 4.040322362980171798e-03 0.000000000000000000e+00 0.000000000000000000e+00 0.000000000000000000e+00 0.000000000000000000e+00 0.000000000000000000e+00 4.040322362980171798e-03 1.616128945192068719e-02 4.040322362980171798e-03 0.000000000000000000e+00 2.430810500243903854e-02
4.040322362980171278e-02 1.212096708894051279e-02 4.040322362980171798e-03 4.040322362980171798e-03 0.000000000000000000e+00 4.040322362980171798e-03 0.000000000000000000e+00 4.040322362980171798e-03 0.000000000000000000e+00 0.000000000000000000e+00 0.000000000000000000e+00 8.080644725960343597e-03 1.262262541419966605e-02 2.020161181490085639e-02 4.040322362980171798e-03 6.002380963404437691e-03 1.012828804641146413e-02
7.287971425998600317e-02 5.272795568971066354e-02 3.636290126682154011e-02 4.040322362980171798e-03 8.222951511673707789e-03 8.080644725960343597e-03 4.040322362980171798e-03 4.040322362980171798e-03 0.000000000000000000e+00 0.000000000000000000e+00 0.000000000000000000e+00 0.000000000000000000e+00 0.000000000000000000e+00 4.040322362980171798e-03 0.000000000000000000e+00 4.040322362980171798e-03 8.080644725960343597e-03
8.338594876398819356e-02 5.252419071874222384e-02 4.040322362980171278e-02 8.080644725960343597e-03 8.080644725960343597e-03 9.679997767644216503e-03 0.000000000000000000e+00 4.040322362980171798e-03 0.000000000000000000e+00 0.000000000000000000e+00 0.000000000000000000e+00 4.040322362980171798e-03 1.215732677038886683e-02 1.616128945192068719e-02 4.040322362980171798e-03 8.080644725960343597e-03 8.146815550518353086e-03
