4.368136423799294163e-03 3.494509139039436024e-03 8.736272847598590061e-04 1.747254569519718012e-03 0.000000000000000000e+00 0.000000000000000000e+00 8.736272847598588326e-03 5.241763708559154036e-03 1.579470610082039234e-02 6.965055947464828326e-03 9.582791856336857553e-03 8.736272847598590061e-04 2.620881854279577018e-03 8.736272847598590061e-04 8.736272847598590061e-04 8.736272847598590061e-04 2.620881854279577018e-03
1.747254569519718012e-03 8.736272847598590061e-04 8.736272847598590061e-04 8.736272847598590061e-04 1.747254569519718012e-03 8.736272847598590061e-04 1.747254569519718012e-03 3.243553737387818922e-03 1.047983325177429849e-02 5.289747564506280288e-03 1.049658380310663705e-02 2.620881854279577018e-03 4.368136423799294163e-03 2.620881854279577018e-03 0.000000000000000000e+00 8.736272847598590061e-04 0.000000000000000000e+00
3.507565525027764568e-03 2.620881854279577018e-03 1.747254569519718012e-03 0.000000000000000000e+00 2.620881854279577018e-03 2.809339269875758566e-03 5.289747564506280288e-03 8.924730263194772042e-03 1.188994932889612943e-02 3.058033633042411392e-03 9.635617781161674375e-03 2.632153444302667497e-03 3.494509139039436024e-03 2.620881854279577018e-03 8.736272847598590061e-04 0.000000000000000000e+00 0.000000000000000000e+00
3.913789546009228265e-03 3.494509139039436024e-03 8.736272847598590061e-04 1.747254569519718012e-03 0.000000000000000000e+00 1.569328057750396088e-03 9.833079770096101249e-03 7.693347325927853836e-03 2.383254744544965192e-02 8.666266516564531328e-03 1.228217634195466999e-02 5.284387797333480255e-03 1.747254569519718012e-03 1.747254569519718012e-03 1.747254569519718012e-03 8.736272847598590061e-04 2.620881854279577018e-03
8.736272847598590061e-04 1.747254569519718012e-03 0.000000000000000000e+00 0.000000000000000000e+00 9.768546340923282140e-04 1.747254569519718012e-03 6.115390993319013042e-03 3.494509139039436024e-03 2.322762330800964836e-02 9.165774152571271385e-03 1.223078198663802608e-02 2.620881854279577018e-03 1.262795207575567128e-03 0.000000000000000000e+00 8.736272847598590061e-04 0.000000000000000000e+00 8.736272847598590061e-04
0.000000000000000000e+00 8.736272847598590061e-04 8.736272847598590061e-04 8.736272847598590061e-04 8.736272847598590061e-04 1.747254569519718012e-03 4.193499790691161688e-03 6.265574900566198320e-03 2.094830032918612583e-02 8.732321200124923063e-03 6.939319212520092886e-03 2.136422492335425700e-03 1.262795207575567128e-03 0.000000000000000000e+00 0.000000000000000000e+00 8.736272847598590061e-04 0.000000000000000000e+00
0.000000000000000000e+00 8.736272847598590061e-04 0.000000000000000000e+00 0.000000000000000000e+00 8.736272847598590061e-04 8.736272847598590061e-04 2.620881854279577018e-03 3.494509139039436024e-03 1.135715470187816621e-02 3.494509139039436024e-03 5.241763708559154036e-03 2.620881854279577018e-03 1.747254569519718012e-03 8.736272847598590061e-04 8.736272847598590061e-04 0.000000000000000000e+00 8.736272847598590061e-04
0.000000000000000000e+00 0.000000000000000000e+00 0.000000000000000000e+00 0.000000000000000000e+00 0.000000000000000000e+00 8.736272847598590061e-04 8.736272847598590061e-04 2.620881854279577018e-03 1.148487219685411127e-02 2.620881854279577018e-03 3.494509139039436024e-03 1.747254569519718012e-03 0.000000000000000000e+00 0.000000000000000000e+00 8.736272847598590061e-04 0.000000000000000000e+00 0.000000000000000000e+00
0.000000000000000000e+00 0.000000000000000000e+00 0.000000000000000000e+00 0.000000000000000000e+00 0.000000000000000000e+00 0.000000000000000000e+00 0.000000000000000000e+00 0.000000000000000000e+00 0.000000000000000000e+00 0.000000000000000000e+00 0.000000000000000000e+00 0.000000000000000000e+00 0.000000000000000000e+00 0.000000000000000000e+00 0.000000000000000000e+00 0.000000000000000000e+00 0.000000000000000000e+00
8.736272847598590061e-04 1.747254569519718012e-03 1.747254569519718012e-03 8.736272847598590061e-04 0.000000000000000000e+00 8.736272847598590061e-04 2.620881854279577018e-03 1.747254569519718012e-03 1.119619400480349747e-02 3.494509139039436024e-03 7.033718521322829091e-03 0.000000000000000000e+00 8.736272847598590061e-04 8.736272847598590061e-04 8.736272847598590061e-04 8.736272847598590061e-04 0.000000000000000000e+00
8.736272847598590061e-04 8.736272847598590061e-04 8.736272847598590061e-04 8.736272847598590061e-04 0.000000000000000000e+00 0.000000000000000000e+00 2.777721533478272331e-03 1.747254569519718012e-03 1.082170730629021006e-02 4.368136423799294163e-03 6.989018278078872048e-03 0.000000000000000000e+00 2.620881854279577018e-03 8.736272847598590061e-04 0.000000000000000000e+00 1.747254569519718012e-03 0.000000000000000000e+00
1.747254569519718012e-03 8.736272847598590061e-04 0.000000000000000000e+00 0.000000000000000000e+00 1.392967626491503153e-03 1.392967626491503153e-03 5.746710518547151758e-03 3.526671205356277008e-03 1.501346097477775608e-02 4.881450328052609235e-03 7.672646704696095728e-03 0.000000000000000000e+00 1.360339971472149159e-03 8.736272847598590061e-04 8.736272847598590061e-04 2.791196376643486059e-03 1.747254569519718012e-03
1.760310955508046773e-03 1.770633350379385634e-03 2.620881854279577018e-03 0.000000000000000000e+00 1.770633350379385634e-03 1.747254569519718012e-03 7.012397058938539020e-03 4.368136423799294163e-03 1.648707575234854492e-02 8.746697672551474040e-03 1.139089617347841150e-02 2.620881854279577018e-03 5.241763708559154036e-03 1.747254569519718012e-03 2.620881854279577018e-03 3.506436661689638773e-03 3.494509139039436024e-03
4.334157913750579481e-03 1.747254569519718012e-03 2.246330393866033479e-03 8.736272847598590061e-04 4.368136423799294163e-03 1.747254569519718012e-03 8.831287733936472525e-03 4.827998247438364948e-03 2.043682824168319492e-02 1.310366219406177909e-02 1.317239586414318056e-02 3.493762061703329595e-03 4.915176067637993564e-03 8.736272847598590061e-04 4.915176067637993564e-03 2.075580256518302739e-03 4.368136423799294163e-03
3.494509139039436024e-03 1.747254569519718012e-03 8.736272847598590061e-04 0.000000000000000000e+00 4.368136423799294163e-03 2.620881854279577018e-03 6.149818448287699101e-03 2.620881854279577018e-03 1.377594096053847209e-02 8.477817020641150586e-03 8.736272847598588326e-03 2.620881854279577018e-03 2.620881854279577018e-03 8.736272847598590061e-04 8.736272847598590061e-04 8.736272847598590061e-04 1.386941189013173210e-03
1.794008534430604736e-03 1.747254569519718012e-03 1.747254569519718012e-03 8.736272847598590061e-04 5.048520822342019050e-03 9.609900132358448199e-03 8.750666379342235401e-03 4.368136423799294163e-03 1.259442885302464524e-02 4.869963879832138291e-03 7.412460087548697514e-03 2.710969833580858558e-03 6.989018278078872048e-03 1.837342548820999552e-03 2.620881854279577018e-03 5.241763708559154036e-03 3.595021943293601977e-03
3.541833715359370138e-03 8.736272847598590061e-04 2.620881854279577018e-03 5.241763708559154036e-03 5.203269335310626437e-03 9.681697529773942990e-03 1.393594916193797301e-02 2.713250878448345265e-03 1.538495877776575871e-02 1.050593004745382225e-02 1.370765665973308102e-02 6.204731895284188586e-03 8.736272847598588326e-03 3.178110974691054479e-03 4.915176067637993564e-03 4.854849110511584749e-03 4.367389346463189034e-03
