6.799413886742594311e-04 6.799413886742594311e-04 6.799413886742594311e-04 6.799413886742594311e-04 1.390887558024665911e-03 1.622072451602886390e-03 6.799413886742594311e-04 0.000000000000000000e+00 0.000000000000000000e+00 0.000000000000000000e+00 2.039824166022777968e-03 3.399706943371296614e-03 4.759589720719816126e-03 2.070828946698925234e-03 2.039824166022777968e-03 2.301160763142847104e-03 0.000000000000000000e+00
1.356313601749262665e-03 6.799413886742594311e-04 0.000000000000000000e+00 6.799413886742594311e-04 2.070828946698925234e-03 1.359882777348518862e-03 2.762151177771787758e-03 1.359882777348518862e-03 0.000000000000000000e+00 6.799413886742594311e-04 5.439531109394075449e-03 3.399706943371296614e-03 4.098555771626859884e-03 6.799413886742594311e-04 1.103051996543342279e-03 2.039824166022777968e-03 0.000000000000000000e+00
2.679353395966320699e-03 1.368877468582996304e-03 0.000000000000000000e+00 9.570016703254186205e-04 6.799413886742594311e-04 0.000000000000000000e+00 0.000000000000000000e+00 6.799413886742594311e-04 0.000000000000000000e+00 6.799413886742594311e-04 1.787902771570107786e-03 1.107961382895848463e-03 1.787902771570107786e-03 6.799413886742594311e-04 6.799413886742594311e-04 6.799413886742594311e-04 0.000000000000000000e+00
0.000000000000000000e+00 0.000000000000000000e+00 0.000000000000000000e+00 0.000000000000000000e+00 6.799413886742594311e-04 6.799413886742594311e-04 0.000000000000000000e+00 0.000000000000000000e+00 0.000000000000000000e+00 0.000000000000000000e+00 3.147785548918626865e-03 2.985960461924016575e-03 2.985960461924016575e-03 1.626077684575497929e-03 0.000000000000000000e+00 1.359882777348518862e-03 0.000000000000000000e+00
2.948319078927313062e-03 6.799413886742594311e-04 6.799413886742594311e-04 2.741887912053002276e-03 2.070828946698925234e-03 4.378830971052681195e-03 7.463673520985719505e-03 1.359882777348518862e-03 0.000000000000000000e+00 1.359882777348518862e-03 7.485993729835820933e-03 4.358963158876371681e-03 3.829456005659347302e-03 2.070828946698925234e-03 6.799413886742594311e-04 4.079648332045555936e-03 2.683705929601178791e-03
4.451324131010625518e-03 1.387814825487353838e-03 3.396137767772040850e-03 2.039824166022777968e-03 2.795520073471817728e-03 1.659464899158567082e-03 7.521740898491603884e-03 5.439531109394075449e-03 0.000000000000000000e+00 2.039824166022777968e-03 8.933267992594789292e-03 2.451553931493257940e-03 1.630711611382492125e-03 2.039824166022777968e-03 6.799413886742594311e-04 3.407837024415049341e-03 2.039824166022777968e-03
3.399706943371296614e-03 1.435637296123298649e-03 6.799413886742594311e-04 1.359882777348518862e-03 6.799413886742594311e-04 3.399706943371296614e-03 1.359882777348518862e-03 0.000000000000000000e+00 0.000000000000000000e+00 1.359882777348518862e-03 4.239456703063366159e-03 9.461362959012383899e-04 6.799413886742594311e-04 2.039824166022777968e-03 0.000000000000000000e+00 6.799413886742594311e-04 6.799413886742594311e-04
1.398970471953970727e-03 0.000000000000000000e+00 6.799413886742594311e-04 7.750247233239130522e-04 6.799413886742594311e-04 4.079648332045555936e-03 6.481411679083096469e-03 2.034965855915867820e-03 0.000000000000000000e+00 1.373002696952355106e-03 5.867551103615665023e-03 3.679021770202112792e-03 2.039824166022777968e-03 4.079648332045555936e-03 1.359882777348518862e-03 2.049952726500581333e-03 1.815664062041106881e-03
3.210917946287231498e-03 2.479844171857399117e-03 4.320003078850647577e-03 4.779959954545080422e-03 5.020407241907902732e-03 6.936936811941349541e-03 1.947525071529905560e-02 9.462336321738953199e-03 0.000000000000000000e+00 4.772709640323652587e-03 1.499764188722858826e-02 4.822030469706973556e-03 2.485476890237563272e-03 4.767719801763567987e-03 3.396137767772040850e-03 3.417965584892852272e-03 4.759589720719816126e-03
6.115339997772367350e-03 6.260151135049539517e-03 8.155164163795143584e-03 4.805872142353635051e-03 3.599767872143270608e-03 2.719765554697037725e-03 4.226517708600578335e-03 2.039824166022777968e-03 0.000000000000000000e+00 1.359882777348518862e-03 6.625619360178684747e-03 3.360059212972266000e-03 6.799413886742594311e-04 1.376324495386178643e-03 6.799413886742594311e-04 7.106344362758397004e-04 6.799413886742594311e-04
6.779221544432740415e-03 5.912006158465344177e-03 5.156310251016304851e-03 1.614703412704530591e-03 9.195222784963984512e-04 2.034965855915867820e-03 2.244614482711190708e-03 6.799413886742594311e-04 0.000000000000000000e+00 6.799413886742594311e-04 2.451553931493257940e-03 6.799413886742594311e-04 0.000000000000000000e+00 1.355024467241608497e-03 0.000000000000000000e+00 0.000000000000000000e+00 0.000000000000000000e+00
9.514448117229963586e-03 1.432999213482589670e-02 9.154320360815038082e-03 1.259416752918465082e-02 7.692935811221980787e-03 8.131396740452330463e-03 1.347370646455828096e-02 1.390016784578168921e-03 0.000000000000000000e+00 1.359882777348518862e-03 3.864617787150509583e-03 0.000000000000000000e+00 2.036254990423522204e-03 2.039824166022777968e-03 1.356313601749262665e-03 6.799413886742594311e-04 2.039824166022777968e-03
1.851048124723632740e-02 2.308720489303174583e-02 2.655748646480944261e-02 2.363888788721560039e-02 1.972417210639099486e-02 1.019912083011389158e-02 1.879960101369606076e-02 2.618405363068509149e-03 0.000000000000000000e+00 6.799413886742594311e-04 2.835618067055972573e-03 2.000176435623747355e-03 1.374434985760637946e-03 1.320235046949488032e-03 0.000000000000000000e+00 0.000000000000000000e+00 2.550714327903710627e-03
1.631859332818222375e-02 1.504953630349923840e-02 1.803909898912816820e-02 1.608193149144651266e-02 7.852084916593331243e-03 2.889254268898598654e-03 4.074790021938646221e-03 0.000000000000000000e+00 0.000000000000000000e+00 0.000000000000000000e+00 6.799413886742594311e-04 6.799413886742594311e-04 6.799413886742594311e-04 1.355024467241608497e-03 0.000000000000000000e+00 0.000000000000000000e+00 1.359882777348518862e-03
1.274645169918285637e-02 8.177099078230462212e-03 9.810148182913725270e-03 1.179684682023185091e-02 6.318117940577933946e-03 2.704199422433075078e-03 2.959346444519177395e-03 0.000000000000000000e+00 0.000000000000000000e+00 0.000000000000000000e+00 6.799413886742594311e-04 1.359882777348518862e-03 1.338943903130627132e-03 1.359882777348518862e-03 1.359882777348518862e-03 0.000000000000000000e+00 6.799413886742594311e-04
1.661541721224958287e-02 1.486995612430519996e-02 1.112120514584793995e-02 1.496917292087216259e-02 1.144308525016063914e-02 8.845508782744518697e-03 9.340022544729447221e-03 6.799413886742594311e-04 0.000000000000000000e+00 0.000000000000000000e+00 6.799413886742594311e-04 6.799413886742594311e-04 2.018885291804886888e-03 6.799413886742594311e-04 6.944935970863786237e-04 0.000000000000000000e+00 6.799413886742594311e-04
1.825187235616987369e-02 1.811852949078372396e-02 1.485216541279857881e-02 1.329296767576303509e-02 1.213239985810154152e-02 5.461367971637182996e-03 7.479355275416853417e-03 6.799413886742594311e-04 0.000000000000000000e+00 0.000000000000000000e+00 6.799413886742594311e-04 6.799413886742594311e-04 6.799413886742594311e-04 6.799413886742594311e-04 6.944935970863786237e-04 0.000000000000000000e+00 0.000000000000000000e+00
