6.397854885491928824e-04 1.669499130051725969e-03 2.491808998128914460e-03 1.443210744299768845e-03 2.683900721322057554e-03 4.684309949399197495e-03 1.608733840866041287e-03 2.638967592542242144e-03 4.973742202374687067e-03 3.990925401663719847e-03 2.489152438165759436e-03 6.109888565569925913e-03 6.319839835392176280e-03 2.892523896686850782e-03 3.125349838555997999e-03 5.782935817905072128e-03 3.643980088820006694e-03
4.672604006073727907e-04 1.405895199929357029e-03 1.605045748433369572e-03 1.669788951809441984e-03 1.775800110548585165e-03 3.854090702148723832e-03 1.235656369803039660e-03 1.058885527127780739e-03 5.666578604081966113e-03 4.015460999428965144e-03 7.148162220783232414e-04 3.826399560959163528e-03 5.675545586650032961e-03 2.173829186622853408e-03 2.270017405877550361e-03 4.802284354926802772e-03 3.145696673610444676e-03
1.647541826404053025e-03 1.377189147744574838e-03 1.871146172171473656e-03 2.194291431494241936e-03 3.140506568645897671e-03 4.253453806430241950e-03 1.607776938291018230e-03 2.613790593366027270e-03 7.446177518818665984e-03 4.822794793214138509e-03 1.292012471011093995e-03 4.968673228753989549e-03 4.554301700931768539e-03 1.864912502688492865e-03 2.347655285782927412e-03 4.377524711995592517e-03 2.921476178005993300e-03
2.059427283005066281e-04 7.125921713151236103e-04 6.178281849015198300e-04 8.883314337740836177e-04 1.758962647910481975e-03 3.900170003061778808e-03 5.998830241550261264e-04 2.668647944971716448e-03 1.017866319205622955e-02 3.629674800044297572e-03 1.228934080956842244e-03 5.723927506058932788e-03 5.245871855856323353e-03 1.057403459739521137e-03 1.844507629455350694e-03 2.884633883025283698e-03 1.264512531142891359e-03
6.546945986843984329e-04 8.791458572083858843e-04 1.405556929402633493e-03 1.066580055285411581e-03 2.283441704633923462e-03 2.641377503549027003e-03 8.058257524555325919e-04 2.580817519420213445e-03 9.240309166106644434e-03 3.630508581892551677e-03 1.533032184589328993e-03 5.030293989760719481e-03 3.961988509716989591e-03 1.598806310514465628e-03 2.204029591525730018e-03 2.684285842723759495e-03 1.802320660483298096e-03
8.058257524555325919e-04 1.291031313809399032e-03 1.668406613888797534e-03 1.441599098103546342e-03 2.892711074922502731e-03 3.433279909493833996e-03 1.653234234255651289e-03 3.085040607705470846e-03 9.148300148023581074e-03 3.477873181291875858e-03 9.105606493059089897e-04 3.843582297819519815e-03 3.894779471474513199e-03 9.017620074960384750e-04 1.998086863225223119e-03 2.628718136486669563e-03 1.677809872514348689e-03
1.317446511127546866e-03 1.715738541856254816e-03 1.010549243322035606e-03 8.237709132020265123e-04 1.959159365778822409e-03 3.003364003231168491e-03 1.034594671619435855e-03 2.402136424447986335e-03 7.113320871598701432e-03 2.730594331804036753e-03 4.227528971666308973e-04 3.628832870178776929e-03 4.020911184693299126e-03 1.057403459739520921e-03 1.441599098103546342e-03 2.103780308996972947e-03 9.818249255770994041e-04
8.237709132020265123e-04 8.093942469319737390e-04 2.059427283005066281e-04 6.726397594308922449e-04 1.029713641502532978e-03 1.243018326486967483e-03 6.178281849015198300e-04 1.693697400184346899e-03 3.778142047620645667e-03 8.511913877236865471e-04 4.118854566010132561e-04 1.038713048500759534e-03 1.081446884539980554e-03 2.059427283005066281e-04 4.118854566010132561e-04 8.407217250338861218e-04 6.178281849015198300e-04
0.000000000000000000e+00 0.000000000000000000e+00 0.000000000000000000e+00 0.000000000000000000e+00 0.000000000000000000e+00 0.000000000000000000e+00 0.000000000000000000e+00 0.000000000000000000e+00 0.000000000000000000e+00 0.000000000000000000e+00 0.000000000000000000e+00 0.000000000000000000e+00 0.000000000000000000e+00 0.000000000000000000e+00 0.000000000000000000e+00 0.000000000000000000e+00 0.000000000000000000e+00
6.225446128167699258e-04 1.486488610908820278e-03 4.356510859426127882e-04 4.118854566010132561e-04 3.450528832827582520e-03 3.880209338550764595e-03 4.118854566010132561e-04 3.119131530119972039e-03 8.459965213000218004e-03 2.953201910282351583e-03 4.118854566010132561e-04 1.923499547009094876e-03 1.051483272198403983e-03 0.000000000000000000e+00 2.059427283005066281e-04 6.354898023684337795e-04 0.000000000000000000e+00
1.461096304295200635e-03 3.058903470066165649e-03 2.041574454732501646e-03 1.561396677145879784e-03 7.535300481901683473e-03 6.891196976043037666e-03 1.829205840551386287e-03 4.820339098724377505e-03 1.096751076310675463e-02 3.026614648027806283e-03 4.679448199145307781e-04 2.362467752360224507e-03 2.183010360114473816e-03 4.118854566010132561e-04 4.672604006073727907e-04 1.197785718470264441e-03 2.400447879663510434e-04
2.811797941200714149e-03 6.858120605198313874e-03 3.176292365937963789e-03 3.086257120222014871e-03 1.127212947717417570e-02 8.826736276082196991e-03 1.402059265423258230e-03 6.826983716066475222e-03 1.420920695440782561e-02 4.133099070637247241e-03 9.065147420648149521e-04 3.535073063054574270e-03 4.478700565915986337e-03 1.597305259008660692e-03 1.380243697213979224e-03 1.498196544669282582e-03 1.341868345595379972e-03
3.334393853616642815e-03 6.857349497951180720e-03 5.440269566362783242e-03 5.136392128065912083e-03 1.331893016069288053e-02 9.581465625349602777e-03 1.876830426959138305e-03 6.760580750597777917e-03 1.371134035295931697e-02 3.507290470072262512e-03 1.226417362537867393e-03 5.453915814659935149e-03 6.115752073641780515e-03 2.067424099542158368e-03 1.140021481307950703e-03 3.218579356443629445e-03 1.785424486845347321e-03
5.273985641777396982e-03 8.797030142464329350e-03 8.200837665156789774e-03 7.871024456085822657e-03 1.617607684954722874e-02 1.203003239661359393e-02 1.881649390944078104e-03 7.070405745227875162e-03 1.286654475329549255e-02 3.707299082334606418e-03 1.665613519732403632e-03 5.253691291196199535e-03 3.164228696598098915e-03 6.178281849015198300e-04 8.237709132020265123e-04 2.103934892866955730e-03 8.278789264309836761e-04
6.140463022621412206e-03 9.725893006491879295e-03 6.863040517185282387e-03 6.572659868664169902e-03 1.395717268093893230e-02 7.751343083752265488e-03 1.506210169874248363e-03 5.590696467638563323e-03 8.672630481100979116e-03 2.981834444988233808e-03 1.051670945150206139e-03 4.006723907096456337e-03 3.102782216346128188e-03 1.029713641502532978e-03 9.011031608560591535e-04 2.121984946784881768e-03 1.503121632291050738e-03
1.026179397656374476e-02 1.161746306008730988e-02 8.975755790931863598e-03 5.944143247917103336e-03 1.373586095136790884e-02 1.004932362527915547e-02 1.962173384745525152e-03 8.050214673808534990e-03 9.433635891102224239e-03 2.977827286883283353e-03 1.964369165027372507e-03 5.600482663005077431e-03 5.670865833947181037e-03 1.161304195914597201e-03 1.647541826404053025e-03 4.851766353117083728e-03 2.891627559597893544e-03
1.358990587645824560e-02 1.377716676329464492e-02 9.829352830437542918e-03 7.758835704313764813e-03 1.335005380938694003e-02 1.192548064571400529e-02 5.190280671243671130e-03 8.725508702499183700e-03 1.103537237798536685e-02 2.512303519327680704e-03 1.871556248032910314e-03 5.376631802639146758e-03 4.817018322451478013e-03 2.592719703568887452e-03 2.565966317425487624e-03 3.790589449095493023e-03 2.707461805684042468e-03
