1.276752622390726986e-03 1.163336631922719721e-03 6.167919627170258875e-04 9.933118244353528626e-04 1.369737117949133961e-03 9.706267012748291548e-04 3.635890483645850060e-04 7.773934418293909198e-04 1.362159236354768595e-03 1.599400482193697685e-03 3.259360839114642887e-04 2.087237423565442736e-03 4.039870432965762294e-03 1.598892757236605646e-03 1.532168464604107992e-03 4.656595912163144849e-03 3.618310393826773292e-03
1.252882810530724002e-03 2.069373733477175917e-03 1.087302546229257198e-03 9.999623464735291935e-04 2.832320481348644253e-03 2.478584415064966594e-03 8.367004546180735556e-04 1.506220661561043965e-03 4.760301860643681091e-03 3.853851496182319342e-03 7.994405604237809528e-04 4.098203589273960272e-03 8.079191100267510764e-03 2.421861813033014156e-03 1.923480572957379439e-03 7.516694607188270996e-03 4.636437290446782274e-03
6.084846635773257482e-04 9.773920093874659525e-04 4.967304847277553533e-04 5.301720854325987992e-04 1.034559445511249419e-03 5.623288275854749357e-04 1.325533657511651837e-04 8.202340240310779977e-04 1.542926245091026920e-03 1.138093915822007167e-03 1.480153433505370329e-04 1.118728781933955993e-03 2.994817347295172967e-03 9.769080610379226193e-04 4.913049465000369001e-04 2.429564693813350898e-03 2.166576590604654944e-03
1.207014499113798862e-03 1.108552032840351810e-03 4.884540305189613097e-04 6.552970803419583441e-04 1.590295212384618606e-03 9.076960199881978827e-04 1.744115752546571900e-04 9.791659184704680236e-04 2.260472197717439125e-03 7.925929140289952358e-04 1.862714926742349651e-04 2.171752959510609305e-03 3.024709541475221856e-03 7.011223394749429346e-04 8.067585733053655051e-04 2.791791606940592901e-03 1.925315029054467742e-03
1.458042649593149342e-03 2.635771188169185823e-03 1.210202712800652553e-03 1.421894045998569689e-03 7.040668365117886372e-03 6.532756218263647413e-03 1.215013574426239461e-03 6.179360313923275456e-03 1.951942260960531916e-02 8.266206690061460999e-03 2.059676712067508124e-03 1.158623957742642083e-02 1.538509051011538280e-02 2.194034854381566452e-03 2.566798789779198547e-03 7.910792086998802083e-03 3.646023439848210777e-03
1.088874655914965663e-03 2.332008075591735126e-03 1.208132490652601664e-03 9.295004619123052678e-04 6.374779229971315984e-03 8.355623902816262244e-03 1.842561170933172286e-03 5.613648794237892196e-03 2.000910822421893970e-02 9.580235051461879342e-03 1.671475129615974378e-03 9.041551013163699399e-03 1.233055967484754205e-02 2.443643361604953129e-03 1.344014819957907491e-03 4.891877290479588504e-03 2.770229264624468959e-03
3.997343442580168467e-04 7.021996980542267574e-04 2.664294711921606947e-04 1.722258869793636261e-04 1.399544979637012748e-03 1.389923964246231845e-03 9.001719621283492249e-05 1.105703446123723665e-03 3.306366670270068867e-03 1.305181125718756028e-03 1.673759875023758670e-04 1.742199917276035992e-03 1.983174298781742277e-03 3.672627446447415201e-04 3.286983428334989380e-04 1.184045666487400965e-03 6.606776890288353207e-04
1.169093790872306185e-03 2.130522579694757619e-03 6.663557768881292259e-04 1.011408632666446024e-03 6.709697994491990204e-03 5.475028993411091074e-03 8.983520387288644561e-04 6.958513906173406649e-03 1.702643195886895458e-02 4.446062405002196467e-03 1.458245857480625291e-03 9.421043184458131534e-03 7.267621352202887665e-03 6.667483917442065117e-04 1.587932122083596503e-03 3.519320552897158005e-03 1.030386992358182929e-03
2.568504283462434614e-03 4.705960333139928321e-03 1.898052949983315219e-03 1.925884335350917711e-03 1.896998654429695938e-02 2.033310932698585011e-02 3.465188960927576781e-03 1.710204553087583262e-02 0.000000000000000000e+00 1.698508482371702960e-02 3.583148644434635838e-03 2.142085446516867747e-02 1.982788372145083758e-02 1.818644700994043965e-03 1.836224106803075514e-03 4.958381993267017666e-03 1.457309429497612770e-03
2.425430668741725311e-03 4.083095894171230242e-03 1.477140077394633721e-03 7.034791775903449004e-04 7.503570091855918042e-03 9.890333693622988323e-03 1.322532904355405410e-03 4.410576719865374161e-03 1.680272431650835577e-02 6.731978868422446374e-03 8.769810365810976191e-04 6.154857812707483465e-03 7.292662346742279957e-03 1.266194527513455877e-03 8.529706175048983301e-04 2.205367045673194571e-03 1.215210146112619821e-03
2.752930019472842830e-03 2.067733239755364851e-03 9.426216123983624214e-04 4.532079290357337188e-04 2.013035218981359346e-03 1.818268400258382265e-03 1.317186495447713647e-04 1.670864529713521080e-03 3.334644458792433621e-03 9.196738487368719909e-04 9.645327703222159141e-05 1.415031357805466867e-03 1.384674966459248802e-03 1.775301629209392071e-04 3.794452748102880341e-04 7.683642144934942596e-04 4.018873901815594486e-04
5.079506837280554910e-03 5.512478431459474394e-03 1.997211321006995329e-03 2.831303778986187479e-03 1.190243614769329744e-02 8.428590216161095661e-03 1.664851812401284660e-03 1.030798634558773540e-02 2.087248636664424187e-02 5.199891609612824518e-03 1.967603037403635371e-03 9.052691495959233614e-03 6.864052190252079542e-03 1.116872275199010155e-03 1.449616018495209413e-03 2.830265318858834946e-03 1.107279354983147120e-03
5.119533462999935162e-03 8.286480238325608094e-03 3.256234134845901150e-03 2.531948610136093136e-03 1.458910787067333945e-02 1.105631777550361745e-02 1.839646109579825368e-03 8.103114557924380110e-03 1.976803375834902329e-02 5.778127119179450252e-03 1.065719454730459795e-03 7.019996780383274196e-03 7.982568728429857013e-03 1.664058246709204875e-03 1.383580564357066861e-03 3.159254138969215270e-03 1.673930698012062769e-03
3.773502365251891859e-03 3.468306466949909721e-03 1.987912607703510876e-03 1.169490356951505055e-03 3.352748716435463485e-03 2.560371341185737303e-03 1.803377352489466919e-04 7.743812091966310309e-04 2.129857031077437256e-03 7.753964754588823626e-04 9.379716082788449455e-05 1.133555425569657705e-03 1.743124492200391748e-03 7.168709328391251580e-04 6.202952103130165507e-04 1.284392851545954279e-03 1.129093226995640234e-03
4.295627983898957745e-03 3.708200010895583518e-03 1.018098787282350256e-03 2.646039635997695684e-03 4.168664697976020607e-03 2.094526498469072642e-03 8.766106229600278531e-04 1.281452706908723380e-03 2.017179260400491121e-03 8.443066576360051855e-04 1.318958503154045241e-04 6.922325365830908758e-04 1.320529088870315594e-03 6.087815489107251121e-04 5.641768616125925799e-04 1.073898668239064340e-03 6.859004713416982316e-04
6.097238753134711330e-03 7.516745590093775083e-03 3.440593032174814065e-03 3.134041295162759422e-03 9.088476992191747011e-03 5.006346810351018119e-03 1.853533755303808954e-03 4.688062850430606797e-03 5.055921289002740689e-03 1.582341478577650295e-03 7.817876998146886620e-04 2.545605265675928569e-03 3.198226797357082464e-03 1.303567951531595537e-03 1.137969825240318531e-03 2.291291127248333819e-03 1.611379324903875311e-03
4.519878374909299529e-03 6.007760361275604061e-03 3.852124372618303139e-03 3.579062923648507980e-03 5.354619707029189234e-03 4.442024807436027907e-03 2.309969214881083237e-03 2.694771905233069378e-03 2.388838333729928140e-03 7.138009601915834730e-04 2.349682547391170658e-04 8.332677917158218652e-04 1.664776235114631730e-03 1.154932479732722304e-03 6.285536867103082032e-04 1.552377257554422418e-03 1.436028906206180625e-03
