2.329031644828167928e-03 1.928802660989519923e-03 3.489341768018064914e-03 3.664160587681914490e-03 3.188123259011877656e-03 2.700323725385328326e-03 2.332060171424353394e-03 2.089153029012625045e-03 0.000000000000000000e+00 1.157281596593711954e-03 2.510572066230538826e-03 5.617218925632745143e-03 4.298553637870172577e-03 4.642697734736655514e-03 6.752142871606948982e-03 5.413672648442485920e-03 5.417643937113964317e-03
1.211277539822016485e-03 2.479423001028887609e-03 1.577281233837694472e-03 7.715210643958080776e-04 3.358093496536403936e-03 1.879377361418128065e-03 1.157281596593711954e-03 1.932612578513167928e-03 0.000000000000000000e+00 3.857605321979040388e-04 1.543042128791616155e-03 3.226203218468361861e-03 3.086084257583232311e-03 2.711824377663352246e-03 4.884202370071092508e-03 5.256492644359909809e-03 6.183669167444488107e-03
1.543042128791616155e-03 1.543042128791616155e-03 1.928802660989519923e-03 2.166784962694806409e-03 3.654387164836148897e-03 2.314563193187423908e-03 7.715210643958080776e-04 2.938306027090614378e-03 0.000000000000000000e+00 1.157281596593711954e-03 1.187181329150090473e-03 5.405853834709812081e-03 4.629126386374847815e-03 3.433154412633778168e-03 3.128134793349615465e-03 4.176915203185116963e-03 3.791154670987213413e-03
7.715210643958080776e-04 3.857605321979040388e-04 1.928802660989519923e-03 2.166784962694806409e-03 3.471844789781135861e-03 2.401102260908716084e-03 1.946299639226449192e-03 3.324066559288517929e-03 0.000000000000000000e+00 1.543042128791616155e-03 3.526852987061263912e-03 5.918888686716296428e-03 3.970431093944654967e-03 3.086084257583232311e-03 3.604325493528872087e-03 2.352940098266644801e-03 1.935623529293212372e-03
7.715210643958080776e-04 3.857605321979040388e-04 7.715210643958080776e-04 3.857605321979040388e-04 1.870491294395060580e-03 3.086084257583232311e-03 1.543042128791616155e-03 2.708360246037266883e-03 0.000000000000000000e+00 3.857605321979040388e-04 1.928802660989519923e-03 4.849890958304883294e-03 3.566958852466786244e-03 3.471844789781135861e-03 2.700323725385328326e-03 2.588722948479883507e-03 3.086084257583232311e-03
1.351319309921960189e-03 1.431577274313752769e-03 9.918207988875444702e-04 7.715210643958080776e-04 1.835020373725206738e-03 1.858455925969002172e-03 3.857605321979040388e-04 1.543042128791616155e-03 0.000000000000000000e+00 1.157281596593711954e-03 2.314563193187423908e-03 4.243365854176944264e-03 3.596858585023164547e-03 2.853901742986399235e-03 2.343127415546466565e-03 1.543042128791616155e-03 1.571606351150658595e-03
0.000000000000000000e+00 7.715210643958080776e-04 7.715210643958080776e-04 3.857605321979040388e-04 2.509508265196160309e-03 3.008611751115624136e-03 1.157281596593711954e-03 1.571606351150658595e-03 0.000000000000000000e+00 1.928802660989519923e-03 3.857605321979039846e-03 3.091290641522387739e-03 3.584670561746750549e-03 2.700323725385328326e-03 1.571606351150658595e-03 1.589417249765404843e-03 7.050704134039815357e-04
0.000000000000000000e+00 0.000000000000000000e+00 7.715210643958080776e-04 1.543042128791616155e-03 2.480944042837118085e-03 2.700323725385328326e-03 1.928802660989519923e-03 1.157281596593711954e-03 0.000000000000000000e+00 1.157281596593711954e-03 3.086084257583232311e-03 4.243365854176944264e-03 4.273574386148029820e-03 3.086084257583232311e-03 1.045680819688267352e-03 3.857605321979040388e-04 3.857605321979040388e-04
0.000000000000000000e+00 0.000000000000000000e+00 0.000000000000000000e+00 0.000000000000000000e+00 0.000000000000000000e+00 0.000000000000000000e+00 0.000000000000000000e+00 0.000000000000000000e+00 0.000000000000000000e+00 0.000000000000000000e+00 0.000000000000000000e+00 0.000000000000000000e+00 0.000000000000000000e+00 0.000000000000000000e+00 0.000000000000000000e+00 0.000000000000000000e+00 0.000000000000000000e+00
4.238582658503075272e-03 3.464283065015692775e-03 1.543042128791616155e-03 1.974894071062617204e-03 3.078522532817788791e-03 2.812607132126942154e-03 1.928802660989519923e-03 1.928802660989519923e-03 0.000000000000000000e+00 3.857605321979040388e-04 3.857605321979040388e-04 7.715210643958080776e-04 1.157281596593711954e-03 1.157281596593711954e-03 1.543042128791616155e-03 1.157281596593711954e-03 1.157281596593711954e-03
6.622611795416739021e-03 3.544432070988715044e-03 2.539303403587590997e-03 3.517936199854233142e-03 5.033826140446425249e-03 4.243365854176944264e-03 2.345977431622644268e-03 1.928802660989519923e-03 0.000000000000000000e+00 7.749236182792309342e-04 1.211277539822016485e-03 1.763341863283352439e-03 1.543042128791616155e-03 2.314563193187423908e-03 1.543042128791616155e-03 1.543042128791616155e-03 1.928802660989519923e-03
1.517973215032484245e-02 7.944327962455909400e-03 4.906712734334605849e-03 3.598962261884747216e-03 3.269918071693385300e-03 2.112636475099673346e-03 1.543042128791616155e-03 1.157281596593711954e-03 0.000000000000000000e+00 9.690094337395679762e-04 1.062835784343406018e-03 1.763341863283352439e-03 1.157281596593711954e-03 2.282262301228272974e-03 2.203098338709560521e-03 1.543042128791616155e-03 1.384016188437815764e-03
1.717077719461195320e-02 1.793113877598697878e-02 1.203475832650542990e-02 6.943689579562271723e-03 1.928802660989519923e-03 2.812607132126942154e-03 2.416219682329364283e-03 1.258938085735652763e-03 0.000000000000000000e+00 9.116109366278406971e-04 1.174300638821269404e-03 2.314563193187423908e-03 8.684555660736419189e-04 2.228266357999968660e-03 2.041086067731133751e-03 1.157281596593711954e-03 1.399232892824680110e-03
2.998554401995504048e-02 1.491339713729415532e-02 1.718572539073194572e-02 1.020347674619213017e-02 4.891803338110578721e-03 3.827634470821884849e-03 1.704677078727819331e-03 1.287502308094694986e-03 0.000000000000000000e+00 3.857605321979040388e-04 1.543042128791616155e-03 1.543042128791616155e-03 1.567247525303105179e-03 2.314563193187423908e-03 2.314563193187423908e-03 2.338753282337536436e-03 1.828013349527847281e-03
2.642812559072947598e-02 2.472659357089202967e-02 1.097714285353768200e-02 1.242131197747049949e-02 8.339705983974772530e-03 3.493919877083330721e-03 1.153622425982058419e-03 4.143247545569463705e-04 0.000000000000000000e+00 0.000000000000000000e+00 8.255170076241122833e-04 3.857605321979040388e-04 7.715210643958080776e-04 1.157281596593711954e-03 1.817337806511656537e-03 1.763326555921975727e-03 2.230912624268302676e-03
3.097479202338683513e-02 2.806976911333593575e-02 2.573444864442948551e-02 1.581412970988997288e-02 1.594008282953354033e-02 6.622286705634272165e-03 2.250925561781508006e-03 7.715210643958080776e-04 0.000000000000000000e+00 3.857605321979040388e-04 7.715210643958080776e-04 7.715210643958080776e-04 3.857605321979040388e-04 3.857605321979040388e-04 9.918207988875444702e-04 1.928802660989519923e-03 1.928802660989519923e-03
3.559418610901780161e-02 3.038611839041378132e-02 2.902682977452853211e-02 2.815585752769544578e-02 1.274437486516834597e-02 1.112567034414684020e-02 6.169559302639010881e-03 1.928802660989519923e-03 0.000000000000000000e+00 7.715210643958080776e-04 1.004301942181627400e-03 1.775823006577435369e-03 1.567247525303105179e-03 1.029067139238562132e-03 2.186348735832274303e-03 1.543042128791616155e-03 2.148277599431605567e-03
