4.511186127073510063e-03 0.000000000000000000e+00 0.000000000000000000e+00 0.000000000000000000e+00 0.000000000000000000e+00 0.000000000000000000e+00 0.000000000000000000e+00 0.000000000000000000e+00 0.000000000000000000e+00 0.000000000000000000e+00 0.000000000000000000e+00 0.000000000000000000e+00 0.000000000000000000e+00 0.000000000000000000e+00 0.000000000000000000e+00 0.000000000000000000e+00 0.000000000000000000e+00
8.677179467614155872e-03 9.022372254147020126e-03 4.511186127073510063e-03 0.000000000000000000e+00 0.000000000000000000e+00 0.000000000000000000e+00 0.000000000000000000e+00 0.000000000000000000e+00 0.000000000000000000e+00 0.000000000000000000e+00 0.000000000000000000e+00 0.000000000000000000e+00 0.000000000000000000e+00 0.000000000000000000e+00 0.000000000000000000e+00 0.000000000000000000e+00 4.511186127073510063e-03
0.000000000000000000e+00 4.511186127073510063e-03 9.022372254147020126e-03 9.022372254147020126e-03 4.511186127073510063e-03 0.000000000000000000e+00 0.000000000000000000e+00 0.000000000000000000e+00 0.000000000000000000e+00 0.000000000000000000e+00 0.000000000000000000e+00 0.000000000000000000e+00 0.000000000000000000e+00 0.000000000000000000e+00 0.000000000000000000e+00 0.000000000000000000e+00 0.000000000000000000e+00
0.000000000000000000e+00 0.000000000000000000e+00 0.000000000000000000e+00 0.000000000000000000e+00 0.000000000000000000e+00 0.000000000000000000e+00 0.000000000000000000e+00 0.000000000000000000e+00 0.000000000000000000e+00 0.000000000000000000e+00 0.000000000000000000e+00 0.000000000000000000e+00 0.000000000000000000e+00 0.000000000000000000e+00 0.000000000000000000e+00 0.000000000000000000e+00 0.000000000000000000e+00
1.353355838122053019e-02 1.353355838122053019e-02 4.511186127073510063e-03 9.022372254147020126e-03 1.208326761987805337e-02 0.000000000000000000e+00 0.000000000000000000e+00 0.000000000000000000e+00 0.000000000000000000e+00 0.000000000000000000e+00 0.000000000000000000e+00 0.000000000000000000e+00 0.000000000000000000e+00 0.000000000000000000e+00 0.000000000000000000e+00 0.000000000000000000e+00 9.022372254147020126e-03
1.533299228826416442e-02 9.428081407872721323e-03 2.009838741457955005e-02 3.618849338514542463e-02 1.835404496701575558e-02 0.000000000000000000e+00 0.000000000000000000e+00 0.000000000000000000e+00 0.000000000000000000e+00 0.000000000000000000e+00 0.000000000000000000e+00 0.000000000000000000e+00 0.000000000000000000e+00 0.000000000000000000e+00 4.511186127073510063e-03 0.000000000000000000e+00 4.511186127073510063e-03
9.022372254147020126e-03 4.511186127073510063e-03 4.511186127073510063e-03 1.353355838122053019e-02 9.022372254147020126e-03 0.000000000000000000e+00 0.000000000000000000e+00 0.000000000000000000e+00 0.000000000000000000e+00 0.000000000000000000e+00 0.000000000000000000e+00 0.000000000000000000e+00 0.000000000000000000e+00 0.000000000000000000e+00 0.000000000000000000e+00 0.000000000000000000e+00 0.000000000000000000e+00
1.804474450829404025e-02 1.353355838122053019e-02 0.000000000000000000e+00 1.353355838122053019e-02 7.572081492804543304e-03 0.000000000000000000e+00 0.000000000000000000e+00 0.000000000000000000e+00 0.000000000000000000e+00 0.000000000000000000e+00 0.000000000000000000e+00 0.000000000000000000e+00 0.000000000000000000e+00 9.022372254147020126e-03 4.511186127073510063e-03 4.511186127073510063e-03 9.138448976382667829e-03
3.333670902016262760e-02 2.296163978909325151e-02 9.022372254147020126e-03 4.314621678867987253e-02 2.671140699099762081e-02 7.572081492804543304e-03 4.511186127073510063e-03 4.511186127073510063e-03 0.000000000000000000e+00 4.511186127073510063e-03 0.000000000000000000e+00 4.511186127073510063e-03 0.000000000000000000e+00 0.000000000000000000e+00 7.308979043436163690e-03 4.511186127073510063e-03 4.622434474174201557e-03
2.212298156217200329e-02 0.000000000000000000e+00 1.353355838122053019e-02 2.043642345399702617e-02 9.140772191125641488e-03 4.511186127073510063e-03 0.000000000000000000e+00 0.000000000000000000e+00 0.000000000000000000e+00 0.000000000000000000e+00 0.000000000000000000e+00 0.000000000000000000e+00 0.000000000000000000e+00 0.000000000000000000e+00 0.000000000000000000e+00 0.000000000000000000e+00 0.000000000000000000e+00
1.353355838122053019e-02 9.022372254147020126e-03 8.062327005357465548e-03 9.022372254147020126e-03 9.022372254147020126e-03 4.511186127073510063e-03 0.000000000000000000e+00 0.000000000000000000e+00 0.000000000000000000e+00 0.000000000000000000e+00 0.000000000000000000e+00 4.511186127073510063e-03 0.000000000000000000e+00 9.022372254147020126e-03 0.000000000000000000e+00 4.627262849309156031e-03 4.511186127073510063e-03
1.371975839986906524e-02 2.255593063536754858e-02 4.511186127073510063e-03 8.796999442295810878e-03 4.511186127073510063e-03 4.511186127073510063e-03 0.000000000000000000e+00 0.000000000000000000e+00 0.000000000000000000e+00 0.000000000000000000e+00 0.000000000000000000e+00 9.022372254147020126e-03 0.000000000000000000e+00 9.022372254147020126e-03 9.022372254147020126e-03 4.738511196409847526e-03 4.793848754871257375e-03
9.331672712868733718e-03 9.208572272795555180e-03 1.984417841533767102e-02 1.592523732692351091e-02 4.629586064052133160e-03 4.511186127073510063e-03 0.000000000000000000e+00 0.000000000000000000e+00 0.000000000000000000e+00 0.000000000000000000e+00 0.000000000000000000e+00 4.511186127073510063e-03 0.000000000000000000e+00 0.000000000000000000e+00 4.511186127073510063e-03 4.511186127073510063e-03 4.511186127073510063e-03
1.353355838122053019e-02 4.511186127073510063e-03 8.062327005357465548e-03 9.022372254147020126e-03 4.511186127073510063e-03 4.511186127073510063e-03 0.000000000000000000e+00 0.000000000000000000e+00 0.000000000000000000e+00 0.000000000000000000e+00 0.000000000000000000e+00 0.000000000000000000e+00 0.000000000000000000e+00 0.000000000000000000e+00 0.000000000000000000e+00 4.511186127073510063e-03 0.000000000000000000e+00
4.511186127073510063e-03 9.022372254147020126e-03 8.062327005357465548e-03 4.511186127073510063e-03 0.000000000000000000e+00 0.000000000000000000e+00 0.000000000000000000e+00 0.000000000000000000e+00 0.000000000000000000e+00 0.000000000000000000e+00 0.000000000000000000e+00 9.022372254147020126e-03 0.000000000000000000e+00 4.511186127073510063e-03 0.000000000000000000e+00 4.622434474174201557e-03 0.000000000000000000e+00
4.511186127073510063e-03 0.000000000000000000e+00 4.511186127073510063e-03 0.000000000000000000e+00 0.000000000000000000e+00 0.000000000000000000e+00 0.000000000000000000e+00 0.000000000000000000e+00 0.000000000000000000e+00 0.000000000000000000e+00 0.000000000000000000e+00 9.022372254147020126e-03 0.000000000000000000e+00 0.000000000000000000e+00 4.511186127073510063e-03 4.511186127073510063e-03 0.000000000000000000e+00
4.511186127073510063e-03 4.511186127073510063e-03 9.022372254147020126e-03 9.022372254147020126e-03 0.000000000000000000e+00 0.000000000000000000e+00 4.511186127073510063e-03 0.000000000000000000e+00 0.000000000000000000e+00 0.000000000000000000e+00 0.000000000000000000e+00 0.000000000000000000e+00 0.000000000000000000e+00 0.000000000000000000e+00 0.000000000000000000e+00 0.000000000000000000e+00 0.000000000000000000e+00
