121 126 0 20 0.00717828461654 
125 131 0 20 0.00697821065327 
126 132 0 20 0.00682040185131 
118 127 0 20 0.00648652923453 
155 162 0 20 0.00647274108134 
95 126 0 20 0.00626752147157 
94 126 0 20 0.00622039255538 
154 162 0 20 0.00614206665676 
151 166 0 20 0.0061212445363 
104 126 0 20 0.00604536020538 
151 167 0 20 0.00591226940188 
214 217 0 20 0.00590263366512 
101 166 0 20 0.0058210578815 
152 166 0 20 0.00581848497666 
92 126 0 20 0.00581647899891 
155 166 0 20 0.00577759708094 
92 125 0 20 0.00570333711295 
151 157 0 20 0.00567009009929 
101 167 0 20 0.00566882589827 
102 131 0 20 0.00566649880733 
139 143 0 20 0.00564081290422 
92 123 0 20 0.00558745856311 
138 143 0 20 0.00557907500228 
108 126 0 20 0.00557632557416 
144 166 0 20 0.00553587989286 
97 170 0 20 0.00544316242651 
95 162 0 20 0.00544247928393 
166 236 0 20 0.00536213364584 
214 216 0 20 0.00536124525888 
103 126 0 20 0.00535012497641 
93 126 0 20 0.00534620860548 
101 165 0 20 0.00534508375304 
151 159 0 20 0.00533723624819 
92 124 0 20 0.00532913426834 
151 163 0 20 0.00532623695429 
108 125 0 20 0.00532117802987 
108 128 0 20 0.00531074005838 
159 162 0 20 0.00530586314236 
97 177 0 20 0.00529844887798 
101 164 0 20 0.00528747832643 
154 166 0 20 0.0052868029464 
107 129 0 20 0.00528600681333 
151 165 0 20 0.00528454725659 
101 128 0 20 0.0052695592844 
105 126 0 20 0.00526423631489 
94 162 0 20 0.00524793808637 
107 123 0 20 0.00524186424795 
97 175 0 20 0.00523947925446 
101 174 0 20 0.00523651403907 
107 126 0 20 0.00523484970742 
149 166 0 20 0.00522489761605 
97 169 0 20 0.00520181085906 
97 173 0 20 0.00518610039642 
104 131 0 20 0.00515984094443 
106 129 0 20 0.00514791883354 
107 127 0 20 0.0051415808954 
214 219 0 20 0.00513375503945 
102 126 0 20 0.00513256087412 
208 210 0 20 0.00512844784546 
106 127 0 20 0.00511557059384 
150 166 0 20 0.00510727100344 
146 166 0 20 0.00509560234014 
95 107 0 20 0.00509007451134 
103 131 0 20 0.00508278016398 
108 127 0 20 0.00508021128744 
145 166 0 20 0.00507996891336 
166 238 0 20 0.00507971862217 
97 174 0 20 0.0050775276459 
208 226 0 20 0.00507450194803 
151 160 0 20 0.00506816859708 
154 158 0 20 0.00506641329429 
145 167 0 20 0.00503696177953 
166 231 0 20 0.005034136658 
108 129 0 20 0.00502661629572 
97 176 0 20 0.00502515253516 
109 126 0 20 0.00501740417453 
208 224 0 20 0.00500301085199 
214 221 0 20 0.00500037950487 
107 128 0 20 0.00499806350225 
105 166 0 20 0.0049971360461 
101 123 0 20 0.00499668211842 
208 230 0 20 0.00498392801294 
101 178 0 20 0.00497871487836 
106 126 0 20 0.00496722096931 
111 126 0 20 0.00495298369645 
145 165 0 20 0.004951585246 
101 124 0 20 0.00494316339285 
101 179 0 20 0.00493817031067 
101 177 0 20 0.00492379621974 
162 174 0 20 0.00489879020085 
100 166 0 20 0.00489704080911 
101 163 0 20 0.00488339154937 
95 108 0 20 0.00488295136339 
98 175 0 20 0.0048821323511 
108 124 0 20 0.00487286602143 
101 169 0 20 0.00486040758974 
155 158 0 20 0.00484917821189 
139 145 0 20 0.00484300104677 
101 170 0 20 0.00484233926866 
97 171 0 20 0.00483085249941 
99 175 0 20 0.00480306016608 
101 175 0 20 0.00479163453621 
20 126 0 20 0.00476558895086 
97 181 0 20 0.00475993642882 
97 172 0 20 0.00475939536501 
102 175 0 20 0.00475866306387 
203 224 0 20 0.00475806028642 
94 107 0 20 0.00475411943186 
94 108 0 20 0.00473131740566 
93 107 0 20 0.00469106416434 
104 166 0 20 0.0046910233021 
101 172 0 20 0.00468078488883 
102 166 0 20 0.0046722409507 
101 176 0 20 0.00466548360407 
25 126 0 20 0.00464738040941 
92 108 0 20 0.00459526011794 
89 108 0 20 0.00459509187376 
93 108 0 20 0.00457097289738 
162 170 0 20 0.00452190838824 
21 126 0 20 0.00448915204929 
162 178 0 20 0.00448110580122 
95 158 0 20 0.00446814279245 
95 106 0 20 0.00446478949638 
101 184 0 20 0.00445962341203 
90 113 0 20 0.00443615296879 
91 108 0 20 0.00442294428482 
162 169 0 20 0.00441486190842 
101 181 0 20 0.00440435893327 
139 151 0 20 0.00437162449214 
97 183 0 20 0.00434111327161 
162 181 0 20 0.00433409333236 
162 175 0 20 0.00431444499368 
89 107 0 20 0.00429429477756 
90 107 0 20 0.00429306753945 
97 184 0 20 0.00429212909988 
94 106 0 20 0.00428358186119 
138 147 0 20 0.00422826684473 
90 108 0 20 0.00421609077535 
162 184 0 20 0.00419761952799 
162 185 0 20 0.0041914522878 
91 106 0 20 0.00418542412198 
167 175 0 20 0.00417962426024 
159 175 0 20 0.00417833730417 
161 182 0 20 0.00417727034933 
162 179 0 20 0.00416983315993 
91 101 0 20 0.00416839092608 
160 182 0 20 0.0041675710656 
162 182 0 20 0.00416579252578 
160 175 0 20 0.00415146133169 
95 97 0 20 0.00414710396393 
101 186 0 20 0.0041407192966 
136 143 0 20 0.00413412740957 
93 101 0 20 0.0041337514554 
94 158 0 20 0.0041315300942 
139 156 0 20 0.00411285332658 
91 107 0 20 0.00407645487912 
97 185 0 20 0.00407227769904 
97 182 0 20 0.00405890742875 
95 101 0 20 0.00404414708097 
141 156 0 20 0.00400301921935 
101 182 0 20 0.00399101777735 
99 182 0 20 0.00399062719347 
93 106 0 20 0.00398119473309 
143 157 0 20 0.00394204297746 
92 99 0 20 0.00394158441146 
100 101 0 20 0.00393962182068 
84 97 0 20 0.00393658676106 
91 158 0 20 0.00393222769583 
102 182 0 20 0.00393116692272 
101 180 0 20 0.0039301684301 
86 100 0 20 0.00390483420267 
92 98 0 20 0.00387242355422 
101 183 0 20 0.003866575089 
92 100 0 20 0.00383255311523 
108 114 0 20 0.00378400770107 
142 156 0 20 0.00374333206408 
130 143 0 20 0.0037331505934 
92 157 0 20 0.00371344262955 
91 162 0 20 0.00370280782519 
94 156 0 20 0.00368744337713 
106 186 0 20 0.00367708808331 
144 158 0 20 0.00366913368862 
92 161 0 20 0.00365813031995 
91 156 0 20 0.00364559385454 
97 186 0 20 0.00362648397215 
98 186 0 20 0.00358428805807 
92 159 0 20 0.00356623336893 
92 158 0 20 0.00355504905021 
92 156 0 20 0.00351120815343 
90 162 0 20 0.00344925822235 
89 158 0 20 0.00344780208128 
100 186 0 20 0.0034439014927 
99 186 0 20 0.00342683190776 
90 158 0 20 0.00342123304369 
92 160 0 20 0.00337253028192 
89 162 0 20 0.00335957980579 
97 190 0 20 0.0032839129673 
106 114 0 20 0.00327141232772 
108 116 0 20 0.0031915014386 
101 194 0 20 0.00254370648102 
101 193 0 20 0.00250728767654 
129 143 0 20 0.00247016126594 
49 130 0 20 0.00245933073924 
50 130 0 20 0.00245933073924 
208 238 0 20 0.00230480668038 
197 238 0 20 0.00222644781214 
197 237 0 20 0.00221428110152 
203 238 0 20 0.00219633330926 
74 167 0 20 0.00182206415863 
47 86 0 20 0.00170946196246 
74 161 0 20 0.00168121791042 
46 86 0 20 0.00167137855458 
77 166 0 20 0.00166604706249 
87 143 0 20 0.00164808098294 
51 86 0 20 0.00161037497083 
92 141 0 20 0.00159022809573 
89 147 0 20 0.00153583118933 
106 213 0 20 0.00141456491199 
74 115 0 20 0.00134509884431 
79 109 0 20 0.0013426749793 
106 217 0 20 0.00133641691458 
15 28 0 20 0.00132231394925 
74 120 0 20 0.00128253943492 
81 107 0 20 0.00127609693576 
9 31 0 20 0.00125785626241 
79 124 0 20 0.00125263631085 
115 145 0 20 0.00115668368906 
119 145 0 20 0.00109691422042 
113 148 0 20 0.00109409569733 
115 143 0 20 0.00108621548437 
103 151 0 20 0.0010783603385 
108 149 0 20 0.00107030568692 
27 28 0 20 0.000782339678787 
50 76 0 20 0.000505973460019 
127 156 0 20 0.000491018849602 
157 238 0 20 0.000334314651066 
28 84 0 20 0.000295671765737 
76 151 0 20 0.000290256142996 
106 142 0 20 0.000283857352 
1 98 0 20 0.00024984646243 
5 108 0 20 0.000233238392424 
46 107 0 20 0.00022108376189 
85 132 0 20 0.000198376023903 
145 212 0 20 0.000196443134731 
42 145 0 20 0.000184779675646 
106 232 0 20 0.000178786701864 
74 102 0 20 0.000135485162568 
