180 184 0 20 0.00576678155346 
180 183 0 20 0.00563446787636 
7 111 0 20 0.00546403493494 
8 111 0 20 0.00537035988158 
7 113 0 20 0.00536875961986 
1 28 0 20 0.00517227893061 
6 113 0 20 0.00514249817583 
1 29 0 20 0.00509797147642 
8 113 0 20 0.00505140141488 
2 28 0 20 0.00504560948188 
26 28 0 20 0.0050406037372 
2 29 0 20 0.00500408546935 
7 112 0 20 0.00499959245951 
2 27 0 20 0.00485986704035 
6 111 0 20 0.00484660103801 
25 191 0 20 0.00476375197326 
33 36 0 20 0.00475310162825 
8 112 0 20 0.00473620238035 
25 28 0 20 0.00472246862301 
34 40 0 20 0.00470423801538 
1 30 0 20 0.00469269936855 
7 114 0 20 0.00469031116462 
25 33 0 20 0.00463389447318 
4 28 0 20 0.00462098935605 
1 84 0 20 0.004592233525 
5 113 0 20 0.00457940767716 
26 191 0 20 0.00456654146818 
6 112 0 20 0.00455312577419 
25 192 0 20 0.0045323135572 
23 28 0 20 0.00453092804378 
2 33 0 20 0.00451934722676 
1 118 0 20 0.00449729487994 
190 194 0 20 0.00449335717227 
1 25 0 20 0.0044853763393 
24 28 0 20 0.00448074906435 
26 192 0 20 0.00447596898065 
24 191 0 20 0.00446839685267 
1 27 0 20 0.004462837015 
36 45 0 20 0.00445447029714 
33 37 0 20 0.00442937690488 
2 32 0 20 0.00442526426526 
2 26 0 20 0.00441715381681 
1 26 0 20 0.00441673889305 
1 78 0 20 0.00441376255948 
24 192 0 20 0.00441215460635 
26 78 0 20 0.00439776284011 
2 30 0 20 0.00438271711289 
25 78 0 20 0.00435860004039 
183 194 0 20 0.004358459772 
190 192 0 20 0.00435493637332 
1 34 0 20 0.00435336537545 
31 40 0 20 0.00434974426376 
11 36 0 20 0.00430326042008 
2 34 0 20 0.00429798398993 
1 23 0 20 0.00429259346326 
36 44 0 20 0.00428497651324 
23 193 0 20 0.00427030240601 
26 33 0 20 0.00426913674903 
189 194 0 20 0.00426237134643 
22 192 0 20 0.00426049110954 
2 81 0 20 0.00425160106108 
11 37 0 20 0.00424971014474 
27 191 0 20 0.00424908908474 
23 191 0 20 0.0042291612989 
2 25 0 20 0.00421544253635 
1 77 0 20 0.00421295022441 
30 40 0 20 0.00421266956704 
22 191 0 20 0.00420299359726 
20 192 0 20 0.00417690014259 
33 41 0 20 0.00417668253501 
20 191 0 20 0.004175505095 
1 33 0 20 0.00416659980534 
32 40 0 20 0.00414772190345 
33 40 0 20 0.0041152409002 
1 81 0 20 0.00410648211582 
117 120 0 20 0.00409893670079 
23 29 0 20 0.0040962357581 
5 28 0 20 0.00408554686102 
1 32 0 20 0.00408515784242 
23 188 0 20 0.00407218168245 
2 36 0 20 0.00406648483068 
23 192 0 20 0.00406582025306 
188 194 0 20 0.00406292715621 
190 196 0 20 0.00406135938478 
184 194 0 20 0.00405574033747 
28 39 0 20 0.00405222168492 
23 189 0 20 0.00404112642865 
189 196 0 20 0.0040329904533 
21 192 0 20 0.00402840123513 
33 39 0 20 0.00402818466063 
27 193 0 20 0.0040236452584 
2 78 0 20 0.00401261809609 
23 190 0 20 0.00400876824014 
1 37 0 20 0.00399850921459 
1 24 0 20 0.00399702900363 
5 27 0 20 0.00399084097499 
4 33 0 20 0.00398577563101 
2 86 0 20 0.00396530338892 
33 38 0 20 0.00395871660957 
27 38 0 20 0.00395809573272 
3 33 0 20 0.00395715359969 
39 45 0 20 0.00395357087448 
39 44 0 20 0.00395357087448 
185 194 0 20 0.00395202401683 
4 78 0 20 0.00394794553247 
28 38 0 20 0.00394175595087 
29 40 0 20 0.00393889190778 
187 192 0 20 0.00393723389767 
7 28 0 20 0.00393553882835 
28 36 0 20 0.00393130407737 
22 28 0 20 0.00392856525255 
3 28 0 20 0.00391756789202 
27 39 0 20 0.00390974527771 
23 30 0 20 0.00390676662039 
10 28 0 20 0.00389917457419 
28 37 0 20 0.00389203003488 
23 78 0 20 0.00388734222767 
6 23 0 20 0.0038761897516 
187 194 0 20 0.00387283644231 
28 40 0 20 0.00386742936822 
28 41 0 20 0.00385997824032 
5 23 0 20 0.0038546528674 
1 79 0 20 0.00385364267826 
189 192 0 20 0.00384979363903 
109 125 0 20 0.00384876170336 
110 125 0 20 0.00383957397252 
27 192 0 20 0.00383312012328 
21 191 0 20 0.00383007030795 
1 83 0 20 0.00382467355036 
10 33 0 20 0.00380803671004 
7 30 0 20 0.00380717965147 
27 189 0 20 0.00380356042709 
33 43 0 20 0.0038025218154 
7 34 0 20 0.00379755065433 
5 33 0 20 0.00379452064713 
108 125 0 20 0.00379128197525 
7 84 0 20 0.00378752670774 
28 43 0 20 0.00378605156439 
23 36 0 20 0.00378516819056 
23 38 0 20 0.00378411477366 
112 125 0 20 0.00378011425731 
22 78 0 20 0.00377877648021 
1 86 0 20 0.00376471362599 
28 191 0 20 0.00374342773572 
1 80 0 20 0.00373104369143 
29 191 0 20 0.0037289109724 
2 80 0 20 0.00372529634412 
33 193 0 20 0.00371905663894 
31 191 0 20 0.00371803442216 
20 28 0 20 0.00371516504278 
7 82 0 20 0.00371057453101 
29 192 0 20 0.00369938478779 
37 191 0 20 0.00369663129733 
28 190 0 20 0.00369204776349 
2 76 0 20 0.00368639784227 
2 82 0 20 0.00368456073216 
32 192 0 20 0.00368053759014 
34 192 0 20 0.00367028338701 
21 28 0 20 0.00364066132332 
19 40 0 20 0.00363706670341 
23 187 0 20 0.00363478948124 
34 191 0 20 0.00363043262851 
24 78 0 20 0.00361815091008 
111 125 0 20 0.00361703716088 
23 79 0 20 0.0035965764044 
28 187 0 20 0.00358123364942 
101 125 0 20 0.00357307893142 
39 192 0 20 0.00356548331369 
36 191 0 20 0.00356071632269 
21 78 0 20 0.00355984342685 
1 74 0 20 0.00355463631287 
29 78 0 20 0.00355120422599 
107 124 0 20 0.00354754094415 
23 81 0 20 0.00349096775055 
124 126 0 20 0.00346403844902 
7 10 0 20 0.0034523000177 
23 77 0 20 0.00343995665721 
27 80 0 20 0.00343612491053 
23 80 0 20 0.00343464076765 
20 78 0 20 0.00343281706706 
26 74 0 20 0.00342278969392 
27 78 0 20 0.00337510758489 
34 78 0 20 0.0033632422594 
117 126 0 20 0.00333415762028 
107 126 0 20 0.00332538324879 
107 127 0 20 0.00331407689001 
22 74 0 20 0.0032972187222 
28 71 0 20 0.00329599842305 
102 125 0 20 0.0032721851517 
19 78 0 20 0.00326665340075 
32 78 0 20 0.00324237834824 
115 125 0 20 0.0032376832402 
33 81 0 20 0.00321675904727 
117 122 0 20 0.00320793818353 
33 78 0 20 0.00320435315354 
19 74 0 20 0.00319965817086 
4 11 0 20 0.00318537829263 
41 45 0 20 0.00318125440953 
27 75 0 20 0.00315925415818 
23 76 0 20 0.00315872056805 
2 11 0 20 0.00315766906214 
6 11 0 20 0.00309671831948 
23 82 0 20 0.00309449867033 
28 70 0 20 0.00309069432436 
27 77 0 20 0.00308066137509 
33 79 0 20 0.00307887580875 
27 82 0 20 0.00306500502955 
23 83 0 20 0.00305780542531 
33 83 0 20 0.00305256453589 
31 78 0 20 0.00303860119233 
33 84 0 20 0.00303808808471 
27 79 0 20 0.00301249815105 
23 86 0 20 0.00300484277574 
7 11 0 20 0.00299018594954 
29 66 0 20 0.00297351715654 
33 80 0 20 0.00296776999148 
36 68 0 20 0.00296473585134 
28 67 0 20 0.00294857138057 
58 65 0 20 0.00294111006245 
32 74 0 20 0.00292441356461 
33 82 0 20 0.00291995750694 
36 78 0 20 0.0029188951171 
30 78 0 20 0.00291673471628 
100 125 0 20 0.00291614348608 
40 83 0 20 0.00290935997339 
119 126 0 20 0.00290161255584 
112 114 0 20 0.00288765845569 
17 80 0 20 0.00286988771765 
2 10 0 20 0.00285538945638 
40 82 0 20 0.00284422113477 
100 124 0 20 0.00280191313904 
113 116 0 20 0.00277248332082 
36 87 0 20 0.00277161833539 
120 125 0 20 0.0027612243532 
111 133 0 20 0.00276002662192 
56 66 0 20 0.00275979806529 
112 116 0 20 0.00274289360651 
99 125 0 20 0.0027102468424 
13 74 0 20 0.00268276183535 
95 125 0 20 0.00267905628623 
36 66 0 20 0.00264624994003 
12 74 0 20 0.00264566225388 
87 91 0 20 0.00259856307418 
74 89 0 20 0.00253969131026 
125 128 0 20 0.00239060200653 
124 128 0 20 0.00239060200653 
125 126 0 20 0.002344313288 
80 93 0 20 0.00233692394735 
87 90 0 20 0.002300478283 
73 87 0 20 0.00227584493924 
84 93 0 20 0.0022746599981 
70 93 0 20 0.00227008865326 
93 122 0 20 0.00215186890237 
82 113 0 20 0.00187726047849 
78 109 0 20 0.00187053819411 
74 133 0 20 0.00185138901516 
68 128 0 20 0.00183951184386 
78 114 0 20 0.00181731443646 
72 125 0 20 0.00176998982097 
72 124 0 20 0.00176998982097 
74 126 0 20 0.00169660976992 
80 124 0 20 0.00167138392577 
65 87 0 20 0.00163303236511 
1 126 0 20 0.00158087563455 
7 126 0 20 0.00152185369583 
11 126 0 20 0.001506611411 
87 127 0 20 0.00147983164931 
11 128 0 20 0.00147554691194 
17 128 0 20 0.00146723263353 
17 129 0 20 0.00146134881586 
28 127 0 20 0.00145893692356 
33 121 0 20 0.00144381509036 
65 112 0 20 0.00143482467105 
67 112 0 20 0.00141808968666 
28 116 0 20 0.00138948219285 
36 104 0 20 0.00135036877638 
36 107 0 20 0.00134491613049 
41 113 0 20 0.00133384881557 
68 72 0 20 0.00115859779376 
65 66 0 20 0.00113920140999 
87 133 0 20 0.00106792350784 
19 180 0 20 0.000542348918625 
28 107 0 20 0.000262138756532 
7 218 0 20 0.000208709107125 
36 131 0 20 0.000169919487728 
