131 158 0 20 1.0 
41 69 0 20 0.997140230606 
130 157 0 20 0.98599549359 
131 157 0 20 0.978402899214 
149 195 0 20 0.965101218226 
131 134 0 20 0.948574706005 
127 157 0 20 0.946374338308 
127 158 0 20 0.941310313626 
13 158 0 20 0.931860452469 
13 157 0 20 0.926913468531 
132 135 0 20 0.906173134291 
148 195 0 20 0.895089323609 
40 69 0 20 0.889096505975 
13 132 0 20 0.874350243259 
130 158 0 20 0.869867624008 
128 157 0 20 0.867636021101 
95 201 0 20 0.860802833723 
14 158 0 20 0.851941623353 
129 158 0 20 0.851378500882 
131 133 0 20 0.84708583264 
336 440 0 20 0.837752710744 
15 158 0 20 0.827903826817 
1 7 0 20 0.824036804012 
203 347 0 20 0.819910606324 
5 8 0 20 0.817210604049 
205 347 0 20 0.814010038157 
207 347 0 20 0.811104870121 
337 440 0 20 0.808007475287 
9 158 0 20 0.797611255454 
204 208 0 20 0.796353078554 
229 259 0 20 0.782150436837 
491 536 0 20 0.780546336914 
186 421 0 20 0.780112919053 
206 347 0 20 0.779939826278 
421 428 0 20 0.768018980219 
7 158 0 20 0.761467980051 
188 195 0 20 0.757354513506 
151 195 0 20 0.753287311057 
42 69 0 20 0.752319798347 
12 158 0 20 0.750296247375 
410 488 0 20 0.750279866539 
186 195 0 20 0.749754283235 
89 96 0 20 0.747314708978 
185 195 0 20 0.745871359493 
13 155 0 20 0.737626224114 
208 228 0 20 0.737552126563 
121 158 0 20 0.736483110615 
491 534 0 20 0.734550108238 
38 69 0 20 0.733779011709 
123 158 0 20 0.731994443022 
235 237 0 20 0.730737775984 
9 157 0 20 0.730578524225 
10 158 0 20 0.730143660665 
150 195 0 20 0.730084273161 
128 158 0 20 0.726422745975 
187 195 0 20 0.725355297705 
235 238 0 20 0.724009306132 
89 95 0 20 0.721754868965 
185 423 0 20 0.716963070139 
191 210 0 20 0.716328316242 
201 206 0 20 0.71533667889 
185 188 0 20 0.712500211069 
10 157 0 20 0.711739125466 
34 134 0 20 0.711232826672 
125 155 0 20 0.710118919678 
334 374 0 20 0.709873144432 
155 158 0 20 0.706493538736 
15 155 0 20 0.696689714253 
521 552 0 20 0.696149114163 
515 522 0 20 0.695854918648 
536 540 0 20 0.692602137434 
202 347 0 20 0.69112527795 
195 210 0 20 0.687849369672 
14 155 0 20 0.686101077839 
536 539 0 20 0.685500475498 
11 158 0 20 0.68484904166 
492 535 0 20 0.682255897722 
418 427 0 20 0.676902117679 
89 101 0 20 0.674399815581 
190 195 0 20 0.670907361868 
120 133 0 20 0.668084009658 
495 502 0 20 0.66381350728 
12 155 0 20 0.661490586503 
186 423 0 20 0.661227173849 
338 369 0 20 0.658469306226 
397 521 0 20 0.655622309981 
31 134 0 20 0.650528813174 
204 347 0 20 0.650201788555 
14 157 0 20 0.649192800159 
337 439 0 20 0.648544034221 
95 195 0 20 0.645980249476 
188 421 0 20 0.645561859259 
7 48 0 20 0.644605819416 
337 369 0 20 0.643473314914 
3 8 0 20 0.641715133306 
15 157 0 20 0.640363644089 
126 158 0 20 0.637054333865 
44 69 0 20 0.636466229551 
410 495 0 20 0.633388895345 
423 427 0 20 0.630646938958 
9 155 0 20 0.627649816272 
4 8 0 20 0.624186268833 
396 428 0 20 0.623526694716 
129 156 0 20 0.621998465426 
178 186 0 20 0.617643743804 
410 485 0 20 0.617144844524 
124 155 0 20 0.616261754646 
144 195 0 20 0.615644687146 
68 72 0 20 0.615550476017 
31 133 0 20 0.612101371394 
195 209 0 20 0.611666583717 
133 157 0 20 0.610510845021 
337 374 0 20 0.609940294229 
189 421 0 20 0.606223319578 
534 540 0 20 0.604331188429 
64 70 0 20 0.602729391324 
315 320 0 20 0.600483679719 
513 522 0 20 0.599580968672 
513 521 0 20 0.598792250588 
163 177 0 20 0.595090192711 
191 218 0 20 0.594998269908 
11 157 0 20 0.594992516507 
235 538 0 20 0.593295191144 
1 9 0 20 0.593202487938 
35 134 0 20 0.592687093101 
35 133 0 20 0.591283582041 
409 495 0 20 0.587068104438 
122 158 0 20 0.586509832722 
162 171 0 20 0.585615823801 
252 258 0 20 0.582644313257 
153 158 0 20 0.580064341981 
122 157 0 20 0.579074275304 
184 423 0 20 0.57795355358 
183 423 0 20 0.573978440281 
124 157 0 20 0.572985165331 
158 176 0 20 0.569535241121 
201 207 0 20 0.566090135219 
410 484 0 20 0.565734715343 
12 157 0 20 0.565547282251 
534 581 0 20 0.564951868349 
234 239 0 20 0.564839627722 
493 535 0 20 0.561956970228 
229 260 0 20 0.561836124952 
148 198 0 20 0.561630737944 
88 102 0 20 0.560997301735 
395 428 0 20 0.559647333271 
41 72 0 20 0.559156452061 
119 157 0 20 0.555415853915 
203 208 0 20 0.555183986981 
333 374 0 20 0.555032779775 
11 155 0 20 0.553428884518 
125 158 0 20 0.552602909379 
339 374 0 20 0.551099907827 
96 201 0 20 0.550885024362 
186 422 0 20 0.546251476623 
174 541 0 20 0.546155832977 
408 495 0 20 0.545621577198 
132 157 0 20 0.545561036939 
218 440 0 20 0.5435337049 
407 495 0 20 0.54331869837 
149 198 0 20 0.543062018071 
134 158 0 20 0.542990152584 
183 432 0 20 0.541557330039 
490 536 0 20 0.541124142197 
159 474 0 20 0.538955743123 
61 70 0 20 0.53849331294 
144 185 0 20 0.538176552275 
536 581 0 20 0.537434688311 
188 194 0 20 0.537170693583 
397 399 0 20 0.53686005845 
155 160 0 20 0.535898185994 
96 195 0 20 0.535662594898 
152 195 0 20 0.53257852655 
119 158 0 20 0.532220193991 
407 491 0 20 0.528628920757 
409 488 0 20 0.527970753799 
421 431 0 20 0.525964372753 
235 240 0 20 0.525589865989 
89 100 0 20 0.52481251047 
10 155 0 20 0.517693388382 
489 537 0 20 0.516107023038 
536 538 0 20 0.515829541022 
149 201 0 20 0.51557478372 
208 232 0 20 0.515107274184 
189 195 0 20 0.514767965976 
41 64 0 20 0.513228720825 
228 230 0 20 0.512411029494 
488 537 0 20 0.511513587793 
409 482 0 20 0.509292855448 
1 8 0 20 0.507096406682 
532 540 0 20 0.506922484955 
490 534 0 20 0.506482259626 
159 471 0 20 0.506348286967 
155 157 0 20 0.506186090516 
39 69 0 20 0.506032815797 
124 158 0 20 0.505455626982 
8 158 0 20 0.502398594395 
186 187 0 20 0.499502248285 
515 529 0 20 0.495640724518 
121 157 0 20 0.495388284419 
409 491 0 20 0.494749492412 
9 195 0 20 0.49447772465 
157 160 0 20 0.494102154056 
398 545 0 20 0.493919394112 
46 69 0 20 0.492987798982 
15 132 0 20 0.492833563331 
534 538 0 20 0.491743388973 
433 462 0 20 0.491575627179 
492 533 0 20 0.490906862522 
422 428 0 20 0.490543554939 
153 195 0 20 0.490345593326 
319 345 0 20 0.489850276986 
536 542 0 20 0.489791693544 
159 470 0 20 0.488775760626 
142 201 0 20 0.486609098409 
36 134 0 20 0.485859529328 
159 476 0 20 0.485405377803 
12 132 0 20 0.485367974835 
146 196 0 20 0.485196757127 
410 482 0 20 0.485149874624 
489 536 0 20 0.48427726371 
121 155 0 20 0.484258449346 
537 542 0 20 0.484106937616 
532 538 0 20 0.482492073199 
397 427 0 20 0.482371795036 
529 536 0 20 0.482319517167 
398 552 0 20 0.481188031237 
147 195 0 20 0.480802847973 
33 133 0 20 0.480512990689 
333 440 0 20 0.479981691261 
189 210 0 20 0.479611215085 
132 158 0 20 0.476345092484 
180 423 0 20 0.475553116029 
201 423 0 20 0.475180204308 
195 207 0 20 0.473980282121 
89 98 0 20 0.473216541946 
201 210 0 20 0.472799047099 
157 159 0 20 0.471593751476 
144 194 0 20 0.47105543312 
123 155 0 20 0.470518312574 
315 345 0 20 0.470301509817 
187 423 0 20 0.469844240837 
9 258 0 20 0.468015149777 
423 426 0 20 0.467394335522 
493 536 0 20 0.466708672686 
408 490 0 20 0.466023744077 
492 536 0 20 0.464217519213 
7 157 0 20 0.463953617347 
185 418 0 20 0.462943786587 
319 346 0 20 0.462016269033 
566 570 0 20 0.461483110216 
374 386 0 20 0.461237947907 
182 432 0 20 0.459553246276 
181 186 0 20 0.458956300437 
83 258 0 20 0.458190746908 
491 537 0 20 0.457407697134 
155 159 0 20 0.456453594595 
154 195 0 20 0.455942980824 
374 389 0 20 0.455874412904 
407 488 0 20 0.455838107489 
179 195 0 20 0.455498548858 
553 565 0 20 0.454944573037 
186 428 0 20 0.454675013316 
553 567 0 20 0.453717020974 
148 201 0 20 0.453314553286 
154 158 0 20 0.453053549402 
492 531 0 20 0.450429725729 
532 535 0 20 0.450312080059 
43 67 0 20 0.449636611061 
488 536 0 20 0.44955400865 
184 431 0 20 0.449070158955 
195 206 0 20 0.448837786145 
84 258 0 20 0.448104285257 
144 196 0 20 0.446937579215 
315 321 0 20 0.445946045528 
439 462 0 20 0.445627320126 
396 432 0 20 0.444656973455 
2 8 0 20 0.444466432085 
235 243 0 20 0.443123190594 
317 432 0 20 0.441682448693 
43 70 0 20 0.440886067097 
89 102 0 20 0.439836536138 
130 134 0 20 0.439312834458 
232 538 0 20 0.439010154357 
158 178 0 20 0.438807695241 
157 176 0 20 0.438570238149 
183 431 0 20 0.435893827544 
122 133 0 20 0.434431219141 
410 489 0 20 0.4331056569 
134 157 0 20 0.431696358502 
81 258 0 20 0.430629717298 
251 258 0 20 0.429797833739 
493 531 0 20 0.429075109355 
208 346 0 20 0.428731139588 
32 134 0 20 0.428526171399 
143 195 0 20 0.428374269695 
69 135 0 20 0.428303887674 
8 154 0 20 0.427725495713 
191 421 0 20 0.427562193486 
40 64 0 20 0.427407498237 
143 201 0 20 0.427219322765 
82 258 0 20 0.426785842606 
197 470 0 20 0.426610363758 
568 570 0 20 0.425902398351 
495 536 0 20 0.425605936032 
536 575 0 20 0.424090584424 
155 161 0 20 0.423854796328 
545 570 0 20 0.423804151591 
567 570 0 20 0.423566154915 
123 157 0 20 0.42319757825 
189 192 0 20 0.423087736657 
492 540 0 20 0.422391550335 
490 532 0 20 0.422179116851 
119 155 0 20 0.42174602971 
195 214 0 20 0.421612322769 
145 195 0 20 0.421315999026 
317 431 0 20 0.419713389187 
189 422 0 20 0.418779554014 
127 155 0 20 0.418360466471 
126 134 0 20 0.418286419187 
384 397 0 20 0.417807417064 
423 428 0 20 0.41780626645 
529 532 0 20 0.41728087427 
408 488 0 20 0.416540296167 
146 194 0 20 0.415400246174 
514 521 0 20 0.415146976015 
337 438 0 20 0.414266693822 
221 421 0 20 0.413968947495 
232 539 0 20 0.413896550227 
490 537 0 20 0.413848015015 
14 132 0 20 0.413224309596 
122 155 0 20 0.412982189193 
432 436 0 20 0.41194164373 
34 133 0 20 0.410526795094 
185 189 0 20 0.41007774504 
176 186 0 20 0.409665078246 
410 494 0 20 0.408757000502 
8 157 0 20 0.408596947735 
482 537 0 20 0.408450527139 
338 373 0 20 0.406211948855 
534 539 0 20 0.40579632007 
235 539 0 20 0.405514688708 
232 540 0 20 0.405312846675 
408 485 0 20 0.404915436264 
3 258 0 20 0.404329651558 
235 540 0 20 0.403800192832 
314 352 0 20 0.403488185765 
191 237 0 20 0.401734926316 
43 68 0 20 0.401690784965 
559 570 0 20 0.400788517016 
126 155 0 20 0.399283459502 
121 156 0 20 0.398464551294 
125 157 0 20 0.398391339368 
337 437 0 20 0.39795819696 
45 69 0 20 0.397400486492 
13 129 0 20 0.397120357904 
128 155 0 20 0.39644404668 
142 195 0 20 0.39639087769 
188 192 0 20 0.396366021378 
8 421 0 20 0.396160185748 
124 134 0 20 0.395846334124 
208 322 0 20 0.395068422015 
86 235 0 20 0.39494440394 
431 433 0 20 0.394663592988 
129 159 0 20 0.394652934379 
89 99 0 20 0.393969251735 
208 433 0 20 0.392554150476 
189 194 0 20 0.392390770404 
186 194 0 20 0.392308766019 
98 201 0 20 0.392142836809 
41 61 0 20 0.39209770569 
9 132 0 20 0.39097231887 
182 195 0 20 0.389585540242 
410 481 0 20 0.389494768005 
409 493 0 20 0.389415167774 
36 133 0 20 0.389058885805 
1 337 0 20 0.38900768951 
132 134 0 20 0.388990453464 
116 133 0 20 0.388858920867 
7 155 0 20 0.388340916368 
423 425 0 20 0.388273075839 
338 440 0 20 0.388211300397 
195 219 0 20 0.387946396907 
29 133 0 20 0.387901956711 
532 581 0 20 0.386467109567 
398 522 0 20 0.384807360711 
184 418 0 20 0.384698911028 
181 188 0 20 0.38406251335 
158 432 0 20 0.383868583344 
180 418 0 20 0.383405158122 
158 192 0 20 0.382592283307 
121 154 0 20 0.382440413448 
437 462 0 20 0.379294553555 
208 434 0 20 0.379159117144 
184 432 0 20 0.378720000667 
419 428 0 20 0.378569167856 
553 568 0 20 0.378531579547 
151 158 0 20 0.378516131976 
127 134 0 20 0.376585163197 
227 232 0 20 0.376433064297 
222 537 0 20 0.37549197069 
195 213 0 20 0.375362866421 
40 61 0 20 0.375087674123 
227 239 0 20 0.374222131189 
202 208 0 20 0.373660233976 
195 218 0 20 0.373570616952 
144 179 0 20 0.373537706325 
195 220 0 20 0.37336345077 
338 439 0 20 0.37245973524 
75 542 0 20 0.372093509334 
337 436 0 20 0.371708369643 
171 541 0 20 0.371705811737 
337 373 0 20 0.370980386368 
235 245 0 20 0.37027646733 
152 158 0 20 0.369275767544 
185 191 0 20 0.368812093332 
85 235 0 20 0.368159178276 
184 195 0 20 0.368026273082 
93 102 0 20 0.367770870048 
189 419 0 20 0.367461762638 
43 69 0 20 0.367162892451 
230 259 0 20 0.366692724865 
407 537 0 20 0.366326941785 
171 537 0 20 0.365388499773 
422 431 0 20 0.36517531552 
144 199 0 20 0.365028414331 
181 423 0 20 0.364351090531 
397 400 0 20 0.364329113078 
90 235 0 20 0.364304076586 
198 207 0 20 0.363815893204 
7 189 0 20 0.363350013141 
132 159 0 20 0.362679071746 
200 208 0 20 0.362605600445 
190 423 0 20 0.362593484882 
36 43 0 20 0.362578108274 
120 134 0 20 0.362377796235 
411 485 0 20 0.362187191945 
397 522 0 20 0.361569823115 
374 387 0 20 0.361216941944 
398 542 0 20 0.360814593819 
172 541 0 20 0.360730187929 
1 70 0 20 0.360404065358 
121 153 0 20 0.359653491258 
235 248 0 20 0.359379117296 
186 419 0 20 0.359345748494 
174 537 0 20 0.35896427111 
179 432 0 20 0.358552546527 
184 188 0 20 0.357572597026 
178 418 0 20 0.357214545178 
176 537 0 20 0.356805760335 
176 541 0 20 0.356390543504 
410 493 0 20 0.355069713269 
7 228 0 20 0.354338651945 
201 421 0 20 0.353829541873 
95 474 0 20 0.353177551765 
88 235 0 20 0.353169379935 
129 157 0 20 0.352387122385 
34 43 0 20 0.351618746901 
1 61 0 20 0.34990533758 
15 26 0 20 0.349688052687 
397 429 0 20 0.349452027084 
130 155 0 20 0.349052290622 
330 343 0 20 0.347962458915 
42 72 0 20 0.347947558751 
197 471 0 20 0.347839186879 
70 186 0 20 0.347821041598 
192 216 0 20 0.346951100071 
203 349 0 20 0.346909903669 
89 104 0 20 0.346889664503 
398 427 0 20 0.346698303025 
316 432 0 20 0.346645617416 
35 43 0 20 0.345938749607 
314 432 0 20 0.344749312261 
146 195 0 20 0.343783236141 
330 335 0 20 0.343513663464 
185 428 0 20 0.343163398166 
410 535 0 20 0.343064345469 
330 339 0 20 0.341976096923 
192 423 0 20 0.341590748113 
135 158 0 20 0.341518551811 
89 103 0 20 0.34142739788 
395 431 0 20 0.341334702169 
410 486 0 20 0.341053948058 
503 521 0 20 0.34043848645 
189 193 0 20 0.340177416757 
491 532 0 20 0.339841806504 
235 434 0 20 0.33907043377 
208 230 0 20 0.338548108107 
83 235 0 20 0.338159065844 
240 258 0 20 0.33815565104 
176 536 0 20 0.337861920613 
157 178 0 20 0.337492960125 
495 532 0 20 0.337077299822 
70 188 0 20 0.336979513475 
470 472 0 20 0.336571828508 
196 471 0 20 0.336494593938 
144 201 0 20 0.336418084687 
80 354 0 20 0.335968535678 
385 465 0 20 0.335848308033 
129 135 0 20 0.335760421009 
70 562 0 20 0.335718827586 
89 479 0 20 0.33566979066 
95 440 0 20 0.335474759234 
188 423 0 20 0.334885842741 
415 428 0 20 0.333833365973 
1 2 0 20 0.333647862041 
420 428 0 20 0.333494198099 
216 540 0 20 0.333421678817 
407 485 0 20 0.333130846674 
272 278 0 20 0.333099399794 
186 417 0 20 0.33304946212 
79 258 0 20 0.332876935924 
430 435 0 20 0.332637507215 
162 174 0 20 0.332113923446 
188 193 0 20 0.33148757912 
495 504 0 20 0.330775728497 
335 440 0 20 0.330078280614 
408 491 0 20 0.329871615143 
409 490 0 20 0.329528549631 
323 410 0 20 0.329240630239 
466 469 0 20 0.328715442786 
189 423 0 20 0.328651320328 
235 252 0 20 0.328610183874 
122 134 0 20 0.328457812237 
70 189 0 20 0.327437750292 
33 134 0 20 0.327247378274 
172 536 0 20 0.326632294351 
330 334 0 20 0.326337718481 
398 543 0 20 0.324947124293 
8 280 0 20 0.324565598133 
189 568 0 20 0.324209078046 
398 521 0 20 0.324203131355 
7 132 0 20 0.323943468838 
321 347 0 20 0.323618659035 
398 547 0 20 0.323443545619 
8 17 0 20 0.323204390535 
7 258 0 20 0.322923223819 
187 201 0 20 0.322870665832 
492 539 0 20 0.322378091127 
10 132 0 20 0.322227732472 
69 137 0 20 0.321976443588 
158 418 0 20 0.321734618957 
123 134 0 20 0.320406396277 
192 283 0 20 0.318456463736 
385 464 0 20 0.318323773948 
157 161 0 20 0.318050050738 
562 571 0 20 0.31797184118 
176 337 0 20 0.317783623678 
398 544 0 20 0.316778137319 
199 208 0 20 0.316310041001 
283 559 0 20 0.316038331266 
8 281 0 20 0.315510340696 
183 195 0 20 0.315261450404 
188 210 0 20 0.315138260571 
489 534 0 20 0.314324465676 
407 484 0 20 0.313902188636 
88 272 0 20 0.313804153874 
207 232 0 20 0.313420163752 
259 274 0 20 0.313301895165 
398 426 0 20 0.312905814014 
150 158 0 20 0.312656153127 
485 561 0 20 0.312647931435 
407 482 0 20 0.311648827611 
421 471 0 20 0.311334063107 
75 148 0 20 0.310758948333 
195 237 0 20 0.3104993906 
121 133 0 20 0.310266326478 
79 254 0 20 0.309974510467 
121 137 0 20 0.309937584515 
531 534 0 20 0.309700651015 
201 422 0 20 0.309599326999 
492 532 0 20 0.309481488226 
178 423 0 20 0.309135282192 
78 258 0 20 0.30902040851 
113 133 0 20 0.308468598641 
72 135 0 20 0.307555407221 
78 235 0 20 0.307392584905 
235 239 0 20 0.306728479996 
532 542 0 20 0.306471757759 
397 425 0 20 0.306316112889 
529 534 0 20 0.306072950745 
1 262 0 20 0.306047637598 
89 97 0 20 0.306011436496 
422 432 0 20 0.305264813306 
153 157 0 20 0.305132571989 
191 195 0 20 0.304720756859 
125 134 0 20 0.304287480806 
410 490 0 20 0.303550738772 
385 467 0 20 0.30344103529 
407 481 0 20 0.302924161985 
431 480 0 20 0.302864409066 
315 346 0 20 0.302271041903 
408 486 0 20 0.302198289216 
409 486 0 20 0.302198289216 
3 431 0 20 0.302098778228 
176 188 0 20 0.302087584725 
545 575 0 20 0.301999283884 
4 431 0 20 0.301496625354 
124 133 0 20 0.301346642453 
186 427 0 20 0.301084274536 
87 258 0 20 0.30087950007 
283 472 0 20 0.300741169142 
96 440 0 20 0.300182133276 
92 258 0 20 0.300149981688 
89 109 0 20 0.299829610354 
274 431 0 20 0.299545723303 
162 176 0 20 0.29924037232 
173 195 0 20 0.298893723426 
228 260 0 20 0.298488442361 
201 209 0 20 0.2982611068 
418 426 0 20 0.298221755239 
38 61 0 20 0.297595040853 
369 423 0 20 0.297098509852 
396 553 0 20 0.296838028774 
408 481 0 20 0.296656159395 
312 431 0 20 0.296490327712 
70 134 0 20 0.296169874985 
64 246 0 20 0.296104804102 
158 185 0 20 0.295989148561 
409 484 0 20 0.29576384399 
408 484 0 20 0.29576384399 
141 195 0 20 0.295510366363 
493 540 0 20 0.295386826141 
530 535 0 20 0.295297043465 
411 493 0 20 0.295135699957 
158 436 0 20 0.295093373023 
560 571 0 20 0.294916146984 
179 188 0 20 0.293500872067 
268 418 0 20 0.293344464316 
209 228 0 20 0.2932725441 
440 473 0 20 0.293225767445 
44 72 0 20 0.292715023271 
194 216 0 20 0.292567789103 
131 155 0 20 0.292062019245 
64 245 0 20 0.291850368039 
217 440 0 20 0.291654534959 
32 43 0 20 0.291442500764 
104 201 0 20 0.291413684259 
537 540 0 20 0.290632968805 
397 541 0 20 0.290522004005 
29 134 0 20 0.289941825716 
398 429 0 20 0.289851511616 
216 541 0 20 0.289022898616 
205 348 0 20 0.288929972712 
235 244 0 20 0.287644429692 
219 268 0 20 0.287019522188 
409 494 0 20 0.28684215089 
203 348 0 20 0.28648150406 
32 133 0 20 0.285224672252 
493 539 0 20 0.284852319331 
157 430 0 20 0.283573925693 
190 428 0 20 0.283520631634 
415 463 0 20 0.283463292813 
546 570 0 20 0.282777613069 
440 472 0 20 0.282334226546 
398 549 0 20 0.282194058154 
409 485 0 20 0.281371642729 
154 157 0 20 0.28132281295 
320 347 0 20 0.281253038925 
338 371 0 20 0.281033536455 
89 105 0 20 0.28060750939 
128 133 0 20 0.280578637659 
397 426 0 20 0.280572782282 
409 481 0 20 0.278667657856 
195 217 0 20 0.278203191993 
7 8 0 20 0.277756406997 
184 191 0 20 0.277723750512 
188 294 0 20 0.277401405996 
100 146 0 20 0.277217759589 
5 258 0 20 0.2762326449 
197 208 0 20 0.276072735103 
436 462 0 20 0.275648294072 
503 520 0 20 0.275292401543 
221 419 0 20 0.27515184647 
158 433 0 20 0.274838823291 
123 162 0 20 0.274725436753 
221 423 0 20 0.274665049373 
129 153 0 20 0.273808962077 
186 425 0 20 0.273312698291 
494 536 0 20 0.272923104747 
180 440 0 20 0.272712285487 
183 188 0 20 0.272550072312 
208 345 0 20 0.272417744023 
533 536 0 20 0.272211282579 
215 541 0 20 0.271933291373 
179 418 0 20 0.270888258581 
180 186 0 20 0.27072302927 
250 258 0 20 0.27015407372 
418 431 0 20 0.270012043622 
226 232 0 20 0.269976712826 
314 351 0 20 0.269378861249 
146 180 0 20 0.268980439775 
332 337 0 20 0.268934612871 
208 233 0 20 0.26871591554 
188 384 0 20 0.268495906368 
188 428 0 20 0.268429807295 
493 533 0 20 0.268243375956 
539 541 0 20 0.268240654792 
419 513 0 20 0.267972578241 
208 350 0 20 0.267622055149 
343 440 0 20 0.267553882808 
1 247 0 20 0.267382460277 
438 462 0 20 0.267357888167 
132 156 0 20 0.267305524726 
31 43 0 20 0.267281346356 
466 471 0 20 0.267011933978 
129 134 0 20 0.266938090838 
182 423 0 20 0.266843595726 
216 222 0 20 0.266291730317 
433 536 0 20 0.266069595488 
162 177 0 20 0.265833694028 
398 425 0 20 0.265822434055 
374 411 0 20 0.265266245864 
418 505 0 20 0.265255243232 
398 546 0 20 0.265063508359 
235 411 0 20 0.263939176412 
178 195 0 20 0.26364493675 
9 129 0 20 0.263618828931 
14 129 0 20 0.263248336542 
157 432 0 20 0.262742983237 
17 189 0 20 0.262664979672 
337 371 0 20 0.262643139687 
319 347 0 20 0.262626417748 
39 72 0 20 0.262473740172 
423 431 0 20 0.261663956456 
121 152 0 20 0.26156575574 
417 511 0 20 0.261255833325 
104 195 0 20 0.261077932776 
205 349 0 20 0.26094204403 
105 201 0 20 0.260814407585 
282 559 0 20 0.260791306054 
182 188 0 20 0.260521169862 
103 195 0 20 0.26051742884 
181 432 0 20 0.260358250521 
194 198 0 20 0.259472668016 
567 575 0 20 0.258039562786 
69 70 0 20 0.256512692608 
431 436 0 20 0.254134623646 
155 163 0 20 0.252665956423 
221 230 0 20 0.246682644458 
558 570 0 20 0.245879858523 
246 258 0 20 0.244116364557 
330 338 0 20 0.243853547689 
553 561 0 20 0.241813618042 
155 162 0 20 0.241170510537 
192 195 0 20 0.239961406554 
427 431 0 20 0.23945798171 
228 231 0 20 0.239111766004 
436 440 0 20 0.239108550591 
8 18 0 20 0.23897376535 
432 439 0 20 0.235864869821 
315 322 0 20 0.233769308195 
424 431 0 20 0.232362915355 
562 570 0 20 0.232119393226 
179 186 0 20 0.229706320365 
1 4 0 20 0.229327314714 
417 428 0 20 0.2293129256 
560 572 0 20 0.228536225044 
228 239 0 20 0.226576640582 
39 48 0 20 0.225484535231 
415 427 0 20 0.225092246587 
112 121 0 20 0.224783949366 
553 557 0 20 0.224745983018 
426 431 0 20 0.222903443752 
91 102 0 20 0.222612417147 
458 470 0 20 0.222034831458 
151 162 0 20 0.22170860191 
71 72 0 20 0.220804374061 
131 136 0 20 0.220374707722 
149 158 0 20 0.219782099439 
58 69 0 20 0.219159214558 
560 570 0 20 0.219047659117 
330 342 0 20 0.218559677421 
532 543 0 20 0.218006195121 
279 283 0 20 0.217378850372 
126 133 0 20 0.217287634599 
228 238 0 20 0.216563275122 
248 258 0 20 0.214974841565 
461 463 0 20 0.214963411648 
373 385 0 20 0.214191168526 
550 560 0 20 0.213829573519 
1 10 0 20 0.213057962637 
178 188 0 20 0.212536318636 
561 570 0 20 0.212434384282 
330 340 0 20 0.211487211881 
508 520 0 20 0.210192840913 
332 338 0 20 0.209535267691 
38 48 0 20 0.208949126894 
166 177 0 20 0.208900021169 
186 197 0 20 0.208695497688 
130 133 0 20 0.208167559943 
198 206 0 20 0.20791863863 
259 260 0 20 0.207738990873 
186 196 0 20 0.20729094667 
272 279 0 20 0.206902363471 
