13 158 0 20 0.00214167732371 
13 157 0 20 0.00213945506009 
14 158 0 20 0.00210577651852 
15 158 0 20 0.00209497835919 
9 158 0 20 0.00208137045583 
7 158 0 20 0.00206513432345 
12 158 0 20 0.002060115804 
13 155 0 20 0.00205442422866 
9 157 0 20 0.00205125829013 
10 158 0 20 0.00205106294252 
10 157 0 20 0.0020427953335 
15 155 0 20 0.00203603489937 
14 155 0 20 0.002031278316 
11 158 0 20 0.0020307158815 
12 155 0 20 0.00202022289308 
14 157 0 20 0.00201469853247 
15 157 0 20 0.00201073233557 
9 155 0 20 0.00200502108253 
11 157 0 20 0.00199035090568 
12 157 0 20 0.00197712363959 
11 155 0 20 0.00197167986318 
10 155 0 20 0.00195562691172 
8 158 0 20 0.00194875624775 
7 157 0 20 0.0019314861545 
8 154 0 20 0.00191521190785 
8 157 0 20 0.00190661906081 
7 155 0 20 0.00189751973035 
131 158 0 20 0.00188655837261 
130 157 0 20 0.00188017243394 
131 157 0 20 0.00187671027394 
127 157 0 20 0.00186210551606 
127 158 0 20 0.00185979636284 
130 158 0 20 0.00182721908947 
128 157 0 20 0.00182620149707 
129 158 0 20 0.00181878820281 
149 195 0 20 0.00176676207129 
121 158 0 20 0.00176639685868 
41 69 0 20 0.00176465099921 
123 158 0 20 0.00176435006352 
128 158 0 20 0.00176180941592 
125 155 0 20 0.00175437500647 
148 195 0 20 0.00173531161816 
203 347 0 20 0.00172113650906 
126 158 0 20 0.0017210581619 
205 347 0 20 0.00171858029059 
207 347 0 20 0.00171732172633 
40 69 0 20 0.001716572655 
129 156 0 20 0.00171419281088 
124 155 0 20 0.00171157691839 
133 157 0 20 0.00170895455134 
206 347 0 20 0.0017038205416 
122 158 0 20 0.00169801028898 
122 157 0 20 0.00169461973653 
124 157 0 20 0.00169184315293 
119 157 0 20 0.00168383169278 
125 158 0 20 0.00168254901342 
1 7 0 20 0.00167938054763 
132 157 0 20 0.00167933797805 
134 158 0 20 0.00167816567613 
5 8 0 20 0.00167646194287 
119 158 0 20 0.00167325466442 
151 195 0 20 0.00167161190579 
202 347 0 20 0.00166534468933 
150 195 0 20 0.00166118873327 
124 158 0 20 0.00166105024405 
121 157 0 20 0.00165645961942 
42 69 0 20 0.00165570842941 
121 155 0 20 0.00165138450702 
132 158 0 20 0.00164777608198 
204 347 0 20 0.00164761599328 
229 259 0 20 0.00164753447645 
38 69 0 20 0.00164745797039 
123 155 0 20 0.00164511911872 
336 440 0 20 0.00164106993312 
334 374 0 20 0.00164100437339 
337 440 0 20 0.00162835208332 
134 157 0 20 0.00162741662995 
123 157 0 20 0.00162354125671 
119 155 0 20 0.00162287936262 
127 155 0 20 0.00162133557389 
338 369 0 20 0.00161921584766 
122 155 0 20 0.0016188831241 
337 369 0 20 0.00161285950242 
126 155 0 20 0.00161263661708 
121 156 0 20 0.00161226320174 
125 157 0 20 0.00161222981771 
128 155 0 20 0.00161134186841 
129 159 0 20 0.00161052513607 
144 195 0 20 0.00160978065674 
121 154 0 20 0.00160495632791 
44 69 0 20 0.00160415478501 
3 8 0 20 0.00160142723552 
337 374 0 20 0.00159864587345 
132 159 0 20 0.00159594532014 
121 153 0 20 0.00159456568056 
4 8 0 20 0.00159393260782 
129 157 0 20 0.00159125227668 
130 155 0 20 0.00158973162108 
135 158 0 20 0.00158629629872 
148 198 0 20 0.00158551673435 
1 9 0 20 0.0015806852065 
149 198 0 20 0.00157717537096 
333 374 0 20 0.00157537224578 
495 502 0 20 0.0015753409918 
339 374 0 20 0.00157370522082 
152 195 0 20 0.00157246602035 
41 72 0 20 0.00156975273061 
229 260 0 20 0.00156789484267 
159 474 0 20 0.00156641969313 
34 134 0 20 0.00156611648507 
149 201 0 20 0.00156482766947 
95 201 0 20 0.00156462792894 
131 155 0 20 0.00156374453044 
337 439 0 20 0.00156017201814 
235 248 0 20 0.00155677838 
123 162 0 20 0.00155583919275 
129 153 0 20 0.00155542128791 
159 471 0 20 0.00155463268826 
153 195 0 20 0.00155349431712 
132 156 0 20 0.00155245577446 
142 201 0 20 0.00155181582436 
208 346 0 20 0.00155167144216 
146 196 0 20 0.00155118137827 
121 152 0 20 0.00154983848745 
41 64 0 20 0.00154931536343 
147 195 0 20 0.00154920756461 
159 470 0 20 0.00154828053824 
159 476 0 20 0.00154706220588 
39 69 0 20 0.00154611325984 
144 194 0 20 0.00154482887131 
1 8 0 20 0.00154386975718 
46 69 0 20 0.00154030836177 
31 134 0 20 0.00153968406038 
154 195 0 20 0.00153804011812 
148 201 0 20 0.0015368593868 
204 208 0 20 0.00153477217429 
144 196 0 20 0.00153399474893 
491 536 0 20 0.00152714097345 
143 195 0 20 0.00152565581597 
143 201 0 20 0.00152513699549 
31 133 0 20 0.00152295155124 
145 195 0 20 0.00152248512887 
43 67 0 20 0.00152101752982 
146 194 0 20 0.00151982767889 
43 70 0 20 0.00151712362792 
2 8 0 20 0.00151709173382 
203 349 0 20 0.00151622520226 
131 134 0 20 0.00151491162679 
35 134 0 20 0.00151449796771 
35 133 0 20 0.00151388683513 
338 373 0 20 0.00151229161569 
89 96 0 20 0.0015114457982 
142 195 0 20 0.00151128836917 
40 64 0 20 0.00151112580365 
491 534 0 20 0.00150641084917 
534 581 0 20 0.00150564248339 
158 192 0 20 0.00150508982179 
89 95 0 20 0.00150026724156 
43 68 0 20 0.00149968213123 
13 132 0 20 0.00149932020706 
191 210 0 20 0.00149878158345 
201 206 0 20 0.00149833560132 
235 237 0 20 0.00149828738567 
45 69 0 20 0.00149777299261 
337 373 0 20 0.00149735802644 
230 259 0 20 0.00149735403765 
144 199 0 20 0.00149719985336 
132 135 0 20 0.00149591428561 
536 581 0 20 0.00149569552115 
41 61 0 20 0.00149541330979 
235 238 0 20 0.00149530678716 
205 348 0 20 0.00149110738879 
203 348 0 20 0.00149004667386 
333 440 0 20 0.00148810163353 
40 61 0 20 0.00148784402101 
146 195 0 20 0.00148765618247 
495 504 0 20 0.00148745523654 
195 210 0 20 0.00148597337155 
144 201 0 20 0.00148434763965 
43 69 0 20 0.00148431757482 
515 522 0 20 0.00148415854362 
208 345 0 20 0.00148395403291 
492 535 0 20 0.00148284227597 
208 350 0 20 0.00148187646544 
89 101 0 20 0.00147955658193 
205 349 0 20 0.00147898258008 
42 72 0 20 0.00147576694931 
95 195 0 20 0.00147454288977 
228 260 0 20 0.00147269942473 
186 421 0 20 0.00147188460624 
1 2 0 20 0.00146971023197 
131 133 0 20 0.00146944117192 
36 134 0 20 0.00146798190772 
141 195 0 20 0.00146597124397 
33 133 0 20 0.0014656538577 
337 438 0 20 0.0014600045802 
338 371 0 20 0.00145923228872 
536 575 0 20 0.00145472368029 
38 61 0 20 0.00145336059766 
337 437 0 20 0.00145303173193 
195 209 0 20 0.00145171068337 
337 371 0 20 0.00145143715811 
44 72 0 20 0.00145118904012 
338 440 0 20 0.0014488643564 
7 8 0 20 0.00144581332481 
513 522 0 20 0.00144503884608 
513 521 0 20 0.0014447183605 
191 218 0 20 0.00144421422296 
235 243 0 20 0.00144336134627 
185 423 0 20 0.00144321414922 
32 134 0 20 0.00144301717182 
338 439 0 20 0.00144212962942 
337 436 0 20 0.00144180837613 
532 581 0 20 0.0014411234755 
536 540 0 20 0.00144002913769 
39 72 0 20 0.00143773198074 
536 539 0 20 0.0014368689713 
34 133 0 20 0.00143517968084 
96 201 0 20 0.00143466506636 
201 207 0 20 0.00143121298663 
88 102 0 20 0.00142996016724 
235 538 0 20 0.00142954224474 
410 488 0 20 0.00142946403988 
493 535 0 20 0.00142862453272 
96 195 0 20 0.00142828159807 
203 208 0 20 0.00142630802087 
36 133 0 20 0.00142583188219 
29 133 0 20 0.0014253281191 
1 4 0 20 0.00142510701968 
234 239 0 20 0.00142479730776 
335 440 0 20 0.00142400904755 
490 536 0 20 0.00141923534742 
1 10 0 20 0.00141815090812 
186 423 0 20 0.00141790967666 
397 521 0 20 0.00141541879645 
397 399 0 20 0.00141424365845 
89 100 0 20 0.00141413480454 
188 195 0 20 0.00141132222207 
235 245 0 20 0.00141101470963 
188 421 0 20 0.00141079751826 
489 537 0 20 0.00140796033632 
186 195 0 20 0.00140786807231 
235 240 0 20 0.00140741032618 
185 195 0 20 0.0014061033626 
488 537 0 20 0.0014058901126 
490 534 0 20 0.00140362253412 
208 228 0 20 0.00140259257137 
534 540 0 20 0.0014007494749 
33 134 0 20 0.00139891721999 
343 440 0 20 0.00139727616452 
187 195 0 20 0.00139677923064 
492 533 0 20 0.00139660282997 
489 536 0 20 0.00139361492398 
189 421 0 20 0.00139293755611 
189 210 0 20 0.00139231968235 
89 98 0 20 0.00139156938721 
185 188 0 20 0.00139093685575 
195 207 0 20 0.00138978720867 
201 210 0 20 0.00138925595628 
120 133 0 20 0.0013892422886 
493 536 0 20 0.00138569690361 
492 536 0 20 0.00138457416111 
29 134 0 20 0.00138267321648 
491 537 0 20 0.00138150502996 
32 133 0 20 0.00138061922044 
184 423 0 20 0.00138010289182 
195 206 0 20 0.00137847954265 
492 531 0 20 0.00137836011529 
183 423 0 20 0.00137829816359 
488 536 0 20 0.00137796543676 
89 102 0 20 0.0013769706931 
315 320 0 20 0.00137655036132 
410 495 0 20 0.00137642452304 
235 244 0 20 0.00137432303186 
190 195 0 20 0.00137203375345 
514 521 0 20 0.00137009643425 
410 485 0 20 0.00136905375182 
493 531 0 20 0.00136873576425 
397 400 0 20 0.00136871425186 
232 538 0 20 0.00136836865511 
98 201 0 20 0.0013680971297 
495 536 0 20 0.00136717223619 
195 214 0 20 0.00136623507626 
155 158 0 20 0.00136598502103 
492 540 0 20 0.00136572353884 
186 422 0 20 0.00136570993522 
490 532 0 20 0.0013656277968 
183 432 0 20 0.00136357876103 
490 537 0 20 0.00136187303731 
536 538 0 20 0.0013613671537 
482 537 0 20 0.00135944043364 
232 539 0 20 0.00135841118066 
532 540 0 20 0.00135740360552 
89 99 0 20 0.00135691070694 
409 495 0 20 0.0013554063696 
235 539 0 20 0.00135508779579 
232 540 0 20 0.00135500776598 
235 540 0 20 0.00135440800292 
235 252 0 20 0.00135173314365 
195 219 0 20 0.00135109405581 
534 538 0 20 0.00135064906421 
536 542 0 20 0.00134978057985 
68 72 0 20 0.001348427859 
178 186 0 20 0.00134782652456 
537 542 0 20 0.00134725092204 
532 538 0 20 0.00134653232401 
529 536 0 20 0.00134645553836 
410 484 0 20 0.00134572630074 
93 102 0 20 0.00134545288508 
195 213 0 20 0.00134543469883 
202 208 0 20 0.00134466895151 
195 218 0 20 0.00134462864686 
195 220 0 20 0.00134453547528 
9 195 0 20 0.00134382253335 
64 70 0 20 0.00134334433444 
163 177 0 20 0.00134089853552 
198 207 0 20 0.00134024152641 
503 521 0 20 0.00133973958782 
200 208 0 20 0.0013396972055 
15 132 0 20 0.00133760687425 
162 171 0 20 0.00133688263831 
408 495 0 20 0.00133659992324 
89 104 0 20 0.00133632052201 
407 495 0 20 0.00133555498727 
12 132 0 20 0.00133444243804 
89 103 0 20 0.00133393160812 
180 423 0 20 0.00133361240302 
192 216 0 20 0.00133265670077 
532 535 0 20 0.00133221255864 
187 423 0 20 0.0013310205352 
158 176 0 20 0.00133006656773 
407 491 0 20 0.00132888947069 
409 488 0 20 0.00132859082609 
491 532 0 20 0.00132851904409 
185 418 0 20 0.00132788768247 
495 532 0 20 0.00132727310352 
182 432 0 20 0.00132634835432 
315 321 0 20 0.00132624139125 
104 201 0 20 0.0013258567401 
218 440 0 20 0.00132583977092 
186 428 0 20 0.00132413360367 
421 428 0 20 0.00132307472155 
184 431 0 20 0.00132158896202 
492 539 0 20 0.00132064829032 
409 482 0 20 0.00132011569157 
199 208 0 20 0.00131887609352 
89 97 0 20 0.00131844249198 
188 210 0 20 0.00131834909327 
61 70 0 20 0.00131787490733 
398 522 0 20 0.00131752409684 
529 532 0 20 0.0013175140124 
489 534 0 20 0.00131701858717 
89 109 0 20 0.00131573887984 
183 431 0 20 0.00131560681875 
492 532 0 20 0.00131483589682 
208 232 0 20 0.0013143938037 
409 491 0 20 0.0013135166109 
503 520 0 20 0.00131326830314 
104 195 0 20 0.00131313555731 
105 201 0 20 0.00131302504902 
103 195 0 20 0.00131290051211 
534 539 0 20 0.00131240350412 
191 421 0 20 0.00131182420074 
188 194 0 20 0.00131125316328 
201 209 0 20 0.00131075870851 
235 239 0 20 0.00131045842843 
153 158 0 20 0.00130997902207 
7 189 0 20 0.00130921907784 
410 482 0 20 0.00130916076473 
397 522 0 20 0.00130912414784 
493 540 0 20 0.00130848354783 
194 216 0 20 0.00130819817773 
189 422 0 20 0.00130783682322 
89 105 0 20 0.00130733212361 
14 132 0 20 0.00130386292957 
493 539 0 20 0.00130373573173 
195 217 0 20 0.00130173779819 
189 195 0 20 0.00130107158015 
197 208 0 20 0.00130077963974 
408 490 0 20 0.00130048224395 
494 536 0 20 0.00129835933223 
13 129 0 20 0.00129703695357 
493 533 0 20 0.00129625021671 
407 488 0 20 0.00129586049055 
398 521 0 20 0.00129561676549 
9 132 0 20 0.00129443098656 
186 187 0 20 0.00129413362257 
396 428 0 20 0.00129406416019 
184 418 0 20 0.00129236398161 
180 418 0 20 0.00129177660908 
155 160 0 20 0.00129041416086 
184 432 0 20 0.00128964951601 
508 520 0 20 0.00128681592301 
130 134 0 20 0.00128674504873 
410 489 0 20 0.00128554559468 
122 133 0 20 0.00128455791962 
189 419 0 20 0.00128453820007 
181 423 0 20 0.00128312593397 
190 423 0 20 0.00128232796916 
418 427 0 20 0.0012821435822 
91 102 0 20 0.00128196805938 
186 419 0 20 0.00128085347495 
179 432 0 20 0.00128049335591 
178 418 0 20 0.00127988589428 
408 488 0 20 0.00127802902843 
126 134 0 20 0.00127732450207 
155 157 0 20 0.00127725220436 
181 186 0 20 0.0012757063156 
158 178 0 20 0.00127465513162 
157 176 0 20 0.00127455448077 
410 494 0 20 0.00127449734213 
179 195 0 20 0.00127413483798 
185 428 0 20 0.00127350657884 
192 423 0 20 0.00127279258511 
408 485 0 20 0.00127275422451 
157 160 0 20 0.00127189922459 
198 206 0 20 0.00127012779987 
188 423 0 20 0.00126974851289 
531 534 0 20 0.00126964192153 
186 417 0 20 0.00126891478371 
532 542 0 20 0.0012682050973 
529 534 0 20 0.00126802763229 
144 185 0 20 0.00126768847085 
124 134 0 20 0.00126727058343 
189 423 0 20 0.00126691799769 
395 428 0 20 0.00126655603959 
7 132 0 20 0.0012660194929 
410 481 0 20 0.00126575706481 
409 493 0 20 0.00126572094604 
10 132 0 20 0.00126529224437 
132 134 0 20 0.00126419891654 
116 133 0 20 0.00126413998548 
530 535 0 20 0.00126323246458 
157 159 0 20 0.00126192838238 
423 427 0 20 0.00126136502252 
537 540 0 20 0.00126115699941 
189 192 0 20 0.00125940478437 
217 440 0 20 0.00125937106228 
127 134 0 20 0.00125864092607 
178 423 0 20 0.00125805758484 
315 322 0 20 0.0012571682934 
155 159 0 20 0.00125522154858 
186 427 0 20 0.00125440237311 
154 158 0 20 0.00125371538598 
185 189 0 20 0.00125349200832 
411 485 0 20 0.00125336619642 
176 186 0 20 0.00125330445968 
533 536 0 20 0.00125295953885 
120 134 0 20 0.00125227554416 
539 541 0 20 0.0012511926504 
410 493 0 20 0.00125013662593 
188 192 0 20 0.00124726030936 
190 428 0 20 0.00124642836086 
189 194 0 20 0.00124545363881 
186 194 0 20 0.00124541636949 
208 230 0 20 0.00124438858353 
182 195 0 20 0.00124417871888 
410 486 0 20 0.00124377694385 
186 425 0 20 0.00124179389032 
181 188 0 20 0.00124166861571 
155 161 0 20 0.00124078083149 
179 418 0 20 0.00124069317835 
9 129 0 20 0.00124044971028 
129 135 0 20 0.00124035005796 
14 129 0 20 0.00124029266981 
407 485 0 20 0.00124018182042 
188 428 0 20 0.0012395770249 
182 423 0 20 0.00123885687415 
408 491 0 20 0.00123870293746 
409 490 0 20 0.00123854727079 
174 541 0 20 0.00123837502315 
122 134 0 20 0.00123707824174 
181 432 0 20 0.00123591248372 
185 191 0 20 0.00123473761062 
207 232 0 20 0.00123442542321 
184 195 0 20 0.00123438047133 
240 258 0 20 0.00123348591707 
123 134 0 20 0.00123347093451 
397 427 0 20 0.00123327917556 
157 178 0 20 0.00123171089264 
407 484 0 20 0.00123145677758 
407 482 0 20 0.00123043431041 
184 188 0 20 0.00122962948861 
162 174 0 20 0.00122943088237 
121 133 0 20 0.00122892783958 
532 543 0 20 0.00122883883345 
121 137 0 20 0.00122878055204 
113 133 0 20 0.00122812239658 
410 490 0 20 0.00122675978607 
407 481 0 20 0.00122647547557 
209 228 0 20 0.00122643694784 
125 134 0 20 0.00122624911409 
409 486 0 20 0.00122614610932 
408 486 0 20 0.00122614610932 
124 133 0 20 0.00122493151884 
408 481 0 20 0.0012236313566 
408 484 0 20 0.00122322646666 
409 484 0 20 0.00122322646666 
411 493 0 20 0.00122294144503 
189 193 0 20 0.00122172373369 
151 158 0 20 0.00122069656888 
409 494 0 20 0.00121917823021 
188 193 0 20 0.00121777437958 
396 432 0 20 0.00121703818885 
208 233 0 20 0.00121670031265 
409 485 0 20 0.00121669597596 
152 158 0 20 0.0012166032435 
128 133 0 20 0.00121562674883 
162 176 0 20 0.00121549678251 
409 481 0 20 0.0012154690373 
421 431 0 20 0.001214339954 
144 179 0 20 0.00121409110076 
187 201 0 20 0.00121385816811 
183 195 0 20 0.00121039993477 
201 423 0 20 0.00120971596913 
129 134 0 20 0.00120951532156 
69 70 0 20 0.00120607037262 
191 195 0 20 0.00120560940438 
228 239 0 20 0.00120496808762 
176 188 0 20 0.00120441268131 
227 232 0 20 0.00120318474144 
173 195 0 20 0.00120296113644 
227 239 0 20 0.001202210825 
433 462 0 20 0.00120148984374 
162 177 0 20 0.00120133670625 
228 238 0 20 0.00120054407063 
179 188 0 20 0.0012005101954 
208 433 0 20 0.00119928333986 
422 428 0 20 0.00119842836102 
228 230 0 20 0.00119619248644 
208 434 0 20 0.00119574850779 
157 161 0 20 0.00119391111608 
184 191 0 20 0.00119333981519 
71 72 0 20 0.00119191212325 
150 158 0 20 0.00119152171053 
58 69 0 20 0.00119125982207 
374 386 0 20 0.00119123506914 
183 188 0 20 0.00119098848389 
180 186 0 20 0.00119015813006 
374 389 0 20 0.00118929624837 
131 136 0 20 0.00118865334782 
153 157 0 20 0.00118818889115 
423 426 0 20 0.00118802936462 
126 133 0 20 0.00118727023444 
178 195 0 20 0.00118694128126 
182 188 0 20 0.00118552159288 
194 198 0 20 0.00118504507016 
439 462 0 20 0.00118391004956 
130 133 0 20 0.0011831841319 
83 258 0 20 0.00118315679203 
319 345 0 20 0.00118160010435 
146 180 0 20 0.00118005299463 
84 258 0 20 0.00117892707244 
154 157 0 20 0.00117764157001 
166 177 0 20 0.00117720425157 
317 432 0 20 0.00117705734404 
192 195 0 20 0.00117617759946 
397 429 0 20 0.00117604045363 
398 427 0 20 0.00117485462816 
315 345 0 20 0.00117340240269 
395 431 0 20 0.00117254492162 
81 258 0 20 0.00117159917838 
179 186 0 20 0.00117151687179 
201 421 0 20 0.00117021085521 
82 258 0 20 0.00116998726405 
319 346 0 20 0.00116992801827 
197 470 0 20 0.00116927715633 
317 431 0 20 0.00116865199531 
423 428 0 20 0.00116575361775 
171 541 0 20 0.00116522006576 
155 163 0 20 0.00116494706654 
178 188 0 20 0.00116371345593 
432 436 0 20 0.00116311913624 
171 537 0 20 0.00116257092485 
186 197 0 20 0.00116196788108 
186 196 0 20 0.00116132954127 
172 541 0 20 0.00116061747938 
398 426 0 20 0.00116030270025 
174 537 0 20 0.00115987694883 
155 162 0 20 0.00115985477815 
176 537 0 20 0.00115897178549 
176 541 0 20 0.00115879766588 
437 462 0 20 0.00115853117364 
397 425 0 20 0.00115746500292 
226 232 0 20 0.00115629069882 
201 422 0 20 0.00115581192534 
431 433 0 20 0.00115535756189 
374 387 0 20 0.00115507928689 
423 425 0 20 0.00115248684027 
151 162 0 20 0.00115123348131 
176 536 0 20 0.00115102775787 
149 158 0 20 0.00115038007325 
398 429 0 20 0.0011503749158 
9 258 0 20 0.00114963711608 
419 428 0 20 0.00114812769094 
397 426 0 20 0.00114637925273 
172 536 0 20 0.00114631865652 
314 352 0 20 0.00114538448765 
197 471 0 20 0.00114363358542 
422 431 0 20 0.0011421109601 
316 432 0 20 0.00114069631052 
398 425 0 20 0.00114002736773 
314 432 0 20 0.00113997078532 
196 471 0 20 0.00113994040874 
398 545 0 20 0.00113455056912 
79 258 0 20 0.0011306069188 
398 552 0 20 0.00112915413109 
415 428 0 20 0.00112803165943 
420 428 0 20 0.00112787929984 
430 435 0 20 0.00112749446071 
3 258 0 20 0.00112527108341 
312 431 0 20 0.00112150692735 
79 254 0 20 0.0011210028732 
78 258 0 20 0.00112060277415 
191 237 0 20 0.00112045085186 
86 235 0 20 0.00111922609258 
436 462 0 20 0.00111887617816 
87 258 0 20 0.00111718891495 
92 258 0 20 0.00111688299417 
438 462 0 20 0.00111570427393 
422 432 0 20 0.0011151982126 
418 426 0 20 0.00111203435925 
321 347 0 20 0.00111189150334 
85 235 0 20 0.00110860582482 
407 537 0 20 0.00110722308305 
90 235 0 20 0.00110707728768 
315 346 0 20 0.00110293946074 
88 235 0 20 0.0011026624113 
373 385 0 20 0.00110193213249 
410 535 0 20 0.00110108428746 
418 431 0 20 0.00109936210951 
83 235 0 20 0.00109671086335 
195 237 0 20 0.00109637459243 
423 431 0 20 0.00109561201639 
320 347 0 20 0.00109412564059 
7 258 0 20 0.00109412503395 
431 436 0 20 0.00109222972072 
314 351 0 20 0.00108914624904 
69 135 0 20 0.00108809568012 
1 262 0 20 0.00108766844498 
319 347 0 20 0.00108631463737 
427 431 0 20 0.00108563674045 
436 440 0 20 0.00108547977045 
78 235 0 20 0.0010845120389 
432 439 0 20 0.00108402265762 
424 431 0 20 0.00108244952415 
417 428 0 20 0.00108107942039 
221 230 0 20 0.00107953141539 
415 427 0 20 0.00107918342446 
426 431 0 20 0.00107820017952 
398 542 0 20 0.00107813148707 
545 570 0 20 0.00107724064709 
5 258 0 20 0.00107626124701 
228 231 0 20 0.00107620761997 
95 474 0 20 0.00107568763881 
553 565 0 20 0.00107263342763 
553 567 0 20 0.00107209108138 
89 479 0 20 0.00107106749388 
398 543 0 20 0.00106292835615 
398 547 0 20 0.00106229103481 
398 544 0 20 0.00105946577069 
70 186 0 20 0.00105576038388 
70 188 0 20 0.00105223097749 
396 553 0 20 0.00105101376431 
69 137 0 20 0.00104966023471 
70 189 0 20 0.00104912470321 
559 570 0 20 0.00104870667561 
397 541 0 20 0.00104833659325 
398 549 0 20 0.00104480662995 
72 135 0 20 0.00104444729123 
70 134 0 20 0.00104033162752 
553 568 0 20 0.0010388733114 
545 575 0 20 0.00103758766887 
398 546 0 20 0.0010375455102 
221 421 0 20 0.00103416244498 
546 570 0 20 0.00103133014806 
566 570 0 20 0.0010251665446 
222 537 0 20 0.00101358818288 
562 571 0 20 0.00101211734081 
568 570 0 20 0.0010094932344 
567 570 0 20 0.00100846411873 
385 465 0 20 0.00100323573285 
560 571 0 20 0.00100193107692 
8 280 0 20 0.00100150974395 
8 281 0 20 0.000999120140756 
216 540 0 20 0.000998380534275 
95 440 0 20 0.000998351641146 
385 464 0 20 0.000997530706595 
385 467 0 20 0.000992685703903 
96 440 0 20 0.000989038226017 
221 419 0 20 0.000988971217503 
221 423 0 20 0.000988812743092 
216 541 0 20 0.000982331179309 
558 570 0 20 0.00098026629555 
553 561 0 20 0.00097846978497 
215 541 0 20 0.000976153595789 
562 570 0 20 0.000974186767885 
560 572 0 20 0.000972603684056 
158 432 0 20 0.00097242825553 
560 570 0 20 0.000968411529372 
550 560 0 20 0.00096610612072 
561 570 0 20 0.000965489710491 
36 43 0 20 0.000948426355546 
3 431 0 20 0.000945744262085 
4 431 0 20 0.000945585359212 
34 43 0 20 0.000943973158163 
35 43 0 20 0.000941665163361 
158 436 0 20 0.000938462914358 
567 575 0 20 0.000935549624107 
157 430 0 20 0.000934055580855 
158 433 0 20 0.000930713536019 
157 432 0 20 0.000926085675012 
64 246 0 20 0.000922796116428 
64 245 0 20 0.000921673407983 
32 43 0 20 0.000919521304384 
470 472 0 20 0.000918762671195 
466 469 0 20 0.000915922730039 
283 559 0 20 0.000912857615918 
31 43 0 20 0.000909703725977 
330 343 0 20 0.00090661137199 
440 473 0 20 0.000905103098447 
330 335 0 20 0.000904745786424 
330 339 0 20 0.000904101013704 
440 472 0 20 0.00090222891612 
282 559 0 20 0.000898278409456 
330 334 0 20 0.000897543118781 
8 17 0 20 0.00089473303624 
466 471 0 20 0.000893618029075 
39 48 0 20 0.000892720122319 
38 48 0 20 0.000886001169031 
461 463 0 20 0.000874803430868 
332 337 0 20 0.000873471343296 
8 18 0 20 0.000872505311394 
272 278 0 20 0.000867048692387 
330 338 0 20 0.000862953693361 
330 342 0 20 0.000852346804416 
246 258 0 20 0.000850272878067 
330 340 0 20 0.00084938099271 
332 338 0 20 0.000848562452287 
419 513 0 20 0.000835922337619 
418 505 0 20 0.000835037722514 
272 279 0 20 0.000833746398909 
417 511 0 20 0.000833735734203 
252 258 0 20 0.000793878178348 
553 557 0 20 0.000758141656882 
251 258 0 20 0.000730650120474 
250 258 0 20 0.000664610229143 
248 258 0 20 0.000641784216433 
521 552 0 20 0.000322944798178 
7 48 0 20 0.00029903377311 
515 529 0 20 0.000229928603645 
384 397 0 20 0.000193821595454 
8 421 0 20 0.000183779406782 
208 322 0 20 0.000183272935666 
1 337 0 20 0.0001804613512 
75 542 0 20 0.000172614833274 
1 70 0 20 0.000167192079659 
7 228 0 20 0.000164378323711 
1 61 0 20 0.000162321701381 
15 26 0 20 0.000162220902537 
235 434 0 20 0.000157295370452 
80 354 0 20 0.000155856394472 
70 562 0 20 0.00015574055445 
323 410 0 20 0.000152735307309 
189 568 0 20 0.000150401161399 
158 418 0 20 0.000149253255477 
192 283 0 20 0.000147732513505 
176 337 0 20 0.000147420381819 
88 272 0 20 0.00014557429878 
259 274 0 20 0.000145341300081 
485 561 0 20 0.000145037925157 
421 471 0 20 0.000144428419329 
75 148 0 20 0.000144161622574 
431 480 0 20 0.000140499331927 
283 472 0 20 0.000139514357192 
274 431 0 20 0.000138959787766 
369 423 0 20 0.000137824521142 
158 185 0 20 0.000137309886488 
268 418 0 20 0.000136083012817 
219 268 0 20 0.000133148861042 
415 463 0 20 0.000131499119982 
188 294 0 20 0.000128687000028 
100 146 0 20 0.000128601806137 
180 440 0 20 0.000126511708778 
188 384 0 20 0.000124555723091 
1 247 0 20 0.000124039193491 
216 222 0 20 0.000123533201945 
433 536 0 20 0.000123430153207 
374 411 0 20 0.000123057477904 
235 411 0 20 0.000122441848051 
17 189 0 20 0.000121850745944 
112 121 0 20 0.000104277669374 
458 470 0 20 0.000103002348742 
279 283 0 20 0.000100842430929 
259 260 0 20 9.63704831567e-05 
