13 158 0 20 0.00160696278314 
13 157 0 20 0.00160528036114 
14 158 0 20 0.00157978315241 
15 158 0 20 0.00157160812732 
9 158 0 20 0.00156130591302 
7 158 0 20 0.00154901393015 
12 158 0 20 0.00154521453053 
13 155 0 20 0.00154090557659 
9 157 0 20 0.00153850872115 
10 158 0 20 0.0015383608282 
10 157 0 20 0.0015321016215 
12 155 0 20 0.00152855589611 
15 155 0 20 0.00152698346044 
14 155 0 20 0.00152338236629 
14 157 0 20 0.00152313217789 
11 158 0 20 0.00152295656074 
15 157 0 20 0.00150782750177 
9 155 0 20 0.00150350365032 
11 157 0 20 0.00149239721447 
131 158 0 20 0.00148897617158 
12 157 0 20 0.00148238317144 
11 155 0 20 0.00147826182007 
130 157 0 20 0.00147180164487 
131 157 0 20 0.00146918453025 
10 155 0 20 0.00146610851903 
95 201 0 20 0.00146170166532 
8 158 0 20 0.00146090690563 
203 347 0 20 0.00146088359769 
205 347 0 20 0.00145897585425 
127 157 0 20 0.00145814450746 
207 347 0 20 0.00145803656923 
127 158 0 20 0.00145639897328 
206 347 0 20 0.00144796043652 
7 157 0 20 0.001447832136 
7 155 0 20 0.00144579131191 
8 157 0 20 0.0014457650064 
130 158 0 20 0.0014438868739 
129 158 0 20 0.00143891869363 
8 154 0 20 0.00143551129773 
128 157 0 20 0.00143100395567 
202 347 0 20 0.00141924534213 
41 69 0 20 0.00140635615543 
204 347 0 20 0.00140601415554 
334 374 0 20 0.00139873685331 
132 157 0 20 0.00139788026084 
95 195 0 20 0.00139729216204 
338 369 0 20 0.00139418186458 
1 154 0 20 0.00139370496327 
208 346 0 20 0.00139182566269 
121 158 0 20 0.00138579645712 
123 158 0 20 0.00138424924454 
96 195 0 20 0.00138386933235 
128 158 0 20 0.00138232871921 
337 369 0 20 0.00137768115955 
125 155 0 20 0.00137670890338 
229 259 0 20 0.00137393364075 
44 69 0 20 0.00137358076538 
98 201 0 20 0.00136988606181 
40 69 0 20 0.00136986464004 
96 201 0 20 0.00136878009366 
339 374 0 20 0.00136790592091 
337 374 0 20 0.00136704768324 
338 373 0 20 0.00135580003033 
126 158 0 20 0.00135152404744 
333 374 0 20 0.00134963625586 
129 156 0 20 0.00134633439402 
124 157 0 20 0.00134538008612 
124 155 0 20 0.0013443569896 
133 157 0 20 0.00134237469094 
337 373 0 20 0.00134000030659 
122 158 0 20 0.00133410170848 
149 195 0 20 0.0013330091762 
38 69 0 20 0.00133229351441 
122 157 0 20 0.00133153872341 
42 69 0 20 0.00132366862682 
119 157 0 20 0.00132338382966 
125 158 0 20 0.00132241422719 
208 345 0 20 0.00132035343283 
229 260 0 20 0.00131969813032 
134 158 0 20 0.0013191007766 
119 158 0 20 0.00131538844657 
202 348 0 20 0.00131442586768 
104 195 0 20 0.00131431209148 
39 69 0 20 0.00131127959431 
336 440 0 20 0.00131051629708 
148 195 0 20 0.00130917281712 
203 349 0 20 0.00130795527591 
124 158 0 20 0.00130616288597 
205 348 0 20 0.00130304565153 
121 157 0 20 0.00130269274282 
337 440 0 20 0.00130098220011 
121 155 0 20 0.00129885636587 
135 158 0 20 0.00129841575107 
34 134 0 20 0.00129689647163 
132 158 0 20 0.00129612868664 
123 155 0 20 0.00129412023602 
127 155 0 20 0.00129134474785 
36 134 0 20 0.00128895331349 
121 153 0 20 0.00128852900559 
338 374 0 20 0.00128701243512 
126 155 0 20 0.00128659474715 
134 157 0 20 0.00128073857773 
41 72 0 20 0.00127942372009 
1 7 0 20 0.00127864589406 
123 157 0 20 0.00127780910713 
119 155 0 20 0.00127730876842 
31 134 0 20 0.00127690858582 
35 133 0 20 0.00127649146571 
5 8 0 20 0.00127643887978 
122 155 0 20 0.00127428793338 
129 157 0 20 0.00127210684812 
230 259 0 20 0.00127165902737 
121 156 0 20 0.00126928380429 
125 157 0 20 0.00126925856865 
128 155 0 20 0.00126858735036 
129 159 0 20 0.00126796996638 
31 133 0 20 0.00126425566102 
121 154 0 20 0.00126376039512 
151 195 0 20 0.00126089468226 
134 159 0 20 0.00126012766059 
45 69 0 20 0.00125939165289 
41 64 0 20 0.00125936230612 
35 134 0 20 0.00125786316149 
132 159 0 20 0.00125694879771 
131 155 0 20 0.00125400250978 
34 133 0 20 0.00125387423451 
150 195 0 20 0.00125299493971 
130 155 0 20 0.00125225174077 
337 439 0 20 0.00124987015183 
46 69 0 20 0.00124762784081 
120 158 0 20 0.00124559984734 
36 133 0 20 0.00124387759104 
129 153 0 20 0.00124106866896 
491 536 0 20 0.00123502914094 
13 132 0 20 0.00123331387986 
1 9 0 20 0.00122255913638 
46 64 0 20 0.00122194641532 
43 67 0 20 0.001221438088 
33 133 0 20 0.00122092782525 
40 64 0 20 0.0012201793164 
3 8 0 20 0.0012196985247 
43 70 0 20 0.00121848261223 
144 195 0 20 0.00121403265937 
4 8 0 20 0.00121403117619 
338 439 0 20 0.00121082812536 
27 134 0 20 0.00120705152138 
43 68 0 20 0.00120524449733 
32 134 0 20 0.00120381023207 
491 534 0 20 0.00120259852204 
41 61 0 20 0.00120200445723 
40 61 0 20 0.00120144671022 
333 440 0 20 0.00119584167637 
148 198 0 20 0.00119564298579 
142 195 0 20 0.00119528571131 
39 72 0 20 0.00119494425354 
159 474 0 20 0.00119472006312 
43 69 0 20 0.00119358278236 
39 64 0 20 0.00119306897087 
29 133 0 20 0.00119043398036 
38 72 0 20 0.00118971260199 
495 502 0 20 0.00118965584111 
149 198 0 20 0.0011893210504 
33 134 0 20 0.00118790740269 
159 470 0 20 0.00118738560601 
42 72 0 20 0.00118709284833 
159 471 0 20 0.00118580686994 
152 195 0 20 0.00118575182449 
492 535 0 20 0.00118479435338 
89 96 0 20 0.00118312032122 
159 476 0 20 0.00118008216103 
149 201 0 20 0.00117996270362 
38 64 0 20 0.00117754108113 
1 8 0 20 0.00117617424276 
337 438 0 20 0.00117477836493 
89 95 0 20 0.00117458097333 
153 195 0 20 0.00117137313402 
142 201 0 20 0.00117010100112 
146 195 0 20 0.00116995590208 
146 196 0 20 0.0011696201532 
337 437 0 20 0.00116955108102 
488 536 0 20 0.0011689661177 
147 195 0 20 0.00116812419602 
25 134 0 20 0.00116744615294 
338 440 0 20 0.00116642695524 
144 194 0 20 0.00116480557593 
15 132 0 20 0.00116294129317 
410 488 0 20 0.00116173787627 
337 436 0 20 0.00116113735038 
208 228 0 20 0.00116013608166 
154 195 0 20 0.00115966036679 
148 201 0 20 0.00115876548825 
89 101 0 20 0.00115876001064 
144 196 0 20 0.00115659437368 
2 8 0 20 0.00115592501933 
143 195 0 20 0.00115027428031 
143 201 0 20 0.00114988106527 
145 195 0 20 0.00114787121044 
335 440 0 20 0.00114779385856 
146 194 0 20 0.00114585712398 
493 535 0 20 0.00114383719248 
492 536 0 20 0.00113884184285 
144 199 0 20 0.0011382812772 
534 581 0 20 0.00113717644802 
490 536 0 20 0.00113674441528 
186 421 0 20 0.00113603173466 
158 192 0 20 0.00113468727366 
493 536 0 20 0.00113366625218 
536 581 0 20 0.00112965467324 
489 537 0 20 0.00112822704779 
488 537 0 20 0.00112666315965 
490 534 0 20 0.00112495018579 
93 102 0 20 0.00112471181879 
495 504 0 20 0.00112359714001 
188 195 0 20 0.00112330500462 
410 495 0 20 0.00112165372594 
88 102 0 20 0.00112087309441 
1 2 0 20 0.00112009569002 
492 533 0 20 0.00111964736175 
144 201 0 20 0.00111896673382 
150 198 0 20 0.0011187405465 
489 536 0 20 0.00111739023817 
410 485 0 20 0.00111608333014 
89 99 0 20 0.00111483480398 
491 537 0 20 0.00111446185079 
185 423 0 20 0.00111424211719 
89 97 0 20 0.00111273365253 
190 195 0 20 0.00111259085455 
186 195 0 20 0.00111235960877 
89 98 0 20 0.00111116207573 
185 195 0 20 0.00111100897118 
144 200 0 20 0.00110974185311 
89 100 0 20 0.00110878403122 
142 198 0 20 0.0011068863157 
408 488 0 20 0.00110645830737 
492 531 0 20 0.00110586645248 
409 495 0 20 0.00110576944055 
187 195 0 20 0.00110387265685 
410 494 0 20 0.0011026837134 
7 8 0 20 0.00110202513246 
492 532 0 20 0.00110152324977 
536 575 0 20 0.0010986722535 
493 531 0 20 0.00109859602641 
232 538 0 20 0.00109849231928 
410 484 0 20 0.00109845381329 
495 536 0 20 0.00109741490624 
492 540 0 20 0.00109632053146 
490 532 0 20 0.00109624820602 
208 232 0 20 0.00109577897844 
189 421 0 20 0.00109560067659 
12 132 0 20 0.00109511690382 
186 423 0 20 0.00109501065613 
131 134 0 20 0.0010942595445 
490 537 0 20 0.00109341178607 
409 493 0 20 0.00109330368105 
407 491 0 20 0.00109324673548 
409 491 0 20 0.00109279630839 
482 537 0 20 0.00109157414891 
408 495 0 20 0.00109155663343 
235 248 0 20 0.00109152001039 
407 495 0 20 0.00109076693222 
235 538 0 20 0.00108965899045 
188 421 0 20 0.00108960539834 
532 581 0 20 0.00108838794006 
492 539 0 20 0.00108742209538 
184 423 0 20 0.00108676568936 
1 4 0 20 0.0010863672703 
493 540 0 20 0.00108634875832 
409 488 0 20 0.0010855038284 
14 132 0 20 0.00108430896475 
232 540 0 20 0.00108321763103 
235 540 0 20 0.00108253195857 
1 10 0 20 0.0010811071413 
89 102 0 20 0.00108039420535 
411 485 0 20 0.00108009917775 
132 135 0 20 0.00107970246978 
7 277 0 20 0.00107871467499 
408 484 0 20 0.0010727343153 
409 482 0 20 0.00107267918141 
410 482 0 20 0.0010708197297 
163 177 0 20 0.00106943743411 
397 521 0 20 0.00106901420225 
493 539 0 20 0.00106858518609 
491 532 0 20 0.00106821551664 
495 532 0 20 0.00106727430837 
396 428 0 20 0.00106719605792 
13 129 0 20 0.00106683132045 
209 228 0 20 0.00106674390398 
162 171 0 20 0.00106643306781 
183 423 0 20 0.00106490580929 
9 132 0 20 0.00106486071913 
408 490 0 20 0.00106426101362 
91 102 0 20 0.00106316898784 
8 281 0 20 0.00106183841222 
158 176 0 20 0.0010613338405 
407 488 0 20 0.00106076816397 
492 534 0 20 0.00106007217091 
489 534 0 20 0.00105952784289 
131 133 0 20 0.00105941694189 
14 129 0 20 0.00105887236286 
218 440 0 20 0.00105616238831 
186 422 0 20 0.00105533872493 
235 246 0 20 0.00105463253508 
235 247 0 20 0.0010537365234 
183 432 0 20 0.00105371902733 
89 109 0 20 0.00105321665153 
410 489 0 20 0.00105297277175 
8 280 0 20 0.00105261270284 
185 418 0 20 0.00105185680616 
410 490 0 20 0.00105166279144 
89 104 0 20 0.0010493413634 
89 103 0 20 0.00104751646172 
155 158 0 20 0.00104710302047 
395 428 0 20 0.00104654288872 
208 230 0 20 0.00104469738967 
409 494 0 20 0.00104355977984 
7 132 0 20 0.00104337628485 
408 485 0 20 0.00104330580578 
185 188 0 20 0.00104285362928 
10 132 0 20 0.00104282634814 
89 105 0 20 0.00104252863988 
407 484 0 20 0.00104197061244 
12 129 0 20 0.00104182269789 
409 484 0 20 0.00103996946826 
85 102 0 20 0.00103978528978 
184 418 0 20 0.00103906123515 
189 195 0 20 0.00103891657036 
410 481 0 20 0.00103801776361 
207 232 0 20 0.00103742744527 
235 252 0 20 0.00103707726546 
183 431 0 20 0.00103648995039 
189 419 0 20 0.00103481665817 
232 539 0 20 0.00103215720862 
180 423 0 20 0.00103094452193 
180 418 0 20 0.00103028772589 
235 539 0 20 0.00102947061094 
187 423 0 20 0.00102897469605 
187 201 0 20 0.00102875372444 
407 482 0 20 0.00102847258544 
195 207 0 20 0.00102701241974 
410 493 0 20 0.00102621275374 
182 432 0 20 0.00102542382714 
397 429 0 20 0.00102538270446 
188 422 0 20 0.00102525738469 
186 428 0 20 0.00102374061124 
184 431 0 20 0.00102180667735 
395 431 0 20 0.00102167116515 
397 427 0 20 0.0010215585318 
410 486 0 20 0.0010214064797 
92 102 0 20 0.00102123468686 
180 432 0 20 0.00102119601959 
407 494 0 20 0.00102105381325 
158 178 0 20 0.00101987952966 
157 176 0 20 0.00101980423091 
186 418 0 20 0.00101978099719 
407 485 0 20 0.00101868949666 
191 421 0 20 0.00101844741383 
201 421 0 20 0.00101833268164 
195 206 0 20 0.001018266115 
408 491 0 20 0.00101757184381 
188 194 0 20 0.00101746046332 
409 490 0 20 0.00101745420008 
192 423 0 20 0.00101710534974 
219 440 0 20 0.00101676654319 
237 536 0 20 0.00101589662581 
408 493 0 20 0.00101542643158 
162 176 0 20 0.00101492702043 
201 423 0 20 0.00101212656982 
408 482 0 20 0.00101207785405 
189 422 0 20 0.00101135501823 
315 320 0 20 0.00101129585183 
186 201 0 20 0.00100993703899 
182 418 0 20 0.00100942221676 
396 432 0 20 0.00100936475632 
407 481 0 20 0.00100833104658 
90 102 0 20 0.00100818057012 
409 486 0 20 0.00100808213092 
408 486 0 20 0.00100808213092 
208 433 0 20 0.00100806774765 
536 538 0 20 0.00100662796229 
235 237 0 20 0.00100619245054 
153 158 0 20 0.0010046511976 
235 238 0 20 0.00100389511494 
185 191 0 20 0.00100278645255 
188 423 0 20 0.00100211419675 
239 539 0 20 0.001001486057 
191 210 0 20 0.00100118007495 
232 252 0 20 0.000999395735073 
155 157 0 20 0.000999268076322 
179 418 0 20 0.000999041800202 
237 537 0 20 0.00099881089909 
186 417 0 20 0.000998720386835 
120 133 0 20 0.000997963019143 
144 185 0 20 0.000997629896042 
184 432 0 20 0.000997532620251 
182 423 0 20 0.000997068129861 
238 537 0 20 0.000995990398403 
398 522 0 20 0.000994987392358 
536 540 0 20 0.000994081687001 
181 432 0 20 0.000993903482043 
181 423 0 20 0.000992574681938 
201 206 0 20 0.000992475519255 
186 202 0 20 0.000992082871031 
190 423 0 20 0.00099196822673 
536 539 0 20 0.000991666479582 
190 410 0 20 0.000991548543963 
186 196 0 20 0.000991421387359 
195 210 0 20 0.000991285320163 
186 200 0 20 0.00099100741229 
186 419 0 20 0.000990847607523 
191 206 0 20 0.000990771858029 
178 418 0 20 0.000990112243848 
155 160 0 20 0.000989821285841 
154 158 0 20 0.000989357466174 
397 522 0 20 0.000988635450625 
157 178 0 20 0.000987752157465 
396 431 0 20 0.000987548658225 
162 174 0 20 0.000986046439998 
186 197 0 20 0.000985769089835 
186 199 0 20 0.000985320954645 
185 428 0 20 0.000985263948503 
152 158 0 20 0.000985233455565 
189 420 0 20 0.000984986099021 
191 195 0 20 0.00098324571718 
181 431 0 20 0.000982726340502 
187 418 0 20 0.000980839054575 
189 423 0 20 0.000980256610713 
184 195 0 20 0.000979579200142 
176 418 0 20 0.000979149480253 
188 428 0 20 0.000979004941457 
188 419 0 20 0.000978573408737 
186 420 0 20 0.000978436970772 
398 521 0 20 0.000978421328418 
192 195 0 20 0.000977896351807 
189 192 0 20 0.000977784631005 
398 427 0 20 0.000977693228166 
186 426 0 20 0.000977629512876 
183 195 0 20 0.000977406642364 
186 415 0 20 0.00097668626827 
157 160 0 20 0.000975787203601 
132 134 0 20 0.000975167866412 
240 258 0 20 0.000974454389584 
158 436 0 20 0.00097405472185 
179 432 0 20 0.000973679794438 
178 423 0 20 0.000973522675272 
204 208 0 20 0.000971610663377 
201 422 0 20 0.000971364971891 
186 427 0 20 0.00097074470541 
188 417 0 20 0.000970732041278 
129 135 0 20 0.000969469978682 
315 321 0 20 0.000969053250017 
188 192 0 20 0.000968491338446 
157 159 0 20 0.000968229434161 
82 258 0 20 0.000967726916692 
185 189 0 20 0.000967212826009 
189 194 0 20 0.000967108823517 
83 258 0 20 0.000967032393164 
70 191 0 20 0.000966956244119 
398 426 0 20 0.000966767602465 
158 433 0 20 0.000965892698135 
79 254 0 20 0.000965593813981 
80 254 0 20 0.000965215811798 
195 209 0 20 0.000964816293865 
208 434 0 20 0.000964742153652 
397 425 0 20 0.000964637051858 
70 186 0 20 0.000964061689882 
534 540 0 20 0.000964061580038 
84 258 0 20 0.000963638339905 
397 428 0 20 0.00096320506213 
155 159 0 20 0.000963145740879 
235 240 0 20 0.000962192128606 
70 188 0 20 0.000962189676803 
70 189 0 20 0.000961584175812 
398 545 0 20 0.000961559325848 
282 559 0 20 0.000961147961644 
186 187 0 20 0.000960448914309 
194 198 0 20 0.000960170739434 
439 462 0 20 0.000959570498686 
186 194 0 20 0.00095878873035 
174 541 0 20 0.000958759297379 
182 195 0 20 0.00095784172937 
81 258 0 20 0.000957758218967 
398 552 0 20 0.00095757679494 
144 179 0 20 0.000957100201124 
88 258 0 20 0.000956991757963 
85 258 0 20 0.000956173404166 
195 203 0 20 0.000955682554384 
188 200 0 20 0.000955391352934 
195 202 0 20 0.00095507909883 
80 257 0 20 0.000954678691933 
80 255 0 20 0.00095374735783 
87 258 0 20 0.000952945410651 
439 466 0 20 0.000952224520595 
155 161 0 20 0.000952199864092 
398 543 0 20 0.000950806466083 
433 462 0 20 0.000950396572463 
183 198 0 20 0.000950222011789 
234 239 0 20 0.000949549004007 
207 435 0 20 0.000949084523627 
189 193 0 20 0.000948950035211 
79 258 0 20 0.000948623499451 
158 432 0 20 0.000948490999912 
283 559 0 20 0.000948282666135 
92 258 0 20 0.000947816477584 
86 258 0 20 0.000947414823733 
166 177 0 20 0.000946974740377 
130 134 0 20 0.000946469918048 
140 186 0 20 0.000946099843335 
188 193 0 20 0.000945927878788 
176 537 0 20 0.000945439460788 
235 243 0 20 0.000945069062012 
183 201 0 20 0.000944570165471 
80 258 0 20 0.000944117065801 
187 198 0 20 0.00094386894399 
188 196 0 20 0.000942900714117 
89 257 0 20 0.000942013256041 
124 134 0 20 0.000941257825014 
71 189 0 20 0.000941215069895 
437 462 0 20 0.000940931997725 
201 207 0 20 0.000940626846449 
70 198 0 20 0.000940619443087 
184 191 0 20 0.000940370326932 
274 431 0 20 0.000940361074674 
195 205 0 20 0.000939816878291 
438 462 0 20 0.000938032544024 
281 431 0 20 0.00093792657096 
315 322 0 20 0.000937523528034 
151 158 0 20 0.000936976252791 
186 198 0 20 0.000936464310681 
79 255 0 20 0.000936263701233 
397 541 0 20 0.000935577349109 
191 198 0 20 0.000935375201986 
70 195 0 20 0.000934980125322 
89 255 0 20 0.000934803777325 
4 431 0 20 0.000934549411723 
179 195 0 20 0.00093398330321 
80 256 0 20 0.000933948939655 
9 195 0 20 0.000932671264238 
157 434 0 20 0.000932266400756 
3 431 0 20 0.000931791261728 
120 134 0 20 0.000931039932793 
532 540 0 20 0.000930933810025 
319 345 0 20 0.00092945389075 
278 431 0 20 0.000928619966661 
433 466 0 20 0.000927625445227 
276 431 0 20 0.000927379188925 
188 197 0 20 0.000926260763208 
190 201 0 20 0.000926226287307 
534 538 0 20 0.000925771544409 
2 431 0 20 0.000925178219475 
536 542 0 20 0.000925107791428 
155 162 0 20 0.000924401620915 
69 135 0 20 0.000924254241884 
69 196 0 20 0.000924104814662 
89 258 0 20 0.000923922688431 
195 204 0 20 0.000923421802752 
282 557 0 20 0.000923349671488 
182 188 0 20 0.000923237368795 
537 542 0 20 0.000923174460214 
315 345 0 20 0.000923133476976 
532 538 0 20 0.000922625260244 
529 536 0 20 0.000922566575585 
9 198 0 20 0.000922087418726 
319 346 0 20 0.000920454732607 
398 542 0 20 0.000919922465258 
440 472 0 20 0.000919653102855 
198 202 0 20 0.000919528968143 
184 188 0 20 0.000919461862437 
121 133 0 20 0.000919240603299 
315 323 0 20 0.000919179617029 
189 210 0 20 0.000918934839397 
188 199 0 20 0.000918585657257 
122 134 0 20 0.000918235779649 
122 133 0 20 0.000917746626373 
78 258 0 20 0.000916837181925 
157 161 0 20 0.000916673225985 
124 133 0 20 0.000914909918016 
150 158 0 20 0.000914862087484 
197 471 0 20 0.000913550313529 
3 432 0 20 0.000912898703907 
153 157 0 20 0.000912335853496 
431 473 0 20 0.000912327747387 
396 553 0 20 0.000912303333118 
126 134 0 20 0.000912203882323 
125 134 0 20 0.000911867156851 
532 535 0 20 0.000911681151825 
227 239 0 20 0.000910695134189 
439 463 0 20 0.000909771182288 
282 554 0 20 0.000908539533162 
157 274 0 20 0.000908470642702 
398 547 0 20 0.000908232329961 
201 210 0 20 0.000908217257694 
121 135 0 20 0.000908131797428 
434 462 0 20 0.000906823080707 
398 544 0 20 0.000906147306164 
9 258 0 20 0.000905799174982 
431 480 0 20 0.00090573175737 
440 473 0 20 0.000905368511578 
178 195 0 20 0.000905255941785 
1 70 0 20 0.000904892062622 
128 133 0 20 0.000904826635642 
235 239 0 20 0.000904800505674 
154 157 0 20 0.00090434112048 
171 541 0 20 0.000902843672774 
116 133 0 20 0.000902100995222 
314 352 0 20 0.000901531713041 
171 537 0 20 0.000900818815214 
181 188 0 20 0.000900477751368 
529 532 0 20 0.000900447554112 
374 386 0 20 0.000899569010031 
199 208 0 20 0.00089936922105 
172 541 0 20 0.000899325708968 
174 537 0 20 0.00089875968816 
436 462 0 20 0.00089843493076 
129 134 0 20 0.000898203876898 
374 389 0 20 0.000898102896778 
176 541 0 20 0.000897934743654 
127 134 0 20 0.000897887236149 
316 432 0 20 0.000897796983816 
317 432 0 20 0.000897405982648 
235 244 0 20 0.00089734870403 
534 539 0 20 0.00089654176688 
155 163 0 20 0.000894718851031 
175 537 0 20 0.000894596030052 
421 428 0 20 0.000894508308879 
235 245 0 20 0.000894451901312 
314 351 0 20 0.000894247761872 
435 472 0 20 0.000893624774539 
2 72 0 20 0.000893503702999 
197 470 0 20 0.000893483127595 
7 189 0 20 0.000893355701614 
434 463 0 20 0.000893112414372 
545 570 0 20 0.000892211615042 
176 536 0 20 0.000891995853451 
317 431 0 20 0.000890655605792 
183 188 0 20 0.000889903498617 
437 466 0 20 0.000889454696395 
123 134 0 20 0.000889142240321 
172 536 0 20 0.000888396475463 
3 258 0 20 0.000888390851392 
203 208 0 20 0.000887887841544 
89 479 0 20 0.000887840218092 
431 477 0 20 0.000886905416309 
546 570 0 20 0.000886329003677 
9 201 0 20 0.000885602693544 
314 349 0 20 0.000885579468014 
200 471 0 20 0.000885576002542 
10 195 0 20 0.000884472593292 
151 162 0 20 0.00088432413079 
59 189 0 20 0.000883876221796 
149 158 0 20 0.000883677258519 
227 232 0 20 0.000883554205935 
319 353 0 20 0.000882838326918 
232 241 0 20 0.000882515881048 
131 136 0 20 0.000879993228564 
119 134 0 20 0.000879734015651 
320 352 0 20 0.00087879735345 
5 186 0 20 0.00087858927009 
314 348 0 20 0.000878070971378 
155 271 0 20 0.00087718748809 
85 235 0 20 0.000876733232565 
321 347 0 20 0.000875708680188 
121 137 0 20 0.000875006155478 
228 230 0 20 0.000874750914455 
126 133 0 20 0.000874097585742 
374 387 0 20 0.000872228436646 
198 207 0 20 0.000870356200757 
200 208 0 20 0.000869935741617 
130 133 0 20 0.000869669606794 
187 189 0 20 0.000869058629018 
315 346 0 20 0.00086880667086 
58 189 0 20 0.000868494559924 
423 427 0 20 0.000867951588204 
128 134 0 20 0.000867690479051 
314 432 0 20 0.000867621585161 
89 472 0 20 0.000867431859818 
90 235 0 20 0.000867222600958 
86 235 0 20 0.000866717718477 
186 191 0 20 0.000866488911666 
316 431 0 20 0.000866205796109 
7 258 0 20 0.000866138541589 
157 271 0 20 0.000866124001417 
228 239 0 20 0.000866098219185 
89 478 0 20 0.0008659575933 
196 471 0 20 0.000865793484951 
187 191 0 20 0.000865242028865 
123 133 0 20 0.000865099531652 
232 242 0 20 0.000864721309996 
150 162 0 20 0.000864079371154 
531 534 0 20 0.000863860547337 
198 473 0 20 0.000863806888987 
532 543 0 20 0.000863386688021 
418 427 0 20 0.000863049317528 
532 542 0 20 0.00086276243157 
529 534 0 20 0.000862626801112 
545 575 0 20 0.000862226503695 
200 470 0 20 0.000862186714792 
83 235 0 20 0.000862145741149 
1 262 0 20 0.000861525628541 
95 474 0 20 0.000861266457257 
228 238 0 20 0.000861263144388 
181 186 0 20 0.000860468097274 
226 239 0 20 0.000860274736959 
410 535 0 20 0.000860116332045 
553 567 0 20 0.00085922775541 
86 476 0 20 0.000859138656752 
318 432 0 20 0.000859069659682 
530 535 0 20 0.000858962017932 
186 190 0 20 0.000858645778091 
537 540 0 20 0.000857375810672 
515 522 0 20 0.000856740694929 
204 470 0 20 0.000856676784113 
315 431 0 20 0.000856581085971 
113 133 0 20 0.000856201058288 
84 235 0 20 0.000855228108658 
87 235 0 20 0.000854591513007 
89 473 0 20 0.000854315487545 
233 239 0 20 0.000854204209391 
88 235 0 20 0.000853327771353 
235 241 0 20 0.000853247543435 
407 537 0 20 0.000853005256022 
188 210 0 20 0.000852998567662 
58 186 0 20 0.000851520357837 
125 133 0 20 0.000851516200419 
533 536 0 20 0.000851110771073 
536 543 0 20 0.000850590469679 
127 133 0 20 0.000850329598707 
80 235 0 20 0.000849971579152 
539 541 0 20 0.000849760398473 
178 186 0 20 0.000849568491834 
197 208 0 20 0.000848217218457 
201 209 0 20 0.000847582281927 
181 189 0 20 0.000847408809577 
228 231 0 20 0.000846940620841 
553 568 0 20 0.000845922993743 
82 235 0 20 0.000845105075823 
411 537 0 20 0.000843304935542 
513 522 0 20 0.000840712993918 
133 314 0 20 0.000840440542601 
78 235 0 20 0.000840226483036 
225 239 0 20 0.000839377843547 
181 191 0 20 0.000838959700104 
129 139 0 20 0.000837929665466 
69 137 0 20 0.00083549781566 
422 471 0 20 0.000833876125291 
180 188 0 20 0.000832920382125 
421 431 0 20 0.000832865342038 
69 139 0 20 0.000832835898727 
191 237 0 20 0.000832627993692 
373 385 0 20 0.00083203918931 
75 148 0 20 0.00083198884164 
72 135 0 20 0.000830986733569 
385 464 0 20 0.00083048390703 
222 537 0 20 0.000830478436769 
155 213 0 20 0.000829968698207 
93 440 0 20 0.000829169939213 
72 142 0 20 0.000828973468407 
530 538 0 20 0.00082840718939 
72 433 0 20 0.000828343168294 
48 135 0 20 0.000827838153468 
129 140 0 20 0.000826824353773 
422 474 0 20 0.000825317871471 
188 242 0 20 0.000824890452118 
202 208 0 20 0.000824871139312 
157 213 0 20 0.000824377899521 
513 521 0 20 0.000824226781089 
125 136 0 20 0.000824001244602 
130 136 0 20 0.00082393602586 
126 136 0 20 0.000823837611412 
226 232 0 20 0.000823682817179 
129 133 0 20 0.000823242691401 
95 440 0 20 0.000822895981266 
68 72 0 20 0.000822805307386 
385 467 0 20 0.000822627803848 
155 209 0 20 0.000822430803056 
220 541 0 20 0.000822407896124 
129 137 0 20 0.000822202336397 
534 542 0 20 0.000822102633256 
133 315 0 20 0.000821696535588 
132 139 0 20 0.00082127420163 
385 465 0 20 0.000821066969849 
192 283 0 20 0.000820921856521 
195 540 0 20 0.000820804381587 
514 521 0 20 0.00082031229965 
216 540 0 20 0.000820121852422 
397 399 0 20 0.00081928998784 
432 436 0 20 0.000819106057721 
64 70 0 20 0.00081858373517 
530 542 0 20 0.000817282360485 
198 206 0 20 0.00081619705211 
228 240 0 20 0.000815220260156 
195 213 0 20 0.000815115818979 
72 461 0 20 0.000814917594076 
534 543 0 20 0.000814504166394 
138 144 0 20 0.000813671717236 
537 543 0 20 0.000812484238845 
198 208 0 20 0.000811899444546 
69 427 0 20 0.000811292202888 
537 544 0 20 0.000810829001638 
423 467 0 20 0.000810378975232 
157 209 0 20 0.000809311163866 
232 237 0 20 0.000809128006676 
48 139 0 20 0.000809090629318 
195 237 0 20 0.000807688913791 
423 473 0 20 0.000806558855494 
189 286 0 20 0.000806390320636 
190 239 0 20 0.000806197564002 
421 471 0 20 0.000806113767048 
194 283 0 20 0.000805455738353 
155 212 0 20 0.000805205357983 
176 186 0 20 0.000805012907505 
198 540 0 20 0.00080414016964 
176 189 0 20 0.000803314932037 
72 460 0 20 0.000799930574091 
422 428 0 20 0.000798707194127 
133 324 0 20 0.000798540893275 
61 70 0 20 0.000797432853614 
48 354 0 20 0.000794342335914 
418 431 0 20 0.000793222214232 
423 426 0 20 0.00079071469885 
515 529 0 20 0.000789673230294 
54 354 0 20 0.000789666490281 
198 461 0 20 0.000788108602438 
566 570 0 20 0.000786478603765 
197 450 0 20 0.000786196826784 
133 323 0 20 0.000785661184622 
199 450 0 20 0.00078537423997 
93 272 0 20 0.000783101098312 
179 188 0 20 0.000779293225072 
553 565 0 20 0.000779212671306 
179 186 0 20 0.000777440954075 
562 571 0 20 0.000777413691909 
48 281 0 20 0.000777080397428 
88 272 0 20 0.000776343998406 
176 188 0 20 0.000773787092607 
423 428 0 20 0.000773593931161 
397 400 0 20 0.000772128944742 
196 463 0 20 0.000771054188955 
49 277 0 20 0.000770974985357 
200 463 0 20 0.000770345490359 
568 570 0 20 0.000769416578256 
422 432 0 20 0.000766778256965 
221 230 0 20 0.000766759008075 
560 571 0 20 0.000766271678409 
192 216 0 20 0.000765191629675 
423 425 0 20 0.000763397307155 
323 410 0 20 0.000761144280697 
321 410 0 20 0.000760786339805 
559 570 0 20 0.000760706460362 
419 428 0 20 0.000760046937653 
423 431 0 20 0.000757105168 
553 560 0 20 0.000756839439824 
320 410 0 20 0.00075602649508 
422 431 0 20 0.000755422578637 
427 432 0 20 0.000754253728871 
431 433 0 20 0.000754248019114 
567 570 0 20 0.000749322860463 
427 431 0 20 0.000746262631912 
432 439 0 20 0.000745437586387 
415 428 0 20 0.00074460146285 
420 428 0 20 0.000744484361811 
430 435 0 20 0.000744188580873 
431 436 0 20 0.000742076829995 
417 428 0 20 0.000741309094036 
195 214 0 20 0.000741263641208 
553 561 0 20 0.000740609076825 
178 188 0 20 0.000739570821628 
69 70 0 20 0.000739570734483 
415 427 0 20 0.000739248258381 
426 431 0 20 0.000738179529176 
503 521 0 20 0.000737683806377 
220 228 0 20 0.000736467411895 
397 401 0 20 0.000736111672723 
560 572 0 20 0.000734192575514 
418 426 0 20 0.000732306204619 
485 561 0 20 0.00073044366615 
54 200 0 20 0.00073036864524 
58 198 0 20 0.000729952348831 
420 431 0 20 0.00072972730033 
506 521 0 20 0.000729424294039 
72 149 0 20 0.000729321500394 
180 186 0 20 0.000729215794635 
482 562 0 20 0.000728889547309 
417 511 0 20 0.000727102156069 
561 570 0 20 0.000726411117032 
420 513 0 20 0.000724937652165 
421 432 0 20 0.000723807283361 
70 129 0 20 0.000723745338854 
71 72 0 20 0.000722942970476 
331 338 0 20 0.000721994285809 
418 425 0 20 0.00072044825271 
565 570 0 20 0.000719790826454 
286 471 0 20 0.000719041006701 
283 472 0 20 0.000717838621467 
431 434 0 20 0.000715930054669 
397 402 0 20 0.000715167267766 
177 187 0 20 0.000715130393612 
330 343 0 20 0.000713543091037 
330 335 0 20 0.000712094410426 
330 339 0 20 0.000711593725946 
564 570 0 20 0.000711002479348 
559 562 0 20 0.000710727467532 
61 71 0 20 0.000710404968124 
419 431 0 20 0.000710066208339 
424 431 0 20 0.000709567793566 
191 218 0 20 0.000708305971084 
431 437 0 20 0.000707987209852 
558 570 0 20 0.000707771063627 
418 430 0 20 0.000707615500599 
330 334 0 20 0.000706501332759 
177 183 0 20 0.000704540235379 
70 72 0 20 0.000704196230792 
562 570 0 20 0.000703068836541 
509 521 0 20 0.000702325748769 
553 562 0 20 0.00070062838851 
436 440 0 20 0.000700557411301 
560 570 0 20 0.000698601962721 
430 440 0 20 0.000696959897617 
550 560 0 20 0.000696818838175 
332 338 0 20 0.00069571327953 
177 184 0 20 0.000694699777113 
508 520 0 20 0.000694054306162 
557 560 0 20 0.000693639041198 
553 564 0 20 0.000692921363845 
567 575 0 20 0.000692806276226 
58 69 0 20 0.000692286371112 
177 188 0 20 0.000692019373533 
427 435 0 20 0.000691706353774 
252 258 0 20 0.000691580271956 
330 333 0 20 0.00069124791592 
329 338 0 20 0.000690317426291 
424 432 0 20 0.000690195209183 
428 436 0 20 0.000689893992262 
430 432 0 20 0.000689512389832 
423 430 0 20 0.000688709089966 
332 337 0 20 0.000687808909821 
426 432 0 20 0.000687007511873 
423 432 0 20 0.000686998245543 
68 75 0 20 0.000686688155001 
515 524 0 20 0.000686169273531 
428 430 0 20 0.000686082003718 
554 562 0 20 0.000685934233014 
175 186 0 20 0.000685205270352 
423 433 0 20 0.000684819718942 
512 521 0 20 0.000684179177798 
514 523 0 20 0.000683989669921 
552 560 0 20 0.000683441392218 
418 428 0 20 0.000683382551163 
429 432 0 20 0.000683336262569 
513 524 0 20 0.000682866068032 
557 562 0 20 0.000682778988538 
513 517 0 20 0.000682379433091 
428 431 0 20 0.000682368118718 
509 520 0 20 0.000682156545234 
522 523 0 20 0.000681962739094 
63 69 0 20 0.000681799536283 
64 71 0 20 0.00068115711141 
562 572 0 20 0.000680737530388 
330 338 0 20 0.000679641653483 
431 439 0 20 0.000679501109409 
552 562 0 20 0.000678813627878 
59 69 0 20 0.000678514382941 
558 560 0 20 0.000677166494116 
69 81 0 20 0.000676829788373 
520 522 0 20 0.00067590639795 
36 43 0 20 0.000675883752691 
511 522 0 20 0.000675755284241 
8 17 0 20 0.00067543302914 
511 521 0 20 0.000675072657565 
62 69 0 20 0.000672907718177 
431 438 0 20 0.000672271431476 
330 342 0 20 0.000671405100499 
246 258 0 20 0.000670510146152 
568 575 0 20 0.000669541363954 
330 340 0 20 0.000669102062785 
566 575 0 20 0.000667454657367 
437 440 0 20 0.00066651025759 
438 440 0 20 0.000665651332705 
416 419 0 20 0.000663867568718 
34 43 0 20 0.000659384713135 
8 18 0 20 0.000658725718296 
35 43 0 20 0.000657535110913 
174 186 0 20 0.000657458278764 
195 219 0 20 0.000653965356712 
216 222 0 20 0.000651973874667 
38 48 0 20 0.000641110094635 
32 43 0 20 0.000639789260386 
31 43 0 20 0.000631921558595 
195 218 0 20 0.00063175172955 
41 48 0 20 0.00062982160191 
39 48 0 20 0.000618311081205 
40 48 0 20 0.000607240877827 
45 48 0 20 0.000607021519718 
46 48 0 20 0.000605497429039 
42 48 0 20 0.000601693915069 
259 274 0 20 0.000587565689277 
553 557 0 20 0.000581071446051 
470 472 0 20 0.00057534429401 
466 469 0 20 0.000572785984958 
461 463 0 20 0.000564739146432 
251 258 0 20 0.000560716725923 
260 269 0 20 0.000558291325519 
408 420 0 20 0.000554440429819 
466 471 0 20 0.000552693203023 
462 469 0 20 0.000547695783445 
250 258 0 20 0.000544867027192 
417 418 0 20 0.000544254581169 
272 278 0 20 0.000538651150204 
458 470 0 20 0.000538047113514 
208 209 0 20 0.000535390797965 
408 417 0 20 0.000528057047669 
473 474 0 20 0.000521803489094 
471 475 0 20 0.000520622962886 
474 475 0 20 0.000520622962886 
80 90 0 20 0.000518828094748 
472 474 0 20 0.000518024497108 
471 472 0 20 0.000517118968155 
466 472 0 20 0.000516504920332 
80 91 0 20 0.00050321691278 
279 283 0 20 0.000503093992268 
272 279 0 20 0.000499874908871 
281 283 0 20 0.000495946096871 
278 283 0 20 0.000490480512601 
248 258 0 20 0.000489398812423 
272 284 0 20 0.000487814090677 
195 220 0 20 0.000485513483836 
112 121 0 20 0.000484552454709 
280 283 0 20 0.000484114376667 
249 259 0 20 0.000482381412804 
252 259 0 20 0.000474671193973 
109 121 0 20 0.000473984054118 
251 259 0 20 0.000469642382838 
256 259 0 20 0.000370971261577 
259 260 0 20 0.000363243789282 
521 552 0 20 0.000244207023218 
7 48 0 20 0.000226125789872 
8 421 0 20 0.000196535812911 
70 562 0 20 0.0001665507415 
189 568 0 20 0.000160840733116 
159 330 0 20 0.00014996795554 
283 310 0 20 0.000147475171139 
384 397 0 20 0.000146565589935 
221 421 0 20 0.000145219066312 
208 322 0 20 0.000138588818609 
188 294 0 20 0.000137619359016 
1 337 0 20 0.000136462731808 
186 346 0 20 0.000132964597012 
433 536 0 20 0.000131997626519 
5 410 0 20 0.000131189555261 
75 542 0 20 0.000130529288086 
311 448 0 20 0.000130464985394 
349 529 0 20 0.000128833240273 
430 562 0 20 0.000125472884862 
146 388 0 20 0.000125197778601 
7 228 0 20 0.000124300937317 
1 61 0 20 0.000122745743922 
15 26 0 20 0.000122669521033 
136 472 0 20 0.00012047035321 
421 562 0 20 0.000120112980437 
235 434 0 20 0.000118944892133 
70 349 0 20 0.000118798309153 
80 354 0 20 0.000117856755577 
421 485 0 20 0.000116758829937 
241 520 0 20 0.00011502662854 
158 418 0 20 0.000112863540244 
144 438 0 20 0.000112053447319 
176 337 0 20 0.000111477542939 
318 448 0 20 0.00011125167569 
1 421 0 20 0.000110415885542 
201 357 0 20 0.000110073160828 
154 259 0 20 0.000109305212632 
70 208 0 20 0.000107656277898 
61 135 0 20 0.000107443693329 
268 472 0 20 0.000105634957241 
481 485 0 20 6.57109496765e-05 
473 485 0 20 6.46556504871e-05 
55 61 0 20 5.87356809958e-05 
