131 158 0 20 1.0 
41 69 0 20 0.962656843273 
130 157 0 20 0.951897516725 
131 157 0 20 0.944567491609 
149 195 0 20 0.93172581314 
131 134 0 20 0.91577082547 
127 157 0 20 0.913646551515 
127 158 0 20 0.908757652377 
13 158 0 20 0.899634589008 
13 157 0 20 0.894858683077 
13 132 0 20 0.884830352765 
132 135 0 20 0.874835596981 
130 158 0 20 0.87371371427 
44 69 0 20 0.868971687943 
148 195 0 20 0.864135089795 
129 158 0 20 0.859798815045 
40 69 0 20 0.858349517486 
128 157 0 20 0.83763118521 
95 201 0 20 0.831034305063 
14 158 0 20 0.822479535593 
131 133 0 20 0.817791669217 
336 440 0 20 0.808781307999 
491 536 0 20 0.801108417616 
15 158 0 20 0.79927302098 
1 7 0 20 0.795539728659 
252 258 0 20 0.79548825822 
203 347 0 20 0.791556224314 
5 8 0 20 0.788949594286 
205 347 0 20 0.785859711275 
207 347 0 20 0.783055010587 
337 440 0 20 0.780064730743 
9 158 0 20 0.770028035944 
204 208 0 20 0.768813369676 
229 259 0 20 0.755101887758 
186 421 0 20 0.753134831994 
42 69 0 20 0.753066629336 
206 347 0 20 0.752967725163 
38 69 0 20 0.750956234437 
132 157 0 20 0.74485820792 
421 428 0 20 0.741459129196 
7 158 0 20 0.735134677581 
188 195 0 20 0.731163464107 
151 195 0 20 0.727236914811 
12 158 0 20 0.724349288945 
410 488 0 20 0.724333474596 
186 195 0 20 0.723826067163 
89 96 0 20 0.721470858958 
123 158 0 20 0.721395994013 
185 195 0 20 0.720077423795 
46 69 0 20 0.719761056048 
13 155 0 20 0.712117424035 
208 228 0 20 0.712045888947 
121 158 0 20 0.711013842013 
334 374 0 20 0.710123440331 
491 534 0 20 0.709147687274 
235 237 0 20 0.705467194179 
9 157 0 20 0.70531344971 
10 158 0 20 0.704893624725 
150 195 0 20 0.704836290978 
536 538 0 20 0.704265593587 
15 155 0 20 0.701645365448 
190 195 0 20 0.701429228838 
128 158 0 20 0.701301387767 
187 195 0 20 0.700270854297 
235 238 0 20 0.698971410188 
488 537 0 20 0.698372993181 
89 95 0 20 0.696794936608 
185 423 0 20 0.692168849133 
191 210 0 20 0.691556046476 
39 69 0 20 0.690890057761 
201 206 0 20 0.69059870221 
14 155 0 20 0.689288501988 
185 188 0 20 0.687860325926 
10 157 0 20 0.687125560402 
34 134 0 20 0.686636770577 
125 155 0 20 0.685561385033 
155 158 0 20 0.682061378046 
12 155 0 20 0.677060278974 
15 132 0 20 0.672869028267 
521 552 0 20 0.672074687308 
515 522 0 20 0.671790665747 
338 369 0 20 0.6714565516 
536 540 0 20 0.668650373138 
202 347 0 20 0.667224586829 
423 427 0 20 0.667201056623 
553 567 0 20 0.665267868796 
195 210 0 20 0.664061966945 
36 134 0 20 0.663347332035 
536 539 0 20 0.661794302898 
14 157 0 20 0.66166392305 
11 158 0 20 0.66116539713 
492 535 0 20 0.658661930033 
418 427 0 20 0.653493295937 
89 101 0 20 0.651077529162 
120 133 0 20 0.644980138237 
495 502 0 20 0.640857319589 
189 421 0 20 0.640011267718 
186 423 0 20 0.638360427476 
397 521 0 20 0.632949392607 
127 155 0 20 0.631408335767 
1 9 0 20 0.628064931055 
31 134 0 20 0.628032040557 
204 347 0 20 0.627716325196 
553 568 0 20 0.627679638091 
35 133 0 20 0.626809039191 
181 186 0 20 0.626616169981 
337 439 0 20 0.626115899794 
513 522 0 20 0.625598378141 
95 195 0 20 0.623640776583 
188 421 0 20 0.623236855255 
7 48 0 20 0.622313877455 
410 495 0 20 0.622296851055 
337 369 0 20 0.621220537546 
3 8 0 20 0.619523157875 
15 157 0 20 0.618218406243 
184 423 0 20 0.615291527643 
126 158 0 20 0.615023539527 
532 535 0 20 0.614814156889 
488 536 0 20 0.61377915682 
9 155 0 20 0.605944251638 
68 72 0 20 0.605440056058 
4 8 0 20 0.602600481584 
396 428 0 20 0.601963717046 
129 156 0 20 0.600488337416 
41 72 0 20 0.599833245915 
232 538 0 20 0.599383560578 
158 178 0 20 0.599107141764 
124 157 0 20 0.597815508027 
195 219 0 20 0.597761283807 
178 186 0 20 0.596284212017 
410 485 0 20 0.595802565814 
514 521 0 20 0.595683315987 
124 155 0 20 0.594950015201 
144 195 0 20 0.594354287306 
339 374 0 20 0.591460050051 
410 489 0 20 0.591322109894 
31 133 0 20 0.590933507508 
195 209 0 20 0.590513755782 
133 157 0 20 0.589397985171 
134 157 0 20 0.589397985171 
337 374 0 20 0.588847165328 
251 258 0 20 0.586805916351 
208 346 0 20 0.585349551545 
69 135 0 20 0.584766221591 
534 540 0 20 0.583432035222 
64 70 0 20 0.581885631921 
132 134 0 20 0.580879018797 
96 195 0 20 0.580420321989 
315 320 0 20 0.579717582154 
513 521 0 20 0.578084646507 
189 192 0 20 0.577644575 
88 102 0 20 0.577591978882 
163 177 0 20 0.574510614249 
191 218 0 20 0.574421870346 
11 157 0 20 0.574416315911 
235 538 0 20 0.572777687937 
35 134 0 20 0.572190619314 
36 133 0 20 0.570245406192 
410 494 0 20 0.569823826082 
421 431 0 20 0.569092670201 
408 488 0 20 0.568705309803 
409 495 0 20 0.566765948117 
122 158 0 20 0.566226982712 
162 171 0 20 0.565363890662 
89 100 0 20 0.565347176514 
221 421 0 20 0.565194629909 
129 135 0 20 0.564856271056 
432 436 0 20 0.562426738239 
89 99 0 20 0.561391760209 
34 133 0 20 0.560495035739 
186 422 0 20 0.560142850977 
153 158 0 20 0.560004391767 
122 157 0 20 0.559048563857 
201 207 0 20 0.558254442679 
338 373 0 20 0.554603946714 
183 423 0 20 0.554128954452 
235 539 0 20 0.553651972676 
232 540 0 20 0.55337639637 
93 102 0 20 0.552689391243 
185 191 0 20 0.552488565615 
3 258 0 20 0.552034033365 
235 540 0 20 0.551311159752 
158 176 0 20 0.54983941127 
410 484 0 20 0.5496204049 
36 43 0 20 0.549243996218 
12 157 0 20 0.545989365129 
534 581 0 20 0.545414542 
234 239 0 20 0.545306182911 
155 157 0 20 0.544526904231 
228 230 0 20 0.544375201154 
45 69 0 20 0.542573597 
493 535 0 20 0.542523214298 
41 64 0 20 0.542489712213 
229 260 0 20 0.542406548128 
148 198 0 20 0.542208263872 
142 195 0 20 0.54119517121 
8 421 0 20 0.540880205928 
395 428 0 20 0.540293449865 
119 157 0 20 0.536208304732 
203 208 0 20 0.535984456286 
208 433 0 20 0.535956861354 
333 374 0 20 0.535838478171 
411 485 0 20 0.535415432363 
98 201 0 20 0.535395291997 
11 155 0 20 0.534290049276 
125 158 0 20 0.533492638245 
96 201 0 20 0.531834161617 
410 481 0 20 0.531779865583 
409 493 0 20 0.531671186844 
407 491 0 20 0.531510868402 
409 491 0 20 0.530242784298 
492 536 0 20 0.528358328893 
174 541 0 20 0.527268516474 
408 495 0 20 0.526752736481 
218 440 0 20 0.524737067577 
407 495 0 20 0.524529496465 
149 198 0 20 0.524281692756 
134 158 0 20 0.524212312542 
183 432 0 20 0.522829040274 
490 536 0 20 0.522410833057 
159 474 0 20 0.520317422178 
409 482 0 20 0.520043246296 
61 70 0 20 0.519870983887 
144 185 0 20 0.519565177529 
439 462 0 20 0.518849809406 
536 581 0 20 0.518848968916 
188 194 0 20 0.518594103729 
397 399 0 20 0.518294211069 
89 97 0 20 0.518076408575 
208 434 0 20 0.517668530907 
185 418 0 20 0.517618662259 
155 160 0 20 0.51736560236 
151 158 0 20 0.516790658868 
154 158 0 20 0.516032033458 
152 195 0 20 0.514160744324 
566 570 0 20 0.513977226705 
119 158 0 20 0.513814803723 
493 536 0 20 0.51368234941 
89 98 0 20 0.513535065635 
153 195 0 20 0.513008934735 
195 213 0 20 0.512485483881 
515 529 0 20 0.511331509826 
195 220 0 20 0.509755668043 
409 488 0 20 0.509712318882 
338 439 0 20 0.508521819061 
235 240 0 20 0.507413767612 
337 373 0 20 0.506502053948 
152 158 0 20 0.504174726231 
439 466 0 20 0.503458510781 
230 259 0 20 0.500648080428 
130 134 0 20 0.500178940253 
10 155 0 20 0.499790368242 
489 537 0 20 0.498258863035 
149 201 0 20 0.497745029769 
208 232 0 20 0.497293687781 
189 195 0 20 0.496966113627 
7 277 0 20 0.496952042467 
272 278 0 20 0.494831836856 
159 470 0 20 0.494413421858 
398 542 0 20 0.492622627985 
1 8 0 20 0.48955985438 
89 109 0 20 0.489447636128 
532 540 0 20 0.489391947263 
282 559 0 20 0.489043534626 
490 534 0 20 0.488966945932 
159 471 0 20 0.488837606354 
124 158 0 20 0.48797581659 
398 552 0 20 0.487763107292 
408 484 0 20 0.487742023305 
176 537 0 20 0.487149340264 
440 473 0 20 0.486591571182 
176 541 0 20 0.48658244189 
83 258 0 20 0.486509124444 
124 134 0 20 0.485522271704 
8 158 0 20 0.485024503174 
201 421 0 20 0.483085888881 
186 187 0 20 0.48222831933 
95 474 0 20 0.482195722337 
410 482 0 20 0.48217933139 
184 418 0 20 0.481817457223 
408 490 0 20 0.480652697213 
283 559 0 20 0.480160308946 
84 258 0 20 0.478837858491 
121 157 0 20 0.478256625734 
15 26 0 20 0.477431485424 
9 195 0 20 0.477377555202 
397 429 0 20 0.477109238057 
157 160 0 20 0.477014972697 
398 545 0 20 0.47683853301 
42 72 0 20 0.475055177172 
197 471 0 20 0.474907216315 
534 538 0 20 0.4747377791 
183 431 0 20 0.474623163746 
433 462 0 20 0.474575818893 
492 533 0 20 0.473930181645 
192 216 0 20 0.473694705334 
89 104 0 20 0.473610826934 
422 428 0 20 0.473579438068 
319 345 0 20 0.47291013525 
536 542 0 20 0.472853577758 
187 423 0 20 0.472818041749 
176 186 0 20 0.472292741108 
219 440 0 20 0.470918708386 
88 272 0 20 0.470513243306 
189 419 0 20 0.469941397086 
142 201 0 20 0.469781044034 
146 195 0 20 0.469369599086 
159 476 0 20 0.468618950837 
12 132 0 20 0.468582841349 
185 428 0 20 0.468523330067 
146 196 0 20 0.46841754474 
489 536 0 20 0.467529849507 
121 155 0 20 0.467511685786 
537 542 0 20 0.467365413678 
122 134 0 20 0.466496875695 
135 158 0 20 0.466277610111 
89 103 0 20 0.466153157026 
395 431 0 20 0.466026598939 
532 538 0 20 0.465806394962 
568 570 0 20 0.465733847688 
397 427 0 20 0.465690276292 
529 536 0 20 0.465639806311 
180 423 0 20 0.464950990824 
147 195 0 20 0.464175587004 
33 133 0 20 0.463895753646 
333 440 0 20 0.463382827766 
189 210 0 20 0.463025163504 
240 258 0 20 0.461686218732 
176 536 0 20 0.461285186574 
158 436 0 20 0.460880057929 
157 178 0 20 0.460781442301 
495 532 0 20 0.460213938452 
157 274 0 20 0.460077355583 
132 158 0 20 0.459871990884 
470 472 0 20 0.459523815016 
196 471 0 20 0.459418366131 
144 201 0 20 0.459313907529 
491 537 0 20 0.459226072023 
85 258 0 20 0.45905647367 
235 243 0 20 0.459038171448 
201 423 0 20 0.458747387202 
80 354 0 20 0.458700135197 
227 239 0 20 0.458536036605 
70 562 0 20 0.458359207035 
418 431 0 20 0.458242302129 
436 462 0 20 0.458172368376 
95 440 0 20 0.458025978848 
195 207 0 20 0.457588961066 
180 418 0 20 0.457269728665 
120 134 0 20 0.45678904331 
201 210 0 20 0.45644857585 
415 428 0 20 0.455784973425 
1 2 0 20 0.455531703639 
157 159 0 20 0.455284962103 
144 194 0 20 0.454765260026 
123 155 0 20 0.454246714336 
315 345 0 20 0.454037409113 
185 189 0 20 0.453711517769 
9 258 0 20 0.451830116627 
495 504 0 20 0.451610360106 
423 426 0 20 0.451230771548 
567 570 0 20 0.450504988734 
81 258 0 20 0.449441414303 
235 252 0 20 0.448653727249 
410 490 0 20 0.448369316104 
7 157 0 20 0.447909041268 
437 462 0 20 0.447144896184 
82 258 0 20 0.446322543413 
319 346 0 20 0.446038690884 
172 536 0 20 0.445953301182 
80 255 0 20 0.445907318439 
88 258 0 20 0.445812354323 
89 105 0 20 0.445769851314 
70 191 0 20 0.445754649671 
374 386 0 20 0.445287285882 
411 493 0 20 0.444162283581 
182 432 0 20 0.443660845082 
398 543 0 20 0.443652526998 
119 155 0 20 0.443298934382 
9 198 0 20 0.443298406101 
188 422 0 20 0.443195149527 
131 136 0 20 0.442992691016 
189 568 0 20 0.442644867419 
7 155 0 20 0.442115736242 
8 157 0 20 0.442041062563 
89 479 0 20 0.44186659591 
187 201 0 20 0.440817524086 
155 159 0 20 0.440668386438 
154 195 0 20 0.440175430857 
374 389 0 20 0.440109234173 
407 488 0 20 0.440074184283 
10 132 0 20 0.439939722781 
179 195 0 20 0.439746368365 
69 137 0 20 0.439596636353 
553 565 0 20 0.439211550293 
186 428 0 20 0.438951312563 
438 462 0 20 0.43874148741 
121 153 0 20 0.438586773721 
159 330 0 20 0.438527100238 
79 254 0 20 0.438218133771 
148 201 0 20 0.437637900349 
80 254 0 20 0.437133633263 
122 133 0 20 0.436868955525 
70 186 0 20 0.436821333658 
422 432 0 20 0.436398609852 
144 438 0 20 0.436113578582 
14 132 0 20 0.436029468098 
46 64 0 20 0.43554015229 
133 314 0 20 0.435038115075 
492 531 0 20 0.43485283672 
562 571 0 20 0.434129125348 
43 67 0 20 0.434087149769 
176 337 0 20 0.433872150708 
184 431 0 20 0.433540286872 
195 206 0 20 0.433315950044 
126 155 0 20 0.433169294928 
158 433 0 20 0.432053239282 
199 208 0 20 0.43186025822 
180 432 0 20 0.431831704739 
144 196 0 20 0.431481456611 
70 188 0 20 0.431043834588 
8 281 0 20 0.430768421934 
315 321 0 20 0.430524212424 
40 64 0 20 0.430489077793 
183 195 0 20 0.430428610319 
188 210 0 20 0.430260418399 
227 232 0 20 0.430079010579 
396 432 0 20 0.429279719409 
70 189 0 20 0.429175107574 
489 534 0 20 0.429149338674 
80 257 0 20 0.429111408847 
2 8 0 20 0.429095767395 
408 482 0 20 0.428502059418 
384 397 0 20 0.428248730997 
69 139 0 20 0.427978392104 
207 232 0 20 0.427914689084 
186 418 0 20 0.427872560829 
316 432 0 20 0.427636565045 
150 158 0 20 0.426871580163 
317 432 0 20 0.426408060509 
43 70 0 20 0.425639219608 
89 102 0 20 0.424625983827 
191 421 0 20 0.424141278259 
423 428 0 20 0.424047890049 
195 237 0 20 0.423926937561 
121 133 0 20 0.423608733524 
157 176 0 20 0.423403477315 
27 134 0 20 0.423210257954 
121 137 0 20 0.423159899879 
201 422 0 20 0.422698074582 
492 532 0 20 0.422537188502 
121 135 0 20 0.42100818781 
192 423 0 20 0.420386267124 
59 189 0 20 0.41942368456 
235 239 0 20 0.418778487572 
87 258 0 20 0.418581705 
133 315 0 20 0.418145078568 
529 534 0 20 0.417883489011 
250 258 0 20 0.416665225088 
79 258 0 20 0.416312289709 
191 237 0 20 0.414532602909 
493 531 0 20 0.414236711769 
32 134 0 20 0.413706757341 
143 195 0 20 0.413560108746 
8 154 0 20 0.41293377085 
232 252 0 20 0.412835384017 
409 494 0 20 0.41258038042 
143 201 0 20 0.412445102519 
188 294 0 20 0.412198322568 
197 470 0 20 0.411857202706 
4 431 0 20 0.411635400715 
85 235 0 20 0.411452923525 
124 133 0 20 0.411430628037 
495 536 0 20 0.410887510385 
439 463 0 20 0.409892959767 
96 440 0 20 0.409840715708 
536 575 0 20 0.409424563099 
155 161 0 20 0.409196929093 
545 570 0 20 0.409148035767 
274 431 0 20 0.408971820828 
433 466 0 20 0.408578872542 
123 157 0 20 0.408562439118 
162 176 0 20 0.408554923046 
133 325 0 20 0.408487189494 
432 461 0 20 0.408361314003 
492 540 0 20 0.40778428549 
490 532 0 20 0.407579198441 
188 423 0 20 0.407268948792 
201 209 0 20 0.407217925146 
418 426 0 20 0.407164198192 
195 214 0 20 0.407032005393 
145 195 0 20 0.406745929203 
155 213 0 20 0.406416949383 
283 310 0 20 0.405861912663 
317 431 0 20 0.405198741273 
133 324 0 20 0.405149480139 
134 386 0 20 0.405128662709 
189 422 0 20 0.404297200254 
80 258 0 20 0.404240699147 
158 185 0 20 0.404116005053 
126 134 0 20 0.403821119156 
141 195 0 20 0.40346232045 
249 428 0 20 0.403344381577 
125 134 0 20 0.40287423014 
529 532 0 20 0.40285034828 
235 245 0 20 0.402717199899 
560 571 0 20 0.402651028676 
3 431 0 20 0.401894104623 
493 533 0 20 0.401471567922 
134 159 0 20 0.401136308477 
146 194 0 20 0.4010347566 
273 431 0 20 0.400801883577 
102 249 0 20 0.400745349578 
179 188 0 20 0.400718744171 
209 228 0 20 0.400407006439 
281 431 0 20 0.40037358594 
337 438 0 20 0.399940405077 
128 155 0 20 0.399625569066 
232 539 0 20 0.399583061894 
490 537 0 20 0.39953620514 
157 213 0 20 0.399175873477 
7 54 0 20 0.399091138413 
182 418 0 20 0.398889343001 
422 431 0 20 0.398710433727 
122 155 0 20 0.398700321553 
64 245 0 20 0.398465299755 
217 440 0 20 0.398197927513 
1 70 0 20 0.398051642306 
92 258 0 20 0.398023051379 
104 201 0 20 0.397869092408 
136 242 0 20 0.397697290453 
537 540 0 20 0.396803176269 
397 541 0 20 0.396651675271 
129 473 0 20 0.396324157862 
398 429 0 20 0.395736247436 
179 186 0 20 0.395564153363 
190 410 0 20 0.395329019907 
179 432 0 20 0.394951613895 
8 280 0 20 0.39458796794 
482 537 0 20 0.394325374727 
235 248 0 20 0.393825072698 
187 269 0 20 0.393252029846 
422 471 0 20 0.393207194598 
422 470 0 20 0.393207194598 
235 244 0 20 0.392722903418 
129 134 0 20 0.39267222895 
129 157 0 20 0.392591529214 
89 255 0 20 0.392011459204 
534 539 0 20 0.391762956202 
408 485 0 20 0.390912535371 
189 420 0 20 0.390046166876 
314 352 0 20 0.389534642455 
198 461 0 20 0.388683613312 
186 201 0 20 0.388601158771 
186 196 0 20 0.388166624789 
43 68 0 20 0.387799399881 
195 292 0 20 0.387224623646 
407 484 0 20 0.387153575367 
85 352 0 20 0.387102420146 
190 428 0 20 0.38709265378 
200 471 0 20 0.387013443156 
79 255 0 20 0.386928702533 
559 570 0 20 0.386928334419 
546 570 0 20 0.386078205461 
86 258 0 20 0.386062021782 
440 472 0 20 0.385472846813 
176 188 0 20 0.385396008006 
398 549 0 20 0.385281473952 
70 195 0 20 0.385210123539 
195 294 0 20 0.385203467331 
48 281 0 20 0.385026221994 
121 156 0 20 0.384684736742 
125 157 0 20 0.384614056651 
337 437 0 20 0.384195893297 
133 332 0 20 0.384157108242 
154 157 0 20 0.384091956926 
13 129 0 20 0.383387028629 
128 133 0 20 0.383075929322 
90 235 0 20 0.382807023653 
188 192 0 20 0.382658778784 
492 539 0 20 0.382551751891 
410 535 0 20 0.381546017951 
48 135 0 20 0.381538472602 
409 484 0 20 0.381519768849 
208 322 0 20 0.381406053372 
58 195 0 20 0.381358987357 
86 235 0 20 0.381286324125 
431 433 0 20 0.381015224257 
129 159 0 20 0.381004934247 
246 258 0 20 0.380259475035 
195 217 0 20 0.379832717139 
89 257 0 20 0.379716775554 
433 536 0 20 0.379611411279 
144 199 0 20 0.379552576291 
493 540 0 20 0.379508181863 
184 191 0 20 0.379178132411 
189 194 0 20 0.378821001071 
186 194 0 20 0.378741832585 
158 199 0 20 0.378740533951 
78 258 0 20 0.378540355957 
41 61 0 20 0.378538071205 
2 431 0 20 0.378538013487 
553 561 0 20 0.37830497321 
72 433 0 20 0.377986736894 
9 132 0 20 0.377451602832 
5 258 0 20 0.377142315741 
185 463 0 20 0.377112218112 
40 61 0 20 0.37694380748 
197 208 0 20 0.376923989803 
189 193 0 20 0.376837663098 
182 195 0 20 0.376112782178 
553 560 0 20 0.376003339011 
221 419 0 20 0.375666694266 
1 337 0 20 0.375554914843 
132 433 0 20 0.375477751033 
116 133 0 20 0.37541129096 
174 423 0 20 0.375131711581 
91 102 0 20 0.374850739276 
423 425 0 20 0.374845705792 
338 440 0 20 0.374786066686 
423 431 0 20 0.374598901705 
29 133 0 20 0.374487420811 
190 239 0 20 0.374201248458 
195 540 0 20 0.373913665398 
157 212 0 20 0.37370106572 
49 277 0 20 0.373481910418 
186 425 0 20 0.373155692703 
532 581 0 20 0.37310219396 
186 197 0 20 0.372478887588 
183 188 0 20 0.372114474248 
208 345 0 20 0.371933805532 
192 283 0 20 0.371912883627 
31 43 0 20 0.37170952761 
533 536 0 20 0.371651922313 
398 522 0 20 0.371499843011 
186 199 0 20 0.371235105381 
181 188 0 20 0.370780754173 
158 432 0 20 0.37059353071 
179 418 0 20 0.369845588616 
180 186 0 20 0.36961999991 
158 192 0 20 0.369361368045 
121 154 0 20 0.369214750192 
186 417 0 20 0.36894629418 
136 241 0 20 0.368890752595 
226 232 0 20 0.368601048975 
197 450 0 20 0.36827576916 
314 351 0 20 0.367784798136 
72 461 0 20 0.367679653233 
83 235 0 20 0.367515587314 
278 431 0 20 0.367504311881 
332 337 0 20 0.367178262793 
33 134 0 20 0.367079463633 
185 416 0 20 0.36688482881 
155 271 0 20 0.366535361506 
71 189 0 20 0.366310968526 
539 541 0 20 0.366230797091 
186 346 0 20 0.365927804952 
184 432 0 20 0.365622997786 
419 428 0 20 0.365477381118 
343 440 0 20 0.365293142612 
1 247 0 20 0.365059098261 
80 256 0 20 0.364774002669 
196 450 0 20 0.364676458752 
422 474 0 20 0.36464929261 
70 198 0 20 0.364472715704 
182 423 0 20 0.364323382811 
431 473 0 20 0.364241965846 
396 431 0 20 0.364136951936 
127 134 0 20 0.363561987872 
276 431 0 20 0.363122105208 
70 146 0 20 0.363056272154 
9 432 0 20 0.362959415645 
222 537 0 20 0.36250660046 
385 464 0 20 0.361164298073 
5 410 0 20 0.361042766782 
331 338 0 20 0.360984627353 
89 472 0 20 0.360815975861 
202 208 0 20 0.360738209386 
195 218 0 20 0.360651691524 
144 179 0 20 0.360619919022 
188 242 0 20 0.360514391633 
318 432 0 20 0.360483868353 
237 537 0 20 0.360300300745 
178 195 0 20 0.359956231876 
9 129 0 20 0.359920586692 
14 129 0 20 0.359414750904 
70 144 0 20 0.359344567571 
235 434 0 20 0.359306496251 
75 542 0 20 0.359225665662 
58 189 0 20 0.359101438676 
311 448 0 20 0.359048700189 
337 436 0 20 0.358853844982 
171 541 0 20 0.358851375534 
92 102 0 20 0.35874967132 
374 387 0 20 0.358748310637 
506 521 0 20 0.358730235848 
157 432 0 20 0.358724788587 
39 72 0 20 0.358357189193 
248 258 0 20 0.358232395324 
421 470 0 20 0.357604928893 
280 431 0 20 0.356899766494 
104 195 0 20 0.356451483827 
432 439 0 20 0.356371957607 
205 349 0 20 0.356265953994 
89 478 0 20 0.356068953767 
182 188 0 20 0.35569133162 
181 432 0 20 0.355468896731 
184 195 0 20 0.355299083732 
183 198 0 20 0.35495903257 
178 423 0 20 0.354562956434 
349 529 0 20 0.354558024296 
43 69 0 20 0.354465560776 
89 473 0 20 0.354455328297 
93 440 0 20 0.354409851573 
200 423 0 20 0.354266896216 
202 348 0 20 0.354234123559 
407 537 0 20 0.353658519194 
180 428 0 20 0.353425283131 
64 364 0 20 0.353211868085 
385 465 0 20 0.353055323998 
39 64 0 20 0.352996882324 
123 134 0 20 0.352818089974 
171 537 0 20 0.35275253065 
190 423 0 20 0.352610871104 
195 284 0 20 0.352485996024 
158 434 0 20 0.352456849427 
207 435 0 20 0.35200296773 
181 423 0 20 0.35175099739 
397 400 0 20 0.351729779968 
198 207 0 20 0.35123430841 
134 388 0 20 0.350787697283 
7 189 0 20 0.350784539543 
418 509 0 20 0.350623581268 
237 536 0 20 0.350606395947 
70 476 0 20 0.350605154891 
69 70 0 20 0.350218530261 
132 159 0 20 0.350136800835 
200 208 0 20 0.350065870339 
435 540 0 20 0.350030086165 
155 209 0 20 0.349748423808 
464 523 0 20 0.349536853834 
72 543 0 20 0.349528079972 
427 432 0 20 0.349278373588 
232 245 0 20 0.349269982761 
407 482 0 20 0.349152678967 
326 423 0 20 0.349108401482 
397 522 0 20 0.349065912556 
434 462 0 20 0.348287938284 
172 541 0 20 0.348255313873 
432 459 0 20 0.348122935564 
120 157 0 20 0.348076031189 
268 472 0 20 0.34786100408 
5 431 0 20 0.347555750217 
131 155 0 20 0.347522854794 
431 436 0 20 0.346971736473 
186 419 0 20 0.346918751516 
84 235 0 20 0.346679767373 
174 537 0 20 0.346550466493 
129 479 0 20 0.346463941813 
48 354 0 20 0.346352007105 
408 491 0 20 0.346343228886 
158 200 0 20 0.345827548372 
430 562 0 20 0.345310092837 
184 188 0 20 0.345206919677 
338 374 0 20 0.345181707224 
431 480 0 20 0.345124985172 
178 418 0 20 0.344861250081 
87 235 0 20 0.344762349472 
82 352 0 20 0.344754757944 
176 338 0 20 0.344732993558 
146 388 0 20 0.344552981302 
410 486 0 20 0.344411711011 
132 162 0 20 0.344279834142 
158 194 0 20 0.344016355935 
61 135 0 20 0.34349813777 
282 557 0 20 0.343430380653 
200 450 0 20 0.343422302988 
38 72 0 20 0.343403039514 
188 206 0 20 0.343336579704 
48 202 0 20 0.343251232824 
410 493 0 20 0.342790591359 
2 72 0 20 0.342622276708 
191 195 0 20 0.342466667977 
470 563 0 20 0.342302659796 
7 228 0 20 0.342084811806 
314 349 0 20 0.341901312985 
323 410 0 20 0.3417745193 
272 279 0 20 0.341643124343 
58 277 0 20 0.341568442111 
283 554 0 20 0.341344224337 
284 474 0 20 0.341288096568 
102 252 0 20 0.341196400773 
88 235 0 20 0.340955975894 
198 472 0 20 0.340485192432 
212 440 0 20 0.340350378814 
433 534 0 20 0.340276171225 
398 523 0 20 0.339850726676 
34 43 0 20 0.339458967292 
2 79 0 20 0.339416416503 
183 201 0 20 0.339268458665 
132 436 0 20 0.339158954771 
69 422 0 20 0.339063243701 
186 202 0 20 0.339055782713 
186 203 0 20 0.338543080767 
407 490 0 20 0.338516392857 
420 440 0 20 0.338440856317 
180 195 0 20 0.337850420878 
1 61 0 20 0.33780481158 
38 162 0 20 0.33767418701 
319 354 0 20 0.337390519528 
279 431 0 20 0.337267163334 
130 155 0 20 0.336981264935 
89 258 0 20 0.336874915896 
221 230 0 20 0.33679749842 
132 440 0 20 0.336781615361 
431 516 0 20 0.336606185323 
186 200 0 20 0.336071381095 
330 343 0 20 0.335929122099 
93 272 0 20 0.335840211328 
191 206 0 20 0.33541771723 
39 61 0 20 0.33524489038 
3 432 0 20 0.335168944646 
123 133 0 20 0.335114748392 
133 326 0 20 0.335046328325 
203 349 0 20 0.334912966618 
195 238 0 20 0.334867881959 
398 427 0 20 0.334708683607 
398 540 0 20 0.334531589864 
132 439 0 20 0.33445194688 
86 476 0 20 0.334112515053 
175 537 0 20 0.33400958191 
35 43 0 20 0.333975397282 
155 212 0 20 0.333821281226 
136 581 0 20 0.333719401286 
319 353 0 20 0.333716278417 
133 322 0 20 0.333695211586 
2 428 0 20 0.33352702765 
121 134 0 20 0.333466158149 
186 198 0 20 0.333238700383 
272 291 0 20 0.333185611431 
70 157 0 20 0.332980895032 
314 432 0 20 0.332827093397 
213 347 0 20 0.332033364227 
330 335 0 20 0.331634176158 
136 472 0 20 0.331542778323 
9 463 0 20 0.33087242726 
9 466 0 20 0.33087242726 
220 541 0 20 0.330856370385 
80 235 0 20 0.330847168221 
176 198 0 20 0.330787791343 
421 562 0 20 0.330559263633 
385 467 0 20 0.330355027152 
132 161 0 20 0.330328282433 
330 339 0 20 0.330149782181 
70 155 0 20 0.329894111071 
155 162 0 20 0.329271744349 
493 539 0 20 0.329137540431 
127 162 0 20 0.329115068176 
54 200 0 20 0.328711828841 
503 521 0 20 0.328665345791 
188 276 0 20 0.328492782759 
68 136 0 20 0.328490555388 
316 431 0 20 0.328378760717 
430 485 0 20 0.328368938163 
407 494 0 20 0.328266664059 
133 323 0 20 0.328260508156 
491 532 0 20 0.328089300401 
38 189 0 20 0.328030193539 
72 545 0 20 0.327660371104 
192 195 0 20 0.327620946427 
132 434 0 20 0.327562471619 
239 539 0 20 0.326995272995 
70 349 0 20 0.326941196959 
427 431 0 20 0.326933617052 
136 405 0 20 0.326924758548 
59 352 0 20 0.326907539395 
208 230 0 20 0.326840341051 
136 243 0 20 0.32651845872 
228 231 0 20 0.326460926384 
436 440 0 20 0.326456536359 
131 162 0 20 0.32641168122 
195 293 0 20 0.325921337886 
9 201 0 20 0.325820464084 
8 155 0 20 0.325235525402 
242 431 0 20 0.325193901836 
396 553 0 20 0.32482225952 
284 476 0 20 0.324527991899 
54 90 0 20 0.324376115556 
176 201 0 20 0.324351851792 
72 544 0 20 0.324351170403 
181 431 0 20 0.324195955829 
150 198 0 20 0.3241425987 
68 432 0 20 0.323943526903 
204 470 0 20 0.322946381082 
5 191 0 20 0.322705608671 
89 475 0 20 0.322518075697 
103 158 0 20 0.322474424001 
228 239 0 20 0.322322061305 
262 440 0 20 0.322312443183 
10 195 0 20 0.322181630265 
420 428 0 20 0.321961206797 
216 540 0 20 0.321891195397 
513 529 0 20 0.321777936614 
286 471 0 20 0.321682812998 
138 188 0 20 0.321661340649 
320 352 0 20 0.321649950433 
407 485 0 20 0.321610420894 
432 486 0 20 0.321427709661 
421 485 0 20 0.321328408521 
430 435 0 20 0.321134142241 
84 102 0 20 0.320808287391 
162 174 0 20 0.320628665195 
205 348 0 20 0.320252851059 
93 435 0 20 0.320152740901 
150 201 0 20 0.320024345936 
188 193 0 20 0.320023981287 
239 517 0 20 0.320016117286 
1 206 0 20 0.319994326451 
199 450 0 20 0.31997938569 
187 431 0 20 0.319741471394 
314 348 0 20 0.319480976945 
90 272 0 20 0.31932328956 
8 156 0 20 0.319225568659 
315 322 0 20 0.319166832268 
201 356 0 20 0.319073878589 
187 418 0 20 0.318915448194 
427 435 0 20 0.318876430601 
335 440 0 20 0.318663419543 
198 473 0 20 0.318616064945 
232 434 0 20 0.318573480979 
120 158 0 20 0.31835061514 
88 397 0 20 0.318317320468 
409 490 0 20 0.318132699513 
186 204 0 20 0.318056597354 
430 476 0 20 0.317813186538 
283 480 0 20 0.317768932288 
188 419 0 20 0.317694561922 
104 157 0 20 0.317661201419 
134 472 0 20 0.317506826557 
140 186 0 20 0.317479828383 
466 469 0 20 0.317347711761 
189 423 0 20 0.317285806804 
176 189 0 20 0.31717726289 
222 536 0 20 0.317161920255 
562 570 0 20 0.316914192098 
241 520 0 20 0.31656126998 
321 410 0 20 0.316451000644 
82 235 0 20 0.316189322889 
204 283 0 20 0.315882146589 
140 348 0 20 0.315866907804 
411 537 0 20 0.315616783391 
239 425 0 20 0.315269679092 
337 430 0 20 0.315260539199 
195 461 0 20 0.315242012406 
88 158 0 20 0.315066103368 
330 334 0 20 0.315052214595 
189 286 0 20 0.31492457586 
423 467 0 20 0.314799925718 
70 474 0 20 0.314623758291 
431 545 0 20 0.314425987566 
176 418 0 20 0.314188125226 
134 497 0 20 0.314121517225 
174 536 0 20 0.314076612565 
188 428 0 20 0.313783714742 
225 239 0 20 0.313526968067 
200 470 0 20 0.313525565194 
69 196 0 20 0.31350445515 
151 191 0 20 0.313331397509 
290 474 0 20 0.313297806685 
157 434 0 20 0.313291127061 
54 354 0 20 0.313253654419 
1 4 0 20 0.313102148246 
417 428 0 20 0.313082502691 
398 521 0 20 0.312991446368 
41 416 0 20 0.31293698082 
7 132 0 20 0.312740763575 
187 416 0 20 0.312592993643 
119 134 0 20 0.312514216046 
195 357 0 20 0.31244819578 
321 347 0 20 0.312427186436 
408 493 0 20 0.312423937728 
398 547 0 20 0.312258128843 
186 420 0 20 0.312194568394 
421 432 0 20 0.312113973169 
8 17 0 20 0.312027244288 
560 572 0 20 0.312022068119 
288 476 0 20 0.312020929008 
288 474 0 20 0.312020929008 
163 198 0 20 0.311934084361 
7 258 0 20 0.311755800959 
200 432 0 20 0.311564446058 
194 283 0 20 0.311259425583 
228 238 0 20 0.311234759099 
129 139 0 20 0.311158731793 
310 448 0 20 0.311114047376 
283 557 0 20 0.311061045665 
195 289 0 20 0.310978248256 
93 258 0 20 0.310770617522 
188 199 0 20 0.310718679678 
194 239 0 20 0.310712326247 
428 516 0 20 0.310640831297 
158 418 0 20 0.310608300769 
183 348 0 20 0.31044365825 
221 237 0 20 0.310134294016 
435 472 0 20 0.310035642072 
186 426 0 20 0.30993535185 
71 428 0 20 0.309600958566 
89 235 0 20 0.309253391034 
375 466 0 20 0.309125858894 
209 474 0 20 0.308955432173 
209 476 0 20 0.308955432173 
50 69 0 20 0.308877521923 
10 198 0 20 0.308765172287 
146 200 0 20 0.308707296818 
38 64 0 20 0.308611971577 
434 463 0 20 0.308550682364 
189 284 0 20 0.308118541423 
12 129 0 20 0.308061379672 
208 436 0 20 0.307911183327 
329 423 0 20 0.307767682289 
552 569 0 20 0.307749067069 
185 410 0 20 0.307431385541 
423 475 0 20 0.307333894484 
415 427 0 20 0.307319980822 
186 415 0 20 0.307296212612 
85 102 0 20 0.307279500241 
315 354 0 20 0.307201568879 
553 562 0 20 0.307163636882 
25 134 0 20 0.307086824629 
157 161 0 20 0.307051153337 
54 182 0 20 0.306979361885 
89 354 0 20 0.306905824453 
192 239 0 20 0.306900725066 
553 557 0 20 0.306847224807 
484 537 0 20 0.306707851813 
132 274 0 20 0.306483723411 
158 473 0 20 0.306440399737 
147 198 0 20 0.306380917283 
72 149 0 20 0.306239574774 
318 448 0 20 0.306172337579 
157 209 0 20 0.305969707027 
132 273 0 20 0.305947411861 
189 417 0 20 0.305947409892 
398 544 0 20 0.30582322559 
467 523 0 20 0.305820784016 
488 534 0 20 0.305819585029 
129 153 0 20 0.305659672569 
80 91 0 20 0.305656464533 
90 102 0 20 0.305402526812 
195 358 0 20 0.305115911654 
191 294 0 20 0.305027006363 
492 534 0 20 0.304997911892 
195 205 0 20 0.304906199537 
75 241 0 20 0.30459803677 
136 421 0 20 0.304484323748 
419 511 0 20 0.304457005203 
426 431 0 20 0.30433159337 
1 421 0 20 0.303872185049 
5 186 0 20 0.303237792849 
461 476 0 20 0.303224361382 
410 491 0 20 0.303169323982 
458 470 0 20 0.303145671075 
96 474 0 20 0.302970311838 
472 562 0 20 0.302929115693 
201 357 0 20 0.302928982834 
559 562 0 20 0.302877912662 
151 162 0 20 0.302700267647 
259 274 0 20 0.302467199832 
375 463 0 20 0.302364063855 
88 330 0 20 0.302200791399 
398 426 0 20 0.302084816072 
423 473 0 20 0.302052628509 
79 257 0 20 0.30199297587 
485 561 0 20 0.301835851662 
417 511 0 20 0.301766435211 
198 529 0 20 0.30156585845 
78 235 0 20 0.301495064267 
71 72 0 20 0.301465719192 
187 474 0 20 0.301353386143 
188 240 0 20 0.3012717418 
72 136 0 20 0.30114978422 
191 245 0 20 0.301108884262 
226 259 0 20 0.301074122192 
397 431 0 20 0.300977001279 
190 432 0 20 0.300854602605 
154 259 0 20 0.300815536069 
64 358 0 20 0.300781621778 
3 195 0 20 0.300583834727 
421 471 0 20 0.300567419902 
540 553 0 20 0.300238548793 
423 516 0 20 0.300160303342 
149 158 0 20 0.300070000673 
75 148 0 20 0.300012193911 
159 270 0 20 0.299834348268 
133 472 0 20 0.299514262841 
428 472 0 20 0.299461323153 
38 158 0 20 0.29941549325 
134 174 0 20 0.299219906829 
58 69 0 20 0.299219571692 
531 534 0 20 0.298990494933 
103 553 0 20 0.298858041296 
121 160 0 20 0.298806346047 
144 200 0 20 0.298625774022 
283 472 0 20 0.29822698494 
71 432 0 20 0.29820261803 
315 431 0 20 0.29813844166 
437 466 0 20 0.297949616611 
113 133 0 20 0.297801049744 
320 410 0 20 0.297784322995 
9 133 0 20 0.297681667455 
212 432 0 20 0.297676177259 
75 543 0 20 0.297661037179 
532 543 0 20 0.297645346384 
2 188 0 20 0.297507941546 
13 121 0 20 0.297405367327 
58 198 0 20 0.297251234627 
188 542 0 20 0.297031612215 
72 135 0 20 0.29691943857 
432 487 0 20 0.296706114535 
153 471 0 20 0.29666989369 
126 133 0 20 0.296664290798 
196 463 0 20 0.296655669241 
79 354 0 20 0.296492432192 
198 238 0 20 0.296353556313 
154 562 0 20 0.296328009929 
70 208 0 20 0.296277553167 
75 249 0 20 0.29606408976 
209 272 0 20 0.296011552979 
532 542 0 20 0.295873264182 
397 425 0 20 0.295723001867 
1 262 0 20 0.295463811065 
104 158 0 20 0.295364821134 
199 432 0 20 0.295278053155 
418 564 0 20 0.29520656539 
69 427 0 20 0.294996365445 
411 476 0 20 0.294891559965 
266 471 0 20 0.294857738885 
133 479 0 20 0.294852703229 
1 430 0 20 0.294787228172 
72 460 0 20 0.29473490636 
153 157 0 20 0.294580390516 
552 562 0 20 0.294513876762 
120 235 0 20 0.29443668975 
482 562 0 20 0.294271652404 
1 154 0 20 0.29425776674 
157 271 0 20 0.294006580574 
159 515 0 20 0.293938617309 
200 463 0 20 0.293876366762 
177 421 0 20 0.293818607837 
48 371 0 20 0.293715979689 
461 463 0 20 0.293491013337 
114 134 0 20 0.293415018276 
135 423 0 20 0.293378729259 
5 195 0 20 0.293277023722 
88 157 0 20 0.293173872696 
177 425 0 20 0.293008303129 
226 239 0 20 0.29288056678 
133 327 0 20 0.292816124472 
198 540 0 20 0.292805698407 
230 432 0 20 0.292579078323 
239 479 0 20 0.292538499687 
58 186 0 20 0.292533729639 
101 195 0 20 0.292470408898 
407 481 0 20 0.292448352375 
373 385 0 20 0.292436664531 
122 235 0 20 0.292281907441 
133 317 0 20 0.292248356976 
74 239 0 20 0.292240989424 
207 313 0 20 0.292177215247 
70 470 0 20 0.292000972214 
315 346 0 20 0.291817818677 
408 486 0 20 0.291747581945 
409 486 0 20 0.291747581945 
80 90 0 20 0.291739414195 
545 575 0 20 0.291555458672 
40 72 0 20 0.291506090248 
397 428 0 20 0.291447087197 
79 235 0 20 0.291379578716 
155 387 0 20 0.291377993463 
198 430 0 20 0.291293796264 
59 277 0 20 0.291293638477 
420 513 0 20 0.291231372902 
282 554 0 20 0.291123601526 
70 129 0 20 0.290893590969 
1 10 0 20 0.290889490795 
72 142 0 20 0.290706000355 
186 427 0 20 0.290672092438 
238 537 0 20 0.290649095453 
221 437 0 20 0.290644417305 
121 197 0 20 0.290571565195 
431 477 0 20 0.290561106621 
142 198 0 20 0.290528570996 
48 139 0 20 0.290290619132 
242 520 0 20 0.290275712668 
267 471 0 20 0.290253266795 
178 188 0 20 0.290177286679 
554 562 0 20 0.29017438446 
195 356 0 20 0.290169576868 
121 159 0 20 0.290051640894 
561 570 0 20 0.29003811501 
209 432 0 20 0.289793571748 
6 54 0 20 0.289663350062 
54 371 0 20 0.289455728191 
159 186 0 20 0.289370156322 
54 369 0 20 0.289363821511 
5 54 0 20 0.289230682694 
186 434 0 20 0.289129311203 
195 427 0 20 0.28890007551 
186 209 0 20 0.288850048765 
330 340 0 20 0.288744934065 
48 369 0 20 0.288659446789 
388 466 0 20 0.288606928733 
206 313 0 20 0.288575799465 
173 195 0 20 0.28855729559 
314 431 0 20 0.288361432083 
191 209 0 20 0.288335025062 
184 283 0 20 0.288263858744 
228 260 0 20 0.28816603007 
188 434 0 20 0.287780485927 
72 542 0 20 0.287364974038 
134 242 0 20 0.287349033183 
38 61 0 20 0.287303524427 
59 186 0 20 0.287290233724 
72 472 0 20 0.28696921467 
162 204 0 20 0.286939999515 
87 352 0 20 0.286883714068 
369 423 0 20 0.286824164602 
26 137 0 20 0.286799317087 
220 440 0 20 0.286771160982 
48 196 0 20 0.286652806867 
188 426 0 20 0.286648894637 
376 466 0 20 0.286634748714 
191 419 0 20 0.286519154676 
408 481 0 20 0.286397111635 
436 466 0 20 0.286283964418 
312 431 0 20 0.28623701479 
188 475 0 20 0.286202333029 
239 519 0 20 0.285948966766 
70 134 0 20 0.285927644051 
64 246 0 20 0.285864823468 
128 162 0 20 0.285800039042 
387 466 0 20 0.285622048033 
238 431 0 20 0.285587225311 
213 283 0 20 0.285508513262 
38 48 0 20 0.285279669307 
70 428 0 20 0.285256831484 
390 553 0 20 0.285193879303 
530 535 0 20 0.285084997039 
288 471 0 20 0.285042037024 
70 136 0 20 0.284971673155 
411 432 0 20 0.284894608878 
75 238 0 20 0.284830059906 
431 547 0 20 0.284677280144 
70 435 0 20 0.284638846256 
191 288 0 20 0.28442893189 
197 463 0 20 0.284375627202 
133 251 0 20 0.284339483473 
130 133 0 20 0.284212590614 
232 433 0 20 0.284088409428 
9 338 0 20 0.283963742279 
198 422 0 20 0.283910363627 
198 206 0 20 0.283872736646 
158 439 0 20 0.283861041887 
232 542 0 20 0.283764501048 
186 413 0 20 0.28374032257 
2 410 0 20 0.283666018084 
54 202 0 20 0.283545009705 
157 276 0 20 0.283490246079 
268 418 0 20 0.283199942538 
231 485 0 20 0.283180971674 
104 162 0 20 0.283163721875 
332 338 0 20 0.283068556463 
423 482 0 20 0.282884498783 
3 423 0 20 0.282825687624 
8 176 0 20 0.28270229218 
72 387 0 20 0.282700255163 
186 411 0 20 0.282653520424 
44 72 0 20 0.282592269003 
185 466 0 20 0.282523802727 
194 216 0 20 0.282450126529 
95 431 0 20 0.282440239299 
72 141 0 20 0.282352184495 
71 198 0 20 0.282350868836 
232 241 0 20 0.282314720392 
235 241 0 20 0.282314720392 
1 260 0 20 0.282147534842 
72 425 0 20 0.281963743524 
408 420 0 20 0.281924382045 
50 277 0 20 0.281857467451 
75 240 0 20 0.281645861054 
7 121 0 20 0.281528069468 
54 199 0 20 0.281501644889 
32 43 0 20 0.281363753231 
135 188 0 20 0.281004387142 
314 471 0 20 0.280824026854 
416 529 0 20 0.280811892533 
420 431 0 20 0.280697416896 
90 258 0 20 0.280680930977 
154 470 0 20 0.280646736462 
242 537 0 20 0.280595517522 
290 476 0 20 0.280477133517 
186 230 0 20 0.280425389391 
192 418 0 20 0.280373014595 
72 206 0 20 0.280263202804 
133 320 0 20 0.280224599044 
134 165 0 20 0.280175741252 
29 134 0 20 0.279914974955 
7 348 0 20 0.279902717042 
133 319 0 20 0.279888341577 
397 545 0 20 0.279774932753 
479 493 0 20 0.279636361063 
195 291 0 20 0.279546906884 
76 121 0 20 0.279472619971 
134 326 0 20 0.279380808859 
81 235 0 20 0.279142523215 
158 430 0 20 0.279129775161 
69 539 0 20 0.279085504727 
216 541 0 20 0.279027826453 
252 259 0 20 0.279010152118 
269 472 0 20 0.278961159028 
243 258 0 20 0.278921433899 
184 198 0 20 0.278878328021 
70 228 0 20 0.27884735952 
223 239 0 20 0.278827612429 
159 177 0 20 0.278810575702 
91 235 0 20 0.278649942826 
128 134 0 20 0.27864718356 
558 570 0 20 0.278641466898 
75 472 0 20 0.278428081452 
8 540 0 20 0.278219782068 
224 239 0 20 0.278156478147 
71 186 0 20 0.278149265893 
187 268 0 20 0.278071177019 
93 235 0 20 0.278047539053 
266 561 0 20 0.277773754462 
70 72 0 20 0.277679049292 
187 409 0 20 0.277540571895 
54 178 0 20 0.277519117882 
143 162 0 20 0.277431405135 
188 420 0 20 0.277374366792 
241 466 0 20 0.277182550755 
219 268 0 20 0.277093731359 
88 569 0 20 0.277093108012 
87 476 0 20 0.276981904293 
87 474 0 20 0.276981904293 
89 254 0 20 0.276870598735 
8 85 0 20 0.276759519342 
176 272 0 20 0.276731468408 
438 485 0 20 0.276702125515 
176 435 0 20 0.27667416129 
203 348 0 20 0.276574319127 
258 472 0 20 0.276522220157 
42 61 0 20 0.276432928784 
72 540 0 20 0.276171115286 
180 431 0 20 0.276096839191 
188 418 0 20 0.276088223824 
68 75 0 20 0.276006614656 
268 561 0 20 0.275988172319 
233 239 0 20 0.275715971514 
158 478 0 20 0.275574248363 
129 137 0 20 0.275364878678 
32 133 0 20 0.275360951435 
430 493 0 20 0.274999549726 
511 522 0 20 0.274646069873 
154 315 0 20 0.274420284083 
208 564 0 20 0.274402048886 
154 313 0 20 0.274312712217 
190 283 0 20 0.273888643289 
431 434 0 20 0.273837762651 
157 430 0 20 0.273767291463 
258 471 0 20 0.273698678613 
415 463 0 20 0.273660484522 
158 472 0 20 0.273550317135 
285 471 0 20 0.273355890898 
157 211 0 20 0.273253321711 
72 207 0 20 0.273227110737 
129 274 0 20 0.273140555363 
221 422 0 20 0.272929657754 
72 143 0 20 0.272862690735 
270 561 0 20 0.272860435249 
157 439 0 20 0.272750608495 
195 211 0 20 0.272709766325 
186 371 0 20 0.272691335044 
188 285 0 20 0.272644718114 
177 183 0 20 0.27250827443 
15 385 0 20 0.272366027493 
151 198 0 20 0.271943616519 
129 155 0 20 0.271903942842 
145 198 0 20 0.271884726283 
185 432 0 20 0.271830844741 
54 370 0 20 0.271780225459 
409 485 0 20 0.271641168476 
320 347 0 20 0.271526666263 
189 207 0 20 0.271491843825 
421 474 0 20 0.27147848482 
125 133 0 20 0.271437384869 
327 423 0 20 0.271425036729 
192 432 0 20 0.271352918315 
565 570 0 20 0.271334660128 
338 371 0 20 0.271314754689 
69 204 0 20 0.27126333765 
203 283 0 20 0.270992174272 
397 426 0 20 0.270869934448 
103 560 0 20 0.270793851346 
265 471 0 20 0.270780436397 
235 436 0 20 0.270749973306 
268 471 0 20 0.270665401762 
311 431 0 20 0.270659374716 
159 513 0 20 0.270319236082 
198 433 0 20 0.27027921705 
70 121 0 20 0.270222569995 
146 439 0 20 0.270216860812 
243 431 0 20 0.270204316812 
182 283 0 20 0.270153068037 
8 88 0 20 0.270062015935 
283 434 0 20 0.269990718068 
54 185 0 20 0.269971958399 
61 360 0 20 0.269939661044 
330 333 0 20 0.269829961873 
130 162 0 20 0.269825890461 
186 206 0 20 0.269815045054 
188 531 0 20 0.269754312992 
187 466 0 20 0.269698084748 
185 198 0 20 0.269686360112 
51 277 0 20 0.269583719501 
75 433 0 20 0.269476224768 
132 438 0 20 0.269085260502 
409 481 0 20 0.269030693577 
61 148 0 20 0.268750659906 
269 473 0 20 0.268745164587 
178 432 0 20 0.268743838746 
428 433 0 20 0.268600641208 
207 348 0 20 0.268464615868 
70 463 0 20 0.268463281132 
1 50 0 20 0.268193168219 
7 8 0 20 0.268150955855 
208 430 0 20 0.268123307292 
283 318 0 20 0.26788229512 
100 146 0 20 0.267630936105 
177 472 0 20 0.267546064141 
67 432 0 20 0.267491023066 
159 328 0 20 0.26741009222 
134 545 0 20 0.267369389587 
395 553 0 20 0.267367339804 
260 471 0 20 0.267340431345 
93 134 0 20 0.267312308259 
397 543 0 20 0.267238228486 
189 290 0 20 0.267161441701 
329 338 0 20 0.267071311952 
3 54 0 20 0.266961739367 
188 284 0 20 0.266795006132 
350 431 0 20 0.26677178271 
79 256 0 20 0.266686512774 
155 210 0 20 0.266682944639 
431 543 0 20 0.266660782481 
191 293 0 20 0.266627341216 
431 542 0 20 0.26648482961 
431 565 0 20 0.266469393009 
198 210 0 20 0.266374012026 
133 264 0 20 0.266359197925 
184 208 0 20 0.266199260878 
48 370 0 20 0.266060357211 
193 474 0 20 0.265941032694 
417 471 0 20 0.265884031015 
503 520 0 20 0.265772161339 
399 560 0 20 0.26573312144 
83 259 0 20 0.265660296813 
86 352 0 20 0.265461845854 
504 522 0 20 0.265411374409 
473 493 0 20 0.265381441153 
176 239 0 20 0.265373426523 
88 474 0 20 0.265320556846 
157 308 0 20 0.265297255702 
204 463 0 20 0.26524032764 
123 162 0 20 0.265224803487 
221 423 0 20 0.26516650444 
422 435 0 20 0.265093235513 
281 283 0 20 0.265027994443 
286 431 0 20 0.26502020478 
198 459 0 20 0.264992599221 
320 428 0 20 0.264864565841 
199 463 0 20 0.264803764661 
241 537 0 20 0.264783262179 
61 71 0 20 0.264704140207 
134 546 0 20 0.264564019885 
244 258 0 20 0.264558523086 
156 272 0 20 0.264553499157 
336 523 0 20 0.2645284991 
266 472 0 20 0.264524319869 
191 207 0 20 0.264459514971 
285 474 0 20 0.264454366106 
285 476 0 20 0.264454366106 
61 84 0 20 0.264411660233 
134 548 0 20 0.264282409535 
64 151 0 20 0.264213827118 
133 321 0 20 0.264027964109 
259 427 0 20 0.26389976733 
134 499 0 20 0.263683535736 
136 473 0 20 0.263652460665 
421 570 0 20 0.26355354255 
430 474 0 20 0.263510391422 
494 536 0 20 0.26348480024 
187 476 0 20 0.263462135118 
188 427 0 20 0.263423885292 
152 476 0 20 0.26332687741 
180 440 0 20 0.263281271591 
64 154 0 20 0.263236892705 
179 283 0 20 0.263213865827 
284 471 0 20 0.263163836303 
54 568 0 20 0.263100295143 
72 95 0 20 0.263064570213 
71 239 0 20 0.26304013214 
69 426 0 20 0.263019557036 
318 431 0 20 0.263011591323 
88 259 0 20 0.262996775567 
76 129 0 20 0.262944990257 
241 562 0 20 0.262905892434 
64 135 0 20 0.262900059223 
129 154 0 20 0.2628728483 
135 432 0 20 0.262862860217 
101 569 0 20 0.262839222267 
133 311 0 20 0.262795356832 
215 541 0 20 0.262529216874 
134 176 0 20 0.262443860098 
72 436 0 20 0.262336362786 
189 434 0 20 0.262160993169 
243 537 0 20 0.261874464732 
439 474 0 20 0.261757803384 
146 438 0 20 0.261670047348 
173 562 0 20 0.261501844506 
245 562 0 20 0.261370285158 
536 543 0 20 0.261320610429 
187 428 0 20 0.261261423136 
162 178 0 20 0.26119515875 
165 431 0 20 0.261113063036 
68 134 0 20 0.260945242658 
7 283 0 20 0.26090392959 
76 144 0 20 0.260727314583 
431 475 0 20 0.260688403074 
381 463 0 20 0.260683737641 
188 197 0 20 0.260668253676 
139 158 0 20 0.260651056088 
242 428 0 20 0.260620209175 
186 432 0 20 0.260609320357 
188 286 0 20 0.260538779833 
45 48 0 20 0.260521148085 
470 567 0 20 0.26023498419 
188 467 0 20 0.260191501652 
541 581 0 20 0.26009288579 
319 350 0 20 0.260080050441 
242 562 0 20 0.259984256596 
469 560 0 20 0.259900906609 
86 102 0 20 0.25987816653 
480 562 0 20 0.259830694692 
89 174 0 20 0.259821757429 
146 180 0 20 0.25967848163 
2 374 0 20 0.259677974943 
217 397 0 20 0.259495230176 
134 169 0 20 0.25945196578 
187 239 0 20 0.259432988224 
208 233 0 20 0.259423105248 
409 469 0 20 0.259409674937 
203 470 0 20 0.259306984633 
7 188 0 20 0.259274511399 
568 575 0 20 0.259273063478 
129 133 0 20 0.259211140964 
188 384 0 20 0.259210704496 
283 473 0 20 0.259176492616 
189 206 0 20 0.259051117006 
240 520 0 20 0.259026114353 
262 471 0 20 0.259018557637 
180 188 0 20 0.258972969619 
283 479 0 20 0.258853088931 
419 513 0 20 0.258705474251 
431 439 0 20 0.258619421512 
84 352 0 20 0.258592374088 
47 197 0 20 0.258423740918 
208 350 0 20 0.258367073048 
136 192 0 20 0.258285321705 
272 293 0 20 0.258258992825 
89 176 0 20 0.258219220832 
61 425 0 20 0.258205909419 
88 315 0 20 0.258190991129 
196 432 0 20 0.258140298726 
255 471 0 20 0.258086480763 
132 156 0 20 0.25806148897 
134 324 0 20 0.258030508167 
64 139 0 20 0.257808061238 
466 471 0 20 0.257778051261 
183 418 0 20 0.257640761135 
67 556 0 20 0.257605940248 
5 432 0 20 0.257574364819 
313 430 0 20 0.257556272966 
315 430 0 20 0.257556272966 
135 189 0 20 0.257552290924 
189 418 0 20 0.257467485184 
59 198 0 20 0.257356649529 
72 96 0 20 0.257324659249 
71 258 0 20 0.257319412784 
178 474 0 20 0.257183864117 
1 207 0 20 0.257162602186 
216 222 0 20 0.257082753888 
1 554 0 20 0.257080805267 
431 564 0 20 0.257021332224 
207 228 0 20 0.256948076776 
195 312 0 20 0.256879045425 
121 318 0 20 0.256781635452 
83 102 0 20 0.256764811941 
431 469 0 20 0.256764064134 
162 177 0 20 0.25664055754 
398 425 0 20 0.256629686963 
69 434 0 20 0.256622820256 
239 540 0 20 0.256589863773 
235 529 0 20 0.256357545567 
504 521 0 20 0.256315809073 
189 242 0 20 0.256314640395 
256 471 0 20 0.256313399615 
187 189 0 20 0.256209427897 
96 431 0 20 0.256192589077 
187 198 0 20 0.256186623443 
134 188 0 20 0.256160471569 
374 411 0 20 0.25609273303 
418 505 0 20 0.256082110895 
155 211 0 20 0.256075097985 
435 539 0 20 0.25597166145 
155 389 0 20 0.255902941946 
398 546 0 20 0.255897006651 
138 144 0 20 0.255629495361 
48 568 0 20 0.255605434265 
48 279 0 20 0.255394819689 
382 463 0 20 0.25521498004 
534 542 0 20 0.255197583987 
120 431 0 20 0.255174444424 
1 411 0 20 0.255173980621 
4 428 0 20 0.255123734432 
179 208 0 20 0.255016705995 
48 280 0 20 0.255007450264 
129 209 0 20 0.254965192373 
89 477 0 20 0.254864392284 
515 524 0 20 0.254839877083 
72 249 0 20 0.254827350648 
235 411 0 20 0.254811556671 
418 425 0 20 0.254751284464 
282 310 0 20 0.254696970297 
244 570 0 20 0.254642299486 
188 289 0 20 0.254618415983 
133 421 0 20 0.254541206237 
188 433 0 20 0.254481237923 
472 493 0 20 0.254454970172 
315 323 0 20 0.254379395437 
133 312 0 20 0.254372957572 
54 280 0 20 0.254347600384 
420 570 0 20 0.254291597687 
198 458 0 20 0.254243054823 
181 416 0 20 0.254210044842 
71 188 0 20 0.254194316321 
46 48 0 20 0.254131000938 
187 432 0 20 0.254018815547 
61 367 0 20 0.254003491491 
188 241 0 20 0.253806184777 
134 504 0 20 0.253760062602 
197 431 0 20 0.253692234931 
48 273 0 20 0.253671401609 
219 239 0 20 0.253600619153 
17 189 0 20 0.253581424567 
337 371 0 20 0.253560339858 
319 347 0 20 0.253544196202 
88 352 0 20 0.253532180223 
48 427 0 20 0.253327687961 
94 134 0 20 0.253273555878 
95 476 0 20 0.253268310585 
79 273 0 20 0.253260124076 
171 348 0 20 0.25324615677 
136 240 0 20 0.253133692125 
15 146 0 20 0.253084860185 
64 71 0 20 0.253072187923 
136 541 0 20 0.252945931166 
76 186 0 20 0.252762249013 
436 534 0 20 0.252529712773 
121 152 0 20 0.252520214309 
221 241 0 20 0.252500757992 
195 434 0 20 0.252474623531 
162 320 0 20 0.252448331087 
377 432 0 20 0.252430692243 
252 570 0 20 0.252400180992 
133 266 0 20 0.252341395204 
283 386 0 20 0.252259276904 
188 238 0 20 0.252245630476 
315 434 0 20 0.252244999739 
181 476 0 20 0.2521108065 
195 472 0 20 0.251954530663 
133 204 0 20 0.25182550759 
41 48 0 20 0.25181234351 
105 201 0 20 0.25179484949 
134 549 0 20 0.251744938632 
320 431 0 20 0.251652299439 
473 485 0 20 0.251640692759 
431 437 0 20 0.251621187274 
129 169 0 20 0.251606936264 
198 230 0 20 0.25154987489 
103 195 0 20 0.251508140949 
314 440 0 20 0.251429308569 
61 472 0 20 0.251403242552 
421 493 0 20 0.251336806557 
270 318 0 20 0.251293920805 
472 569 0 20 0.251291046831 
64 274 0 20 0.251264863527 
188 243 0 20 0.251257077186 
76 541 0 20 0.251235874676 
103 208 0 20 0.251087341162 
228 437 0 20 0.251023603221 
111 157 0 20 0.250996439443 
566 575 0 20 0.250928886312 
73 129 0 20 0.250893844365 
219 474 0 20 0.250663468062 
194 198 0 20 0.250499510341 
259 411 0 20 0.250435963824 
155 200 0 20 0.250419882559 
6 69 0 20 0.250286283633 
557 570 0 20 0.250272987411 
471 555 0 20 0.250265700622 
171 562 0 20 0.250256739736 
88 351 0 20 0.250241262635 
398 525 0 20 0.25020727172 
197 337 0 20 0.250126560921 
139 541 0 20 0.250022755222 
546 575 0 20 0.249894000624 
438 466 0 20 0.249861358663 
72 147 0 20 0.249588931333 
64 194 0 20 0.249574850691 
4 471 0 20 0.249544069292 
195 473 0 20 0.249451582328 
431 562 0 20 0.249409327628 
103 474 0 20 0.249347737979 
191 423 0 20 0.249333538078 
188 244 0 20 0.249279051906 
134 498 0 20 0.249158252352 
567 575 0 20 0.249115965164 
189 287 0 20 0.24911002928 
134 163 0 20 0.24902713287 
133 567 0 20 0.249024441031 
162 226 0 20 0.248840046515 
89 171 0 20 0.248795940799 
69 430 0 20 0.248793252086 
204 282 0 20 0.248741098694 
72 561 0 20 0.248711493185 
470 566 0 20 0.248685264236 
339 440 0 20 0.248650670564 
181 191 0 20 0.248645153516 
75 147 0 20 0.248636963472 
221 242 0 20 0.248512178334 
48 434 0 20 0.24837665917 
317 428 0 20 0.248371889399 
199 431 0 20 0.24834702659 
189 285 0 20 0.248346232754 
438 560 0 20 0.248333445559 
133 252 0 20 0.248309117974 
173 440 0 20 0.248298551991 
287 470 0 20 0.248247953585 
64 367 0 20 0.24824631967 
470 558 0 20 0.248185898277 
279 476 0 20 0.248150982924 
139 186 0 20 0.248075467143 
158 209 0 20 0.248031559769 
198 224 0 20 0.248012388939 
139 471 0 20 0.24801198289 
135 162 0 20 0.247945514153 
4 258 0 20 0.247715522441 
59 146 0 20 0.247669574935 
5 188 0 20 0.247647718363 
148 188 0 20 0.247602580999 
542 575 0 20 0.247579553007 
162 559 0 20 0.247533625242 
5 428 0 20 0.247416885487 
434 466 0 20 0.247382934607 
67 136 0 20 0.247356416226 
162 554 0 20 0.247283232358 
143 198 0 20 0.247124303192 
48 197 0 20 0.247084889436 
394 432 0 20 0.246998408106 
509 521 0 20 0.246857611236 
180 191 0 20 0.246817748398 
512 521 0 20 0.246728637961 
269 470 0 20 0.246715520028 
80 353 0 20 0.246680943141 
242 258 0 20 0.246527199604 
564 570 0 20 0.246506074184 
219 448 0 20 0.246474497052 
4 72 0 20 0.246306156301 
5 48 0 20 0.246225053288 
237 520 0 20 0.246222553018 
199 435 0 20 0.246173128837 
134 552 0 20 0.24610980008 
283 311 0 20 0.246008275405 
119 428 0 20 0.245956859483 
1 59 0 20 0.245891751932 
198 387 0 20 0.245871819237 
189 209 0 20 0.245818649083 
186 561 0 20 0.245540319253 
199 471 0 20 0.245464306894 
159 189 0 20 0.245415775586 
434 536 0 20 0.245274150716 
417 435 0 20 0.245156380062 
264 471 0 20 0.245111818267 
177 422 0 20 0.244896927847 
1 258 0 20 0.2448129401 
421 492 0 20 0.244773852075 
283 433 0 20 0.244749086725 
558 562 0 20 0.244739552517 
64 425 0 20 0.244591540719 
188 417 0 20 0.244564365461 
59 440 0 20 0.244304815897 
468 562 0 20 0.244238924044 
319 348 0 20 0.244204876622 
102 251 0 20 0.24418870192 
72 197 0 20 0.244092458752 
158 318 0 20 0.244070223627 
338 372 0 20 0.244039948016 
243 562 0 20 0.244030688557 
98 476 0 20 0.243991921872 
75 243 0 20 0.243970589035 
155 163 0 20 0.243928190386 
407 535 0 20 0.243897569474 
72 538 0 20 0.243862605831 
1 71 0 20 0.243834338324 
283 469 0 20 0.243777974863 
287 474 0 20 0.243764561814 
287 471 0 20 0.243764561814 
508 520 0 20 0.243762010039 
431 552 0 20 0.243703824415 
9 431 0 20 0.243542373392 
238 536 0 20 0.243509731506 
397 403 0 20 0.243507119193 
192 415 0 20 0.243436197779 
154 569 0 20 0.243208169891 
235 246 0 20 0.24316329995 
328 419 0 20 0.243162151718 
3 428 0 20 0.243066113052 
189 432 0 20 0.242979060206 
462 469 0 20 0.242962054721 
423 512 0 20 0.242941562753 
4 470 0 20 0.242882633119 
134 405 0 20 0.242880210153 
198 411 0 20 0.242818094941 
233 435 0 20 0.242793429877 
243 569 0 20 0.242715336366 
88 476 0 20 0.242479108153 
15 121 0 20 0.242332948935 
2 80 0 20 0.242308801544 
48 203 0 20 0.242304366693 
26 134 0 20 0.242263254278 
198 240 0 20 0.242207614264 
93 157 0 20 0.242119081944 
59 69 0 20 0.242114136076 
135 485 0 20 0.242011627546 
398 541 0 20 0.24200727898 
470 568 0 20 0.241992040039 
243 536 0 20 0.241957194128 
75 176 0 20 0.241925517412 
191 420 0 20 0.241883916033 
57 277 0 20 0.241787365945 
140 232 0 20 0.241545418357 
5 448 0 20 0.241511690491 
187 191 0 20 0.241222260365 
139 188 0 20 0.24118199846 
5 349 0 20 0.241038256463 
28 134 0 20 0.240951156985 
133 162 0 20 0.240863419511 
195 469 0 20 0.240810996156 
8 251 0 20 0.240673942261 
235 247 0 20 0.240642255613 
422 569 0 20 0.240581007323 
192 416 0 20 0.240580723579 
171 560 0 20 0.240564852515 
243 520 0 20 0.240557687626 
7 134 0 20 0.24051210162 
410 516 0 20 0.240366705078 
237 431 0 20 0.240363270421 
293 435 0 20 0.240268633548 
5 72 0 20 0.240260341808 
553 564 0 20 0.240164752643 
89 434 0 20 0.240048295376 
5 409 0 20 0.239983193602 
239 430 0 20 0.239893980418 
6 562 0 20 0.239763620442 
239 472 0 20 0.239679262235 
123 235 0 20 0.239656525266 
7 195 0 20 0.23965270683 
134 230 0 20 0.239476744906 
428 436 0 20 0.239447944864 
92 235 0 20 0.239289803517 
87 431 0 20 0.239206729532 
186 210 0 20 0.239179917691 
5 348 0 20 0.239173333021 
140 283 0 20 0.239046483207 
201 314 0 20 0.239008462473 
239 552 0 20 0.23899231972 
115 134 0 20 0.23898700416 
188 563 0 20 0.238951183141 
397 538 0 20 0.23894166134 
74 474 0 20 0.238933088745 
162 280 0 20 0.238850233423 
72 190 0 20 0.238810761582 
201 430 0 20 0.238704737921 
7 64 0 20 0.238702799891 
61 209 0 20 0.23864069962 
228 241 0 20 0.238507090716 
552 560 0 20 0.238494788263 
509 520 0 20 0.238484785115 
72 242 0 20 0.238470721062 
178 431 0 20 0.238384943722 
196 470 0 20 0.238373380996 
249 562 0 20 0.238345234379 
70 432 0 20 0.238336327401 
52 277 0 20 0.238251259567 
121 151 0 20 0.238221661645 
8 79 0 20 0.238169183599 
488 532 0 20 0.238131513492 
176 423 0 20 0.238093275843 
188 204 0 20 0.238065512496 
195 203 0 20 0.238044781753 
76 474 0 20 0.237981605211 
208 318 0 20 0.237959072899 
430 432 0 20 0.237938923615 
184 201 0 20 0.237899137407 
463 564 0 20 0.237831334189 
84 259 0 20 0.237796314061 
242 536 0 20 0.237782524481 
270 418 0 20 0.237779343455 
473 562 0 20 0.237776198979 
171 186 0 20 0.237772952072 
144 421 0 20 0.237695666603 
202 283 0 20 0.237577203602 
318 440 0 20 0.237480581239 
38 157 0 20 0.237474331292 
3 72 0 20 0.237443282554 
27 133 0 20 0.237368340784 
195 290 0 20 0.237306744132 
208 209 0 20 0.23724099605 
188 200 0 20 0.237236696749 
48 192 0 20 0.237208885437 
64 422 0 20 0.237112229757 
189 288 0 20 0.23699758681 
198 436 0 20 0.236990167737 
282 558 0 20 0.23698820717 
289 474 0 20 0.236845640502 
289 476 0 20 0.236845640502 
336 431 0 20 0.236826522397 
283 312 0 20 0.23680951741 
291 440 0 20 0.236746598239 
64 359 0 20 0.236730162337 
326 471 0 20 0.236711053317 
239 535 0 20 0.23664798625 
72 396 0 20 0.236633652588 
71 466 0 20 0.236606160548 
80 262 0 20 0.236576490902 
149 191 0 20 0.236542975369 
76 239 0 20 0.236537025534 
12 162 0 20 0.236484751184 
1 67 0 20 0.236447740152 
197 432 0 20 0.236443438043 
144 197 0 20 0.236443028245 
410 539 0 20 0.236432761954 
188 429 0 20 0.236379349336 
195 202 0 20 0.236370190563 
282 433 0 20 0.236180647063 
209 440 0 20 0.23610340653 
131 432 0 20 0.23610241159 
8 78 0 20 0.235863373997 
557 562 0 20 0.235848223544 
102 465 0 20 0.235773545806 
437 440 0 20 0.235757964682 
5 485 0 20 0.235747515317 
176 191 0 20 0.235606462939 
74 553 0 20 0.235550691961 
183 463 0 20 0.235517994972 
146 176 0 20 0.235461685636 
126 235 0 20 0.23543031783 
330 338 0 20 0.23542053488 
75 473 0 20 0.235271239423 
189 384 0 20 0.235248616565 
398 524 0 20 0.235225777843 
172 423 0 20 0.235214200843 
9 337 0 20 0.23507703764 
473 474 0 20 0.235040044752 
56 352 0 20 0.235021563747 
410 536 0 20 0.234928533371 
268 469 0 20 0.234917733411 
3 259 0 20 0.234847202659 
134 473 0 20 0.234792375139 
423 430 0 20 0.234762328091 
257 471 0 20 0.234696290745 
190 431 0 20 0.234676278147 
173 541 0 20 0.234601767249 
74 258 0 20 0.234563212953 
245 534 0 20 0.234512138063 
69 367 0 20 0.234259005029 
134 181 0 20 0.234245983713 
213 415 0 20 0.234204121012 
260 352 0 20 0.234161378491 
109 121 0 20 0.234154085412 
191 529 0 20 0.234047239764 
1 176 0 20 0.233944564145 
408 492 0 20 0.233916115751 
409 492 0 20 0.233916115751 
103 157 0 20 0.233807397675 
191 220 0 20 0.233738614012 
134 331 0 20 0.233720338916 
275 431 0 20 0.233673315472 
195 286 0 20 0.233647391725 
384 463 0 20 0.233615547714 
4 235 0 20 0.233587559488 
133 331 0 20 0.233572411664 
80 101 0 20 0.233562065102 
133 316 0 20 0.233550599173 
73 121 0 20 0.233546100819 
71 121 0 20 0.233534891503 
69 197 0 20 0.233528433713 
312 448 0 20 0.233380183788 
132 160 0 20 0.233200254764 
207 432 0 20 0.233194852399 
5 408 0 20 0.233162214797 
75 250 0 20 0.23312158816 
75 242 0 20 0.233098959809 
135 463 0 20 0.233006089296 
320 432 0 20 0.232950608512 
59 428 0 20 0.232891904997 
118 133 0 20 0.232776694817 
434 471 0 20 0.232775139163 
142 259 0 20 0.2327598133 
134 322 0 20 0.23270391382 
188 228 0 20 0.232446824949 
521 551 0 20 0.232445112206 
423 472 0 20 0.232438647175 
386 553 0 20 0.232415810338 
438 440 0 20 0.232359301266 
120 553 0 20 0.23222322813 
175 432 0 20 0.23218855677 
215 397 0 20 0.232046860551 
232 242 0 20 0.232042009113 
183 466 0 20 0.231881371915 
6 48 0 20 0.231805854866 
259 472 0 20 0.231727300885 
134 316 0 20 0.231663615802 
129 140 0 20 0.231548589312 
72 467 0 20 0.231490910648 
553 569 0 20 0.231462754859 
176 432 0 20 0.231459086257 
324 470 0 20 0.231383866297 
132 437 0 20 0.231381724148 
158 310 0 20 0.231323989725 
215 239 0 20 0.231244044658 
256 560 0 20 0.231201916717 
408 494 0 20 0.231185114928 
508 521 0 20 0.231178449646 
183 232 0 20 0.231138617566 
1 178 0 20 0.231109898567 
134 310 0 20 0.231108271161 
180 283 0 20 0.23090720028 
431 568 0 20 0.230892431861 
198 444 0 20 0.230851852403 
198 389 0 20 0.230743366467 
8 18 0 20 0.230709506563 
332 410 0 20 0.230689670204 
243 428 0 20 0.230681695192 
239 427 0 20 0.230656272551 
287 476 0 20 0.230622002953 
200 239 0 20 0.230612811425 
9 440 0 20 0.230579116274 
172 537 0 20 0.230541773851 
188 196 0 20 0.230499987887 
328 427 0 20 0.230451321567 
191 467 0 20 0.23040128381 
261 471 0 20 0.230385708243 
88 511 0 20 0.230222719812 
1 289 0 20 0.230134965449 
207 448 0 20 0.230082856872 
242 259 0 20 0.230020608795 
205 474 0 20 0.230001324764 
550 560 0 20 0.229964050426 
234 435 0 20 0.229915315458 
134 516 0 20 0.229888632681 
187 435 0 20 0.229853849242 
64 152 0 20 0.229852330365 
127 133 0 20 0.229827512215 
137 423 0 20 0.229753737503 
431 563 0 20 0.22974905037 
54 91 0 20 0.229707776271 
189 433 0 20 0.229551720284 
417 513 0 20 0.229549566597 
54 281 0 20 0.229483990111 
64 200 0 20 0.229470786613 
471 554 0 20 0.229365278237 
431 514 0 20 0.229295736935 
432 472 0 20 0.229294550486 
198 542 0 20 0.229277917727 
7 72 0 20 0.229257744864 
70 537 0 20 0.229247599257 
418 512 0 20 0.22922526314 
216 411 0 20 0.229113719121 
2 330 0 20 0.229095735981 
135 232 0 20 0.229058539255 
72 250 0 20 0.229004327311 
397 540 0 20 0.22893008999 
275 423 0 20 0.228929749348 
209 431 0 20 0.228861825223 
72 209 0 20 0.228859729121 
93 158 0 20 0.228828982628 
50 191 0 20 0.228820012249 
292 440 0 20 0.228788803987 
87 102 0 20 0.228747006278 
297 440 0 20 0.228686601288 
228 449 0 20 0.228591741126 
101 232 0 20 0.228517990138 
198 225 0 20 0.228484216691 
124 235 0 20 0.22847840187 
240 428 0 20 0.228446541685 
61 187 0 20 0.228434425482 
8 132 0 20 0.228350159404 
176 277 0 20 0.228348587876 
474 568 0 20 0.228321937684 
75 252 0 20 0.22829777212 
129 152 0 20 0.228122347015 
254 471 0 20 0.22808377946 
426 432 0 20 0.228033551482 
273 330 0 20 0.227994605708 
162 574 0 20 0.227986348488 
463 522 0 20 0.227959959648 
139 155 0 20 0.227939340285 
157 480 0 20 0.22790717562 
562 572 0 20 0.227691790725 
88 132 0 20 0.227673405467 
189 529 0 20 0.227565520105 
272 289 0 20 0.227562992244 
532 577 0 20 0.227461822253 
265 470 0 20 0.227446232309 
276 448 0 20 0.227424170887 
134 319 0 20 0.227318843676 
137 232 0 20 0.227184485013 
420 511 0 20 0.227152116484 
431 472 0 20 0.227027009888 
139 283 0 20 0.226954110409 
198 261 0 20 0.226921561401 
239 255 0 20 0.226919727209 
272 287 0 20 0.226899470823 
155 388 0 20 0.226864201476 
547 570 0 20 0.226665219212 
188 209 0 20 0.22662518733 
64 427 0 20 0.226500455485 
485 563 0 20 0.226499098641 
154 432 0 20 0.22649747443 
154 431 0 20 0.22649747443 
191 434 0 20 0.226493382328 
195 480 0 20 0.226454094139 
71 431 0 20 0.226451302119 
215 474 0 20 0.226381102658 
421 476 0 20 0.226360602638 
75 142 0 20 0.226277961885 
71 435 0 20 0.226207071182 
318 428 0 20 0.226162166273 
134 327 0 20 0.226013760296 
6 72 0 20 0.225993572891 
155 176 0 20 0.225984183693 
116 134 0 20 0.225940904043 
432 561 0 20 0.225892486513 
427 471 0 20 0.225892251147 
349 434 0 20 0.225846232867 
188 430 0 20 0.225843050383 
419 431 0 20 0.225720945447 
134 329 0 20 0.225701051991 
177 419 0 20 0.225608183474 
7 431 0 20 0.225576770867 
235 542 0 20 0.22554315344 
191 290 0 20 0.225379740537 
216 434 0 20 0.22522248053 
135 268 0 20 0.225092837917 
495 515 0 20 0.225058831252 
75 196 0 20 0.224981680039 
136 154 0 20 0.224893527811 
91 474 0 20 0.224892508872 
91 476 0 20 0.224892508872 
134 160 0 20 0.224880743065 
188 288 0 20 0.224844586822 
416 419 0 20 0.224736455792 
138 232 0 20 0.224731157372 
64 439 0 20 0.224730648175 
205 463 0 20 0.224687210738 
179 431 0 20 0.224662908851 
143 259 0 20 0.224587044217 
240 431 0 20 0.224538841873 
180 208 0 20 0.224534545009 
397 401 0 20 0.22452316982 
428 430 0 20 0.224373691465 
48 185 0 20 0.224333486896 
424 431 0 20 0.224327274864 
70 431 0 20 0.224242497219 
289 471 0 20 0.224231713787 
410 537 0 20 0.224231399829 
200 415 0 20 0.224147214655 
314 435 0 20 0.223938423105 
330 421 0 20 0.223891262137 
186 522 0 20 0.223805196157 
91 134 0 20 0.223737427118 
423 470 0 20 0.223694512986 
516 523 0 20 0.223681483549 
8 123 0 20 0.223676219517 
220 239 0 20 0.223437350694 
430 431 0 20 0.223435656456 
136 204 0 20 0.223425208395 
188 472 0 20 0.223399073493 
157 210 0 20 0.223356143776 
103 162 0 20 0.223230547804 
281 476 0 20 0.223198705153 
186 433 0 20 0.223156387275 
64 361 0 20 0.223136904592 
544 570 0 20 0.22308295658 
200 259 0 20 0.223063657004 
511 524 0 20 0.223033294351 
134 231 0 20 0.223008098258 
177 420 0 20 0.222990359768 
75 248 0 20 0.222810300018 
188 439 0 20 0.222765720203 
134 262 0 20 0.222727544486 
68 188 0 20 0.222583570835 
199 476 0 20 0.222497928918 
180 435 0 20 0.22246045557 
189 291 0 20 0.222456473599 
281 463 0 20 0.22231800088 
1 542 0 20 0.222285392024 
151 188 0 20 0.222262000614 
155 439 0 20 0.22223674425 
4 269 0 20 0.222225063616 
162 234 0 20 0.222209373 
185 431 0 20 0.222194287631 
129 166 0 20 0.222192655439 
177 187 0 20 0.222163261837 
374 388 0 20 0.222161263746 
239 271 0 20 0.22205033969 
281 466 0 20 0.221982043934 
134 544 0 20 0.221938484084 
190 418 0 20 0.221938045181 
171 266 0 20 0.221919393986 
391 553 0 20 0.221893473184 
216 356 0 20 0.221819692551 
286 474 0 20 0.221817008743 
286 476 0 20 0.221817008743 
189 294 0 20 0.221800134532 
198 434 0 20 0.221763536721 
188 432 0 20 0.221726628715 
195 373 0 20 0.221667772361 
96 466 0 20 0.221654534327 
188 465 0 20 0.221572633321 
136 230 0 20 0.221511298488 
283 478 0 20 0.221495414229 
349 427 0 20 0.221488501822 
466 523 0 20 0.221486714465 
61 559 0 20 0.221412175315 
79 100 0 20 0.221379004173 
134 166 0 20 0.22137078522 
408 489 0 20 0.221363584897 
493 562 0 20 0.221322211224 
78 102 0 20 0.221300070752 
162 469 0 20 0.221287516119 
89 256 0 20 0.221253672199 
198 538 0 20 0.221154179108 
72 434 0 20 0.221141062202 
417 418 0 20 0.221131091524 
239 536 0 20 0.221098914034 
129 213 0 20 0.221073547336 
190 201 0 20 0.221046588481 
423 439 0 20 0.221019712667 
433 474 0 20 0.220939266528 
181 435 0 20 0.220936385172 
245 520 0 20 0.220919535624 
43 59 0 20 0.2208922283 
133 165 0 20 0.22088818499 
188 245 0 20 0.220868341629 
430 440 0 20 0.220777186273 
5 235 0 20 0.220771128621 
158 429 0 20 0.220741788359 
292 435 0 20 0.220643619668 
10 258 0 20 0.220616180994 
408 474 0 20 0.220585997622 
183 208 0 20 0.220550410459 
43 66 0 20 0.220511007318 
136 187 0 20 0.220498160889 
194 431 0 20 0.220457626342 
322 410 0 20 0.220455851951 
162 175 0 20 0.220455433967 
150 162 0 20 0.220382436077 
125 136 0 20 0.220321536172 
239 438 0 20 0.220296984238 
149 188 0 20 0.22026497418 
75 439 0 20 0.220223997181 
42 64 0 20 0.220146156398 
193 471 0 20 0.220074764467 
130 136 0 20 0.220062171681 
462 480 0 20 0.220058233509 
71 463 0 20 0.219987634135 
521 550 0 20 0.219965368551 
207 471 0 20 0.21990289202 
191 475 0 20 0.21987274955 
292 474 0 20 0.2197431636 
284 440 0 20 0.219720349626 
31 195 0 20 0.219682997204 
126 136 0 20 0.219670793176 
61 185 0 20 0.219636827748 
154 272 0 20 0.219574476562 
69 535 0 20 0.219568170513 
181 272 0 20 0.219541290823 
422 476 0 20 0.219500028388 
189 289 0 20 0.21947662998 
101 431 0 20 0.219459429575 
54 279 0 20 0.219416000156 
423 433 0 20 0.219382070859 
155 312 0 20 0.219311895811 
294 474 0 20 0.219276737628 
294 476 0 20 0.219276737628 
92 272 0 20 0.219265099459 
472 474 0 20 0.219195636546 
185 235 0 20 0.219037674158 
418 430 0 20 0.218868260756 
62 69 0 20 0.218866146771 
9 188 0 20 0.218839867559 
4 188 0 20 0.21879870839 
135 308 0 20 0.218731721417 
197 562 0 20 0.218565657172 
162 279 0 20 0.218561164703 
17 562 0 20 0.218409744461 
239 429 0 20 0.218395333513 
64 185 0 20 0.218312282013 
93 162 0 20 0.218298688896 
3 410 0 20 0.218268271234 
64 206 0 20 0.21825756666 
174 418 0 20 0.218238252731 
188 293 0 20 0.218228619621 
162 558 0 20 0.218227990018 
76 553 0 20 0.218109817737 
494 537 0 20 0.218103744485 
10 201 0 20 0.218045241676 
433 537 0 20 0.218033346217 
125 476 0 20 0.218011315671 
311 440 0 20 0.217968999972 
134 387 0 20 0.217955442675 
407 486 0 20 0.217948220316 
48 204 0 20 0.217811287963 
134 287 0 20 0.217807322383 
198 279 0 20 0.217791035732 
198 215 0 20 0.217706350175 
39 48 0 20 0.21768676484 
178 191 0 20 0.217405771047 
61 205 0 20 0.217362505752 
381 466 0 20 0.217316355694 
428 473 0 20 0.217301428395 
123 136 0 20 0.217252407006 
90 134 0 20 0.21722529876 
327 418 0 20 0.217109528669 
435 529 0 20 0.217102170009 
92 133 0 20 0.217101925991 
174 186 0 20 0.217055679094 
112 121 0 20 0.217010406835 
293 474 0 20 0.216945872073 
293 476 0 20 0.216945872073 
121 469 0 20 0.216941410715 
216 310 0 20 0.216913359898 
138 435 0 20 0.21688847703 
100 432 0 20 0.216875727218 
335 374 0 20 0.21686110911 
136 480 0 20 0.216850082697 
7 448 0 20 0.216846646574 
448 479 0 20 0.216846230825 
397 552 0 20 0.216815357074 
88 504 0 20 0.216792244352 
419 432 0 20 0.216661837759 
136 430 0 20 0.216655825989 
157 273 0 20 0.216586914992 
537 543 0 20 0.216584151997 
191 261 0 20 0.216492752578 
532 580 0 20 0.216482210626 
321 432 0 20 0.216427600692 
99 201 0 20 0.216380970237 
92 474 0 20 0.216275257333 
92 476 0 20 0.216275257333 
162 399 0 20 0.216269045415 
136 396 0 20 0.21625186193 
70 536 0 20 0.216251785508 
75 436 0 20 0.216061930287 
4 48 0 20 0.216061852719 
189 243 0 20 0.216035673436 
293 431 0 20 0.215972874451 
338 438 0 20 0.215965352638 
159 575 0 20 0.215959018211 
1 460 0 20 0.21594055702 
92 440 0 20 0.215887383659 
187 440 0 20 0.215820337345 
167 198 0 20 0.215784973786 
133 273 0 20 0.215731509017 
201 312 0 20 0.215554918602 
321 476 0 20 0.215511485383 
86 474 0 20 0.215441995271 
336 349 0 20 0.215438081943 
471 472 0 20 0.215398970549 
53 277 0 20 0.215380254154 
136 213 0 20 0.215341729227 
186 190 0 20 0.215319857323 
129 161 0 20 0.215286263069 
109 440 0 20 0.215190965784 
5 134 0 20 0.215164133345 
266 411 0 20 0.215154358177 
11 409 0 20 0.215136156711 
240 536 0 20 0.215134882194 
120 188 0 20 0.215125769094 
502 522 0 20 0.215063078071 
222 431 0 20 0.214832358759 
48 436 0 20 0.214797810886 
275 432 0 20 0.214793912262 
43 65 0 20 0.214785005861 
195 223 0 20 0.214777404344 
134 167 0 20 0.214727802703 
65 80 0 20 0.214680085844 
63 188 0 20 0.214638223625 
245 466 0 20 0.214636843606 
262 470 0 20 0.21461984943 
54 278 0 20 0.214588565706 
431 438 0 20 0.214567569955 
278 435 0 20 0.214548492884 
133 202 0 20 0.21449224981 
432 564 0 20 0.214455539898 
1 187 0 20 0.214433751887 
407 420 0 20 0.214433361431 
318 537 0 20 0.214375437225 
283 568 0 20 0.214120470202 
313 436 0 20 0.214067577848 
75 434 0 20 0.214065932001 
208 311 0 20 0.213968365106 
134 308 0 20 0.213959219381 
252 537 0 20 0.213904608819 
252 536 0 20 0.213904608819 
136 160 0 20 0.213888247489 
50 315 0 20 0.213822834542 
50 313 0 20 0.213822834542 
133 310 0 20 0.213526456791 
429 432 0 20 0.213515841981 
454 470 0 20 0.213489270498 
54 436 0 20 0.213475706288 
14 208 0 20 0.213445317588 
54 181 0 20 0.213427757003 
186 464 0 20 0.213375336733 
183 416 0 20 0.213300534657 
208 280 0 20 0.213282787683 
5 407 0 20 0.213269028327 
197 239 0 20 0.213256254893 
348 429 0 20 0.213254370469 
48 276 0 20 0.213222494786 
450 522 0 20 0.213215076036 
8 434 0 20 0.21320359532 
8 433 0 20 0.21320359532 
188 565 0 20 0.213123697751 
235 276 0 20 0.213119353232 
86 553 0 20 0.213101982957 
148 189 0 20 0.213079069506 
139 157 0 20 0.213076133423 
293 562 0 20 0.212935112151 
218 239 0 20 0.212855341334 
408 479 0 20 0.212850616112 
466 472 0 20 0.212824415112 
195 529 0 20 0.212819507704 
61 222 0 20 0.212785242796 
228 422 0 20 0.212651304083 
134 241 0 20 0.212614396371 
322 418 0 20 0.212557421645 
138 541 0 20 0.212522552206 
189 293 0 20 0.212488262489 
432 481 0 20 0.212464026061 
290 471 0 20 0.212391842852 
61 197 0 20 0.212354782062 
195 535 0 20 0.212268275082 
251 259 0 20 0.212257089109 
48 479 0 20 0.212170185491 
235 482 0 20 0.212169411727 
134 433 0 20 0.212136528526 
228 297 0 20 0.212100321516 
199 470 0 20 0.211988364069 
191 387 0 20 0.211983294158 
198 250 0 20 0.21196354336 
259 275 0 20 0.211924719396 
133 535 0 20 0.211924308036 
7 129 0 20 0.211891876324 
195 389 0 20 0.211878123875 
235 433 0 20 0.211832867447 
112 133 0 20 0.211677318333 
186 416 0 20 0.211664440849 
188 396 0 20 0.211663185977 
134 511 0 20 0.211645460597 
525 562 0 20 0.211594321114 
411 431 0 20 0.21158563064 
48 200 0 20 0.211572789526 
431 481 0 20 0.211562997217 
91 162 0 20 0.211522012061 
48 473 0 20 0.211487034739 
560 570 0 20 0.211472490608 
88 541 0 20 0.21131719878 
151 432 0 20 0.211314979054 
136 540 0 20 0.211256664639 
13 553 0 20 0.211148953127 
132 435 0 20 0.211147375324 
133 267 0 20 0.211139664571 
192 228 0 20 0.211102727842 
54 437 0 20 0.211054935645 
198 336 0 20 0.211006335279 
330 342 0 20 0.211001384434 
430 553 0 20 0.210961247719 
191 464 0 20 0.210901274927 
239 516 0 20 0.210684008249 
191 432 0 20 0.210670690006 
335 523 0 20 0.21066370643 
429 515 0 20 0.21055410562 
219 423 0 20 0.210491161812 
177 436 0 20 0.210487191581 
420 515 0 20 0.21038150558 
237 474 0 20 0.210378365085 
63 208 0 20 0.21037516728 
418 506 0 20 0.210371757955 
523 545 0 20 0.210337267461 
227 283 0 20 0.210295204514 
541 572 0 20 0.210149490902 
432 464 0 20 0.210123645277 
177 423 0 20 0.210111595891 
54 439 0 20 0.210107496994 
89 271 0 20 0.210101471851 
136 231 0 20 0.210046091214 
195 204 0 20 0.210040536399 
198 543 0 20 0.209965257069 
98 134 0 20 0.209955782963 
537 544 0 20 0.20993913552 
186 326 0 20 0.209935248856 
279 283 0 20 0.209861393082 
162 411 0 20 0.209854972375 
63 239 0 20 0.209846345171 
427 485 0 20 0.209813665119 
283 440 0 20 0.209758676938 
1 197 0 20 0.209700903541 
428 431 0 20 0.20968738196 
232 237 0 20 0.209673682024 
146 396 0 20 0.209658969703 
511 521 0 20 0.209612251078 
192 431 0 20 0.209518399073 
132 139 0 20 0.209476522924 
6 195 0 20 0.209418685887 
153 201 0 20 0.209399515946 
134 538 0 20 0.209285325989 
188 215 0 20 0.209263852429 
72 183 0 20 0.209254733015 
80 369 0 20 0.20917882426 
75 437 0 20 0.209133779404 
136 392 0 20 0.209129700526 
197 448 0 20 0.209107755895 
71 553 0 20 0.209099452839 
134 161 0 20 0.209022188613 
139 189 0 20 0.208965085681 
135 259 0 20 0.208944750273 
177 427 0 20 0.208930540573 
187 471 0 20 0.208916167318 
208 235 0 20 0.20876864432 
101 428 0 20 0.208733492651 
420 432 0 20 0.208356921904 
425 435 0 20 0.204438893936 
553 558 0 20 0.20402651002 
196 201 0 20 0.203080701509 
201 212 0 20 0.201888891129 
166 177 0 20 0.201675781165 
259 260 0 20 0.200554901949 
339 349 0 20 0.200263857525 
431 432 0 20 0.200197714913 
129 138 0 20 0.200004883626 
181 189 0 20 0.199286043407 
232 240 0 20 0.199251109772 
530 538 0 20 0.198348740341 
257 259 0 20 0.197783328837 
557 560 0 20 0.197451387199 
423 429 0 20 0.197288421754 
196 198 0 20 0.197058671191 
416 427 0 20 0.19684634662 
247 258 0 20 0.196846190423 
352 358 0 20 0.195974992934 
439 450 0 20 0.195600608355 
188 190 0 20 0.195569691529 
200 201 0 20 0.195526969101 
183 191 0 20 0.195013671606 
248 259 0 20 0.194767478168 
61 62 0 20 0.19386167717 
475 476 0 20 0.192211045998 
227 236 0 20 0.191788885053 
195 200 0 20 0.190853114785 
191 197 0 20 0.190581555605 
198 203 0 20 0.190096038595 
198 208 0 20 0.188785468384 
466 473 0 20 0.188278496403 
189 196 0 20 0.188272738143 
249 259 0 20 0.187133781609 
418 420 0 20 0.186826698328 
423 434 0 20 0.186821125493 
315 325 0 20 0.186712725959 
352 361 0 20 0.185927940449 
56 64 0 20 0.185539552954 
40 48 0 20 0.184866607879 
71 79 0 20 0.184600863195 
71 80 0 20 0.184600863195 
70 75 0 20 0.183884026765 
432 434 0 20 0.183812611616 
134 135 0 20 0.183563974564 
187 188 0 20 0.18356091646 
418 419 0 20 0.182987983867 
62 64 0 20 0.182191053026 
191 198 0 20 0.181691810636 
434 435 0 20 0.181661207668 
198 202 0 20 0.180891955849 
481 485 0 20 0.180841096929 
63 69 0 20 0.180832657935 
220 232 0 20 0.179559101992 
196 208 0 20 0.178485484299 
231 239 0 20 0.178459447147 
397 402 0 20 0.177850936211 
191 196 0 20 0.177234016491 
195 197 0 20 0.17688815771 
561 569 0 20 0.176507234416 
190 198 0 20 0.175095808593 
425 432 0 20 0.174927628983 
186 191 0 20 0.174032107107 
514 523 0 20 0.173917325957 
69 81 0 20 0.17381440209 
553 554 0 20 0.173355890939 
473 476 0 20 0.173002032091 
524 536 0 20 0.172805245092 
250 259 0 20 0.17245523394 
433 435 0 20 0.171492553781 
540 541 0 20 0.170954544213 
513 524 0 20 0.170679073533 
278 283 0 20 0.170230521705 
434 440 0 20 0.170200721415 
424 432 0 20 0.170157530242 
550 562 0 20 0.169887717766 
463 465 0 20 0.169636748313 
513 517 0 20 0.169276577871 
42 48 0 20 0.168421364541 
429 431 0 20 0.168249408928 
522 523 0 20 0.168075653987 
235 242 0 20 0.167602961207 
276 282 0 20 0.167095617597 
530 542 0 20 0.166768592074 
228 240 0 20 0.165487708318 
177 184 0 20 0.165307937653 
186 192 0 20 0.164056681421 
519 523 0 20 0.16405115707 
465 474 0 20 0.163666471408 
537 538 0 20 0.163284138795 
75 76 0 20 0.162735039207 
474 475 0 20 0.162698468787 
471 475 0 20 0.162698468787 
232 238 0 20 0.162122011164 
272 284 0 20 0.161852768133 
132 133 0 20 0.161729170163 
55 61 0 20 0.161644673109 
423 432 0 20 0.161218160018 
175 186 0 20 0.160687260801 
260 269 0 20 0.159983166567 
58 64 0 20 0.159761363505 
534 543 0 20 0.15888210842 
315 327 0 20 0.158839631035 
177 188 0 20 0.157848778772 
188 198 0 20 0.157758907374 
435 439 0 20 0.157601624092 
432 433 0 20 0.15684254675 
465 476 0 20 0.155782953351 
474 484 0 20 0.154971752918 
467 476 0 20 0.154294189237 
408 417 0 20 0.153511319646 
470 473 0 20 0.153036331522 
220 228 0 20 0.152256508324 
68 80 0 20 0.152235895279 
535 536 0 20 0.151687613898 
418 428 0 20 0.151107932218 
558 560 0 20 0.150913620085 
271 282 0 20 0.150819527112 
520 522 0 20 0.150621107526 
179 191 0 20 0.150310049382 
280 283 0 20 0.150228466678 
461 471 0 20 0.149894684004 
118 121 0 20 0.149782218743 
183 189 0 20 0.14952463716 
562 568 0 20 0.149418264582 
256 259 0 20 0.148274520587 
435 436 0 20 0.147419123995 
466 477 0 20 0.147380072356 
189 199 0 20 0.147170188323 
460 470 0 20 0.14674393148 
158 161 0 20 0.146716974569 
52 64 0 20 0.146451111204 
467 474 0 20 0.146371485504 
463 464 0 20 0.14567313275 
531 536 0 20 0.144665111324 
534 535 0 20 0.144469362169 
435 437 0 20 0.144460529545 
220 221 0 20 0.144345639337 
416 420 0 20 0.143955637818 
64 68 0 20 0.143042459338 
151 157 0 20 0.143020253307 
59 64 0 20 0.142996202142 
432 438 0 20 0.142568881085 
416 425 0 20 0.142189027315 
418 421 0 20 0.14085604804 
194 195 0 20 0.1405212345 
428 434 0 20 0.140222514406 
523 535 0 20 0.139647110437 
315 326 0 20 0.139194822388 
192 198 0 20 0.13911541236 
136 139 0 20 0.138795252677 
189 197 0 20 0.138652475392 
516 521 0 20 0.138330689726 
188 191 0 20 0.136212694246 
79 90 0 20 0.136158907695 
191 199 0 20 0.135949869287 
232 243 0 20 0.135747347846 
201 213 0 20 0.135156158823 
562 566 0 20 0.135043947619 
461 470 0 20 0.134831035869 
191 200 0 20 0.134452349627 
132 137 0 20 0.133934807873 
416 418 0 20 0.132213459498 
70 80 0 20 0.132048696637 
68 69 0 20 0.131573836006 
552 553 0 20 0.131339389413 
146 156 0 20 0.131184275532 
70 79 0 20 0.130883738084 
513 523 0 20 0.129491443814 
271 283 0 20 0.129352509474 
551 560 0 20 0.129253360479 
439 448 0 20 0.129075482459 
144 156 0 20 0.128886864252 
565 575 0 20 0.127916790089 
53 64 0 20 0.127514926827 
416 422 0 20 0.127414550551 
136 138 0 20 0.127000569408 
61 72 0 20 0.1263772498 
463 473 0 20 0.12635742553 
54 65 0 20 0.125340018428 
198 200 0 20 0.125171122186 
198 199 0 20 0.124753733949 
569 575 0 20 0.124508343119 
63 72 0 20 0.124325038104 
547 553 0 20 0.124187990432 
186 189 0 20 0.123916881546 
315 316 0 20 0.123214736102 
137 146 0 20 0.123212206263 
513 520 0 20 0.122654874469 
352 362 0 20 0.122529838946 
64 67 0 20 0.122216758895 
79 91 0 20 0.12187784369 
474 477 0 20 0.120861137511 
191 193 0 20 0.120431136861 
466 475 0 20 0.120268074154 
348 351 0 20 0.11978602989 
328 332 0 20 0.119636541854 
271 272 0 20 0.119449092402 
415 426 0 20 0.119232519978 
209 216 0 20 0.11915178046 
1 3 0 20 0.119075641326 
432 442 0 20 0.118981148446 
467 471 0 20 0.118759534937 
432 440 0 20 0.118384187218 
435 438 0 20 0.118285190621 
124 136 0 20 0.117675955309 
569 576 0 20 0.116875100035 
315 324 0 20 0.116845089693 
351 356 0 20 0.116712522931 
562 565 0 20 0.116410204826 
189 190 0 20 0.116244086754 
349 361 0 20 0.116137586462 
190 191 0 20 0.116080298831 
412 423 0 20 0.115705116499 
465 470 0 20 0.115496246284 
136 140 0 20 0.1143870813 
185 186 0 20 0.113356237338 
273 282 0 20 0.112494179862 
224 232 0 20 0.112367544274 
247 259 0 20 0.112250186189 
470 471 0 20 0.111187817711 
83 89 0 20 0.111038785085 
493 499 0 20 0.110824495547 
471 479 0 20 0.110172267555 
314 315 0 20 0.109729512764 
162 169 0 20 0.109401905356 
480 485 0 20 0.109323874254 
180 189 0 20 0.109214993194 
564 569 0 20 0.108403200309 
471 473 0 20 0.108213027787 
132 142 0 20 0.108120557661 
154 162 0 20 0.107945679768 
88 89 0 20 0.107899312255 
553 563 0 20 0.107356019537 
261 269 0 20 0.106963998349 
198 209 0 20 0.106447942048 
132 136 0 20 0.10640998638 
133 139 0 20 0.106185493742 
121 125 0 20 0.105912022574 
134 142 0 20 0.10544340916 
418 422 0 20 0.104868805154 
194 201 0 20 0.104833705358 
549 556 0 20 0.104493845994 
76 79 0 20 0.104463076236 
517 523 0 20 0.104340290897 
466 478 0 20 0.104225861548 
553 559 0 20 0.103797444144 
561 562 0 20 0.103531734684 
192 201 0 20 0.102752437828 
155 166 0 20 0.102719822716 
432 437 0 20 0.102572840592 
569 581 0 20 0.102484483115 
344 351 0 20 0.101765593107 
197 198 0 20 0.101242824049 
318 330 0 20 0.10110474483 
166 170 0 20 0.101048628363 
195 199 0 20 0.100801299391 
176 177 0 20 0.100669789944 
226 228 0 20 0.100252811587 
456 466 0 20 0.100016269894 
536 545 0 20 0.0999660822787 
69 79 0 20 0.099835842772 
54 62 0 20 0.0994122181279 
464 476 0 20 0.0993970370783 
199 201 0 20 0.0993323751254 
121 132 0 20 0.0987884290697 
134 138 0 20 0.0986178980642 
326 330 0 20 0.0984482034208 
225 232 0 20 0.0983501883271 
433 440 0 20 0.0980046382463 
429 440 0 20 0.0979081996781 
59 61 0 20 0.0974236786128 
57 61 0 20 0.097414919188 
129 130 0 20 0.0966612598684 
148 157 0 20 0.0964258511149 
531 532 0 20 0.0959169457685 
562 564 0 20 0.0954904911195 
115 121 0 20 0.0952245753393 
162 172 0 20 0.0946087504795 
469 470 0 20 0.0945658325471 
435 443 0 20 0.0939447243206 
128 132 0 20 0.0938798034386 
319 320 0 20 0.0938651861702 
541 543 0 20 0.0934291112765 
221 226 0 20 0.0930953349692 
429 435 0 20 0.0924867954256 
515 519 0 20 0.0920248721311 
137 144 0 20 0.0918499104022 
418 429 0 20 0.0917322048949 
559 560 0 20 0.0911020589099 
197 201 0 20 0.0909356360951 
470 482 0 20 0.0907288645064 
474 478 0 20 0.0897185163764 
549 560 0 20 0.089704374949 
67 75 0 20 0.0891178925478 
352 356 0 20 0.0886705035278 
167 177 0 20 0.0885901832679 
54 63 0 20 0.0884453501222 
139 144 0 20 0.0882755075069 
463 467 0 20 0.0882671734734 
319 329 0 20 0.0882444758518 
169 177 0 20 0.088073437597 
568 569 0 20 0.0880546881639 
352 364 0 20 0.0875592279336 
228 237 0 20 0.0873690407342 
322 330 0 20 0.0872625434293 
476 478 0 20 0.0870798544027 
134 137 0 20 0.0868051734235 
462 472 0 20 0.0866245441076 
57 69 0 20 0.0862510802007 
208 220 0 20 0.0861731846834 
537 547 0 20 0.0858784833023 
351 359 0 20 0.0855894482897 
208 219 0 20 0.0855601933644 
543 553 0 20 0.0855328844374 
193 198 0 20 0.085515828494 
482 485 0 20 0.0853542546057 
160 170 0 20 0.0848960107544 
61 63 0 20 0.0845082462782 
466 467 0 20 0.0842239677681 
534 536 0 20 0.0841655749695 
188 189 0 20 0.0838894250543 
121 130 0 20 0.0837106224998 
485 493 0 20 0.0834038728793 
459 470 0 20 0.082965250972 
262 272 0 20 0.0824128512661 
155 156 0 20 0.0818903869735 
397 404 0 20 0.0818464525629 
316 319 0 20 0.08184634626 
555 562 0 20 0.0814766734715 
425 431 0 20 0.0814496191423 
537 539 0 20 0.0813944290591 
206 216 0 20 0.0810481219179 
560 565 0 20 0.0806926523562 
191 201 0 20 0.0803420783259 
232 239 0 20 0.0801029955778 
479 485 0 20 0.0797018358492 
171 177 0 20 0.0795913704412 
421 423 0 20 0.0794030247612 
1 5 0 20 0.0793554930769 
175 177 0 20 0.0783232010714 
485 488 0 20 0.0781565882792 
416 428 0 20 0.0779246716236 
523 533 0 20 0.0777779884429 
155 164 0 20 0.0770071937885 
483 493 0 20 0.0769061283092 
80 88 0 20 0.0768249958652 
73 80 0 20 0.0765507296153 
474 480 0 20 0.0763261770844 
476 480 0 20 0.0763261770844 
189 200 0 20 0.0762350244677 
330 331 0 20 0.0759711257289 
223 228 0 20 0.0758972518789 
1 6 0 20 0.0755911739086 
122 132 0 20 0.0742998001178 
521 525 0 20 0.0732773354595 
123 132 0 20 0.0732357931976 
266 271 0 20 0.072678667311 
198 204 0 20 0.0725146743271 
526 536 0 20 0.0722403688708 
222 232 0 20 0.0721299264922 
281 282 0 20 0.0718764499304 
415 420 0 20 0.0717615897425 
134 143 0 20 0.071366112605 
398 403 0 20 0.0712668019979 
121 131 0 20 0.0710972400492 
124 132 0 20 0.0710972400492 
64 73 0 20 0.0707272219368 
559 569 0 20 0.0706249679239 
76 80 0 20 0.0702264373071 
435 440 0 20 0.0698358739302 
186 188 0 20 0.0697809177757 
80 92 0 20 0.0697634429143 
493 495 0 20 0.0695044128747 
193 195 0 20 0.0694370262845 
448 449 0 20 0.0693823348478 
541 544 0 20 0.0689848616415 
428 438 0 20 0.0689453297139 
184 189 0 20 0.0687892705877 
315 317 0 20 0.068476461281 
498 504 0 20 0.0684050590016 
168 170 0 20 0.0683385869765 
277 279 0 20 0.0680755007398 
1 11 0 20 0.0677470984571 
545 553 0 20 0.0673895190401 
270 271 0 20 0.0673309680914 
344 348 0 20 0.0671226176993 
158 160 0 20 0.0669326812618 
428 429 0 20 0.0667263457597 
275 277 0 20 0.0665779269803 
158 169 0 20 0.065998802038 
191 203 0 20 0.0659913526008 
269 276 0 20 0.0654163437617 
165 177 0 20 0.0653522293948 
157 169 0 20 0.0653154970392 
69 78 0 20 0.0653035187483 
226 235 0 20 0.0651559881959 
161 170 0 20 0.0649785168926 
131 132 0 20 0.0647111834881 
560 566 0 20 0.0643588406649 
480 492 0 20 0.0642161850173 
556 568 0 20 0.0640117835931 
214 221 0 20 0.0640075364927 
536 544 0 20 0.063864513673 
557 569 0 20 0.063641175941 
554 560 0 20 0.0635882844341 
364 374 0 20 0.0635238262789 
266 276 0 20 0.0633572427052 
61 68 0 20 0.0632125156678 
266 278 0 20 0.0631942031619 
154 155 0 20 0.0631558196832 
33 43 0 20 0.0631315051939 
189 198 0 20 0.0629489178564 
191 192 0 20 0.0628962681738 
536 546 0 20 0.0627466830503 
439 440 0 20 0.0627112899251 
545 556 0 20 0.0619696647384 
463 472 0 20 0.061899988588 
72 76 0 20 0.0609977030861 
310 319 0 20 0.0608433635026 
562 567 0 20 0.0608036049755 
570 581 0 20 0.0601999761492 
313 322 0 20 0.0601735395797 
489 493 0 20 0.0601468186635 
489 492 0 20 0.0601468186635 
178 189 0 20 0.0600366216865 
472 476 0 20 0.0599606356001 
132 140 0 20 0.059791437685 
276 283 0 20 0.0594837352692 
134 146 0 20 0.0592993266458 
134 145 0 20 0.0592993266458 
159 162 0 20 0.0585724618611 
64 76 0 20 0.0583064509314 
201 211 0 20 0.0579504847715 
565 569 0 20 0.0578759037235 
525 536 0 20 0.0573211140178 
128 136 0 20 0.0572869684863 
450 461 0 20 0.0571843690743 
476 479 0 20 0.057150411849 
260 266 0 20 0.0570977063061 
391 397 0 20 0.0568449786487 
364 366 0 20 0.0567541558026 
541 548 0 20 0.0567409872423 
397 405 0 20 0.056362940701 
225 235 0 20 0.0562258572453 
541 545 0 20 0.0560423762677 
195 196 0 20 0.0559981862387 
560 563 0 20 0.0559283095454 
562 563 0 20 0.0559283095454 
553 555 0 20 0.0558017448231 
325 337 0 20 0.0555742975582 
467 470 0 20 0.0555030094467 
351 361 0 20 0.0554576720789 
272 276 0 20 0.0552622369643 
558 569 0 20 0.0552106212917 
46 54 0 20 0.055190612058 
440 452 0 20 0.0551455054377 
347 356 0 20 0.0549143198539 
541 550 0 20 0.0547705884647 
168 177 0 20 0.0545742807712 
68 79 0 20 0.0543936528635 
323 328 0 20 0.0543828798653 
464 466 0 20 0.054058383561 
162 173 0 20 0.0538228054559 
126 132 0 20 0.0538166118232 
529 537 0 20 0.053662614922 
563 570 0 20 0.0532393724906 
259 271 0 20 0.053099773302 
408 410 0 20 0.0530600266889 
352 359 0 20 0.0529678873655 
447 448 0 20 0.0529298330927 
550 556 0 20 0.0528909333697 
537 546 0 20 0.0527528364876 
71 75 0 20 0.0525946897064 
322 328 0 20 0.0521042595285 
476 482 0 20 0.0519704890197 
269 273 0 20 0.0519108628307 
463 475 0 20 0.0518759786894 
73 79 0 20 0.0515875046556 
64 72 0 20 0.0514013030546 
201 204 0 20 0.0511887367658 
537 549 0 20 0.0507540397994 
102 109 0 20 0.0504312276649 
448 451 0 20 0.0501803579563 
560 561 0 20 0.0500730831039 
191 202 0 20 0.0500097630288 
162 164 0 20 0.0499640658231 
269 280 0 20 0.0499403943038 
533 534 0 20 0.0498923250746 
67 79 0 20 0.0492900906726 
509 513 0 20 0.0489365630604 
330 332 0 20 0.0487663431645 
134 140 0 20 0.0486751260332 
135 146 0 20 0.0485356372032 
320 330 0 20 0.0485012981165 
270 276 0 20 0.0483271541221 
531 537 0 20 0.0483019150339 
64 66 0 20 0.0480998188257 
75 86 0 20 0.0480677995725 
