180 184 0 20 0.00550057326294 
180 183 0 20 0.00537200177042 
7 111 0 20 0.00495602027991 
8 111 0 20 0.00486615062804 
7 113 0 20 0.00486461537443 
1 28 0 20 0.0048615788963 
1 29 0 20 0.00479067429123 
2 28 0 20 0.00474071017144 
26 28 0 20 0.00470495597903 
2 29 0 20 0.00470108771712 
6 113 0 20 0.00464754544515 
2 27 0 20 0.0045634736532 
8 113 0 20 0.00456014934662 
25 191 0 20 0.00454065229337 
7 112 0 20 0.00451044504845 
23 78 0 20 0.00444720780704 
33 36 0 20 0.00442595023169 
1 30 0 20 0.0044039612883 
25 28 0 20 0.00440139870685 
34 40 0 20 0.00437932698099 
6 111 0 20 0.00436366866246 
26 191 0 20 0.0043525840916 
4 28 0 20 0.00433553517722 
25 192 0 20 0.00431994292136 
25 33 0 20 0.00431220864056 
22 78 0 20 0.00430638433115 
26 192 0 20 0.00426621037204 
24 191 0 20 0.00425898927349 
8 112 0 20 0.00425775477637 
2 33 0 20 0.00423854766617 
23 28 0 20 0.00421863505346 
7 114 0 20 0.00421372781899 
1 25 0 20 0.00420613244773 
24 192 0 20 0.00420535431056 
1 27 0 20 0.00418462529337 
24 28 0 20 0.00417075541542 
23 79 0 20 0.00416824741632 
2 32 0 20 0.00414877315699 
2 26 0 20 0.0041410341199 
36 45 0 20 0.00414101093638 
1 26 0 20 0.00414063819723 
33 37 0 20 0.00411706805845 
2 30 0 20 0.00410817441669 
5 113 0 20 0.00410732961101 
21 78 0 20 0.00409636961781 
26 78 0 20 0.00408987002103 
6 112 0 20 0.00408211536895 
1 34 0 20 0.00408016681807 
23 193 0 20 0.00407007810799 
23 81 0 20 0.00406692659736 
22 192 0 20 0.00406072164453 
25 78 0 20 0.0040524015114 
27 191 0 20 0.00404984819588 
31 40 0 20 0.00404108651773 
11 36 0 20 0.00403235637819 
23 191 0 20 0.00403084422422 
1 118 0 20 0.00402855251683 
2 34 0 20 0.00402732157784 
1 23 0 20 0.00402217790593 
23 77 0 20 0.00401798661407 
23 80 0 20 0.00401288655585 
22 191 0 20 0.00400588960738 
11 37 0 20 0.00398125839394 
20 192 0 20 0.00398100579556 
20 191 0 20 0.00397967541972 
36 44 0 20 0.00397928832287 
20 78 0 20 0.00397451773603 
26 33 0 20 0.00396417480067 
2 25 0 20 0.00394856004267 
30 40 0 20 0.00391029659912 
10 117 0 20 0.00390737053287 
1 33 0 20 0.0039019540246 
23 188 0 20 0.00388114188373 
33 41 0 20 0.00387595954712 
23 192 0 20 0.00387507535809 
23 189 0 20 0.00385152629233 
32 40 0 20 0.00384832674008 
22 74 0 20 0.00384444305298 
21 192 0 20 0.00383939101455 
27 193 0 20 0.00383485551584 
19 78 0 20 0.00382669503748 
5 28 0 20 0.00382461283362 
1 32 0 20 0.00382424162982 
183 194 0 20 0.00382218660877 
23 190 0 20 0.0038206681678 
190 192 0 20 0.00381882654814 
33 40 0 20 0.00381733496791 
2 36 0 20 0.00380642373338 
23 29 0 20 0.00380386158586 
19 74 0 20 0.00376241620033 
23 76 0 20 0.00374816903912 
1 37 0 20 0.00374156100507 
1 24 0 20 0.00374014857916 
33 39 0 20 0.00373427019549 
5 27 0 20 0.00373424392623 
189 194 0 20 0.00373055265956 
4 33 0 20 0.00372941054555 
3 33 0 20 0.00370209923675 
23 82 0 20 0.00368655462556 
7 28 0 20 0.0036814742962 
33 38 0 20 0.00366798720555 
27 38 0 20 0.00366739479547 
3 28 0 20 0.00366432632421 
39 44 0 20 0.00366307739878 
39 45 0 20 0.00366307739878 
27 192 0 20 0.00365316276301 
28 38 0 20 0.00365180418109 
23 83 0 20 0.00365135116922 
21 191 0 20 0.0036502543313 
29 40 0 20 0.00364907145235 
10 28 0 20 0.00364677531334 
22 28 0 20 0.00364387421251 
28 36 0 20 0.00364183151861 
27 189 0 20 0.00362497339802 
6 23 0 20 0.00362484306192 
27 39 0 20 0.0036212611747 
23 30 0 20 0.00361841908671 
28 37 0 20 0.00360435816325 
5 23 0 20 0.00360429244172 
28 40 0 20 0.00358088541979 
28 41 0 20 0.00357377592085 
28 191 0 20 0.00356762834366 
23 86 0 20 0.00356397717704 
10 33 0 20 0.00355981103319 
7 30 0 20 0.00355899322292 
29 191 0 20 0.00355378454983 
7 34 0 20 0.00354980517783 
5 33 0 20 0.00354691392734 
33 193 0 20 0.0035443870445 
31 191 0 20 0.00354341221575 
188 194 0 20 0.00354035432203 
190 196 0 20 0.0035388592295 
184 194 0 20 0.00353350067052 
7 29 0 20 0.00353295450813 
29 192 0 20 0.00352562714289 
37 191 0 20 0.00352300129901 
33 43 0 20 0.00351895383247 
28 190 0 20 0.00351863024906 
189 196 0 20 0.00351180542764 
32 192 0 20 0.00350765366542 
28 43 0 20 0.00350323873085 
23 36 0 20 0.00350239585908 
23 38 0 20 0.00350139074061 
34 192 0 20 0.00349787482762 
23 84 0 20 0.00349268670813 
28 39 0 20 0.00348949655452 
23 187 0 20 0.00346402635169 
34 191 0 20 0.00345987147436 
20 28 0 20 0.00344025259809 
185 194 0 20 0.00343459244091 
187 192 0 20 0.0034204879635 
28 187 0 20 0.00341295326621 
39 192 0 20 0.00339793308604 
36 191 0 20 0.00339338708365 
17 80 0 20 0.00338411138377 
23 41 0 20 0.00338042804866 
21 28 0 20 0.00336916284773 
19 40 0 20 0.00336573294337 
187 194 0 20 0.00335907585149 
24 78 0 20 0.00334398624055 
189 192 0 20 0.00333710126867 
190 194 0 20 0.0033014784431 
7 10 0 20 0.00328887540683 
29 78 0 20 0.00327993585357 
13 74 0 20 0.00317693414998 
27 80 0 20 0.00316983518481 
26 74 0 20 0.00315707688622 
12 74 0 20 0.00311557048827 
27 78 0 20 0.00311145763597 
11 80 0 20 0.00309758194617 
117 120 0 20 0.00303908973313 
28 71 0 20 0.00303577095336 
4 11 0 20 0.00303432766442 
34 78 0 20 0.00300894978483 
2 11 0 20 0.00300790298107 
1 84 0 20 0.00298641797262 
41 45 0 20 0.00296762403326 
6 11 0 20 0.00294977779872 
27 75 0 20 0.00290494262029 
32 78 0 20 0.00289336688363 
33 81 0 20 0.00286886698863 
33 78 0 20 0.0028570031562 
7 11 0 20 0.00284818406649 
28 70 0 20 0.00283934887286 
109 125 0 20 0.00283365128377 
27 77 0 20 0.00282974997648 
110 125 0 20 0.00282482101444 
27 82 0 20 0.00281477096738 
1 78 0 20 0.00281162065155 
58 65 0 20 0.00280267141303 
7 84 0 20 0.00276879747254 
27 79 0 20 0.00276453568039 
101 125 0 20 0.00276061048919 
124 126 0 20 0.00275152888974 
33 79 0 20 0.00273700840005 
112 125 0 20 0.00272330667157 
2 10 0 20 0.00271963648196 
33 83 0 20 0.00271184676808 
31 78 0 20 0.0026984935368 
33 84 0 20 0.00269800284883 
7 82 0 20 0.00269300659244 
108 125 0 20 0.0026769058913 
2 81 0 20 0.00265279708371 
33 80 0 20 0.00263075722402 
56 66 0 20 0.00262648740396 
1 77 0 20 0.00261494183545 
36 68 0 20 0.00260558132297 
29 66 0 20 0.00259969129065 
32 74 0 20 0.0025892952065 
99 125 0 20 0.00258638339442 
33 82 0 20 0.00258503385115 
30 78 0 20 0.00258195187663 
28 67 0 20 0.00257584113848 
100 125 0 20 0.00257510512193 
111 125 0 20 0.00256666694249 
36 78 0 20 0.00255290655448 
40 83 0 20 0.00255262707869 
26 66 0 20 0.0025184486024 
37 74 0 20 0.00251557101878 
1 81 0 20 0.00251066526528 
40 82 0 20 0.00249033681623 
41 74 0 20 0.00247716515982 
102 125 0 20 0.00247060530612 
100 124 0 20 0.00246424086693 
40 84 0 20 0.00245579228042 
95 125 0 20 0.00244560441853 
107 124 0 20 0.00244288594158 
42 78 0 20 0.00243673680431 
36 87 0 20 0.00243226285231 
104 127 0 20 0.00242862272409 
104 126 0 20 0.00242752513587 
40 81 0 20 0.00242742341394 
2 78 0 20 0.00241873334153 
43 74 0 20 0.00239335326372 
2 86 0 20 0.00237239255978 
4 78 0 20 0.00235539199727 
36 66 0 20 0.00234342515718 
93 122 0 20 0.00232354088893 
115 125 0 20 0.00230600776198 
117 126 0 20 0.00230464072906 
99 124 0 20 0.00227323609479 
119 126 0 20 0.00227160344216 
1 79 0 20 0.00226303027201 
1 83 0 20 0.00223465744432 
107 126 0 20 0.00222958852315 
107 127 0 20 0.00221873309392 
113 116 0 20 0.00219805059592 
117 122 0 20 0.00218342697991 
111 133 0 20 0.00217615851093 
1 86 0 20 0.0021759317344 
74 89 0 20 0.00217176168541 
112 116 0 20 0.00216948353701 
87 127 0 20 0.00215844875112 
1 80 0 20 0.00214295486141 
112 121 0 20 0.00214233142202 
2 80 0 20 0.00213732581744 
120 125 0 20 0.00213616167158 
111 130 0 20 0.00212650249149 
2 76 0 20 0.00209922800194 
2 82 0 20 0.00209742870688 
111 136 0 20 0.00204614439832 
74 83 0 20 0.00203825044175 
107 134 0 20 0.00202407524022 
112 114 0 20 0.00199864926082 
45 82 0 20 0.00197288601189 
73 87 0 20 0.00190574452663 
74 86 0 20 0.00190356896398 
9 88 0 20 0.00189222258245 
82 124 0 20 0.00188026866741 
80 93 0 20 0.00184393168289 
87 91 0 20 0.00180890437848 
93 120 0 20 0.00179308718316 
70 93 0 20 0.00177684190013 
125 128 0 20 0.00171691979877 
124 128 0 20 0.00171691979877 
117 139 0 20 0.00170917327467 
125 126 0 20 0.001672305393 
87 133 0 20 0.00164800346513 
86 131 0 20 0.00163772818987 
87 132 0 20 0.00160668321235 
80 124 0 20 0.00160455843607 
78 118 0 20 0.00159784699862 
82 131 0 20 0.00158101294847 
84 93 0 20 0.00155314213648 
17 128 0 20 0.00154165401897 
17 129 0 20 0.00153549198662 
74 79 0 20 0.00153274628782 
72 124 0 20 0.00151833323875 
87 90 0 20 0.00151553743087 
23 127 0 20 0.00150980627551 
78 128 0 20 0.00148768029847 
82 113 0 20 0.00146949188671 
78 114 0 20 0.00139051513462 
72 125 0 20 0.00138743412844 
74 123 0 20 0.00138421953674 
11 126 0 20 0.00138085400062 
68 128 0 20 0.00137191426652 
28 127 0 20 0.0013718608412 
65 87 0 20 0.0013687773763 
65 112 0 20 0.00136289557399 
75 112 0 20 0.00135412934718 
11 128 0 20 0.0013486796435 
67 112 0 20 0.00134663389971 
28 128 0 20 0.00133899320831 
74 126 0 20 0.00130815146054 
79 112 0 20 0.00130693642672 
74 133 0 20 0.00129765337271 
36 104 0 20 0.00128209636103 
1 74 0 20 0.00127702123899 
36 107 0 20 0.00127689648941 
66 89 0 20 0.00127386400807 
79 131 0 20 0.00127049083582 
41 113 0 20 0.00126634223413 
33 121 0 20 0.00123963189604 
7 126 0 20 0.00118759933394 
72 74 0 20 0.00117461390894 
32 124 0 20 0.00116613189378 
2 204 0 20 0.00115208275212 
78 109 0 20 0.001147005463 
12 192 0 20 0.00112358878143 
6 198 0 20 0.00111241619343 
66 81 0 20 0.00106888616995 
1 126 0 20 0.0010306756301 
36 131 0 20 0.00102100981054 
40 130 0 20 0.00100830334748 
87 139 0 20 0.00100642924492 
68 72 0 20 0.00100595184037 
88 112 0 20 0.0010002209872 
86 112 0 20 0.000996884320169 
78 106 0 20 0.000989959933821 
127 209 0 20 0.000958162256794 
28 116 0 20 0.000958133585427 
130 209 0 20 0.000947891660429 
26 119 0 20 0.000910325114699 
2 130 0 20 0.000874525204365 
78 139 0 20 0.000814922032228 
74 102 0 20 0.000800030661712 
73 104 0 20 0.000749726107814 
74 104 0 20 0.000743451810338 
65 66 0 20 0.000602121772288 
19 180 0 20 0.000517206655986 
28 107 0 20 0.00024998650318 
66 190 0 20 0.000205430097696 
7 218 0 20 0.00019903375053 
111 188 0 20 0.000163003642878 
74 201 0 20 0.00016274276613 
40 123 0 20 0.000142868066795 
131 182 0 20 0.000134528748631 
28 137 0 20 0.000124192607687 
2 181 0 20 0.000107570059146 
40 177 0 20 0.00010755595253 
58 79 0 20 0.0001073578724 
79 181 0 20 0.00010734393703 
86 104 0 20 0.000103977257314 
66 100 0 20 9.79177654351e-05 
58 135 0 20 9.31622848104e-05 
155 181 0 20 7.36831640549e-05 
