334 377 0 20 1.0 
123 125 0 20 0.974793480915 
53 55 0 20 0.937734732111 
319 323 0 20 0.913769327262 
314 316 0 20 0.9092342977 
335 377 0 20 0.907814675964 
335 376 0 20 0.902664498576 
224 229 0 20 0.880310109156 
332 335 0 20 0.876662407987 
334 384 0 20 0.861888648121 
228 230 0 20 0.858228652068 
80 91 0 20 0.828362073726 
79 83 0 20 0.811105540334 
81 91 0 20 0.790282443624 
404 407 0 20 0.782349138398 
335 384 0 20 0.776564010354 
100 102 0 20 0.776394662977 
334 376 0 20 0.753020438126 
335 348 0 20 0.752567573081 
334 382 0 20 0.728611629508 
335 382 0 20 0.72480653958 
335 371 0 20 0.723487254807 
88 109 0 20 0.712942656588 
88 108 0 20 0.711514962696 
334 344 0 20 0.700924386096 
85 109 0 20 0.686788238374 
330 335 0 20 0.678965841957 
125 135 0 20 0.665135206239 
227 235 0 20 0.66279323765 
334 345 0 20 0.65888891438 
168 310 0 20 0.651101109053 
87 109 0 20 0.635872548977 
375 402 0 20 0.631458975088 
330 334 0 20 0.629870943317 
78 125 0 20 0.617908392177 
261 263 0 20 0.615586583464 
336 376 0 20 0.595783983772 
235 249 0 20 0.595447202772 
171 310 0 20 0.572726004494 
224 230 0 20 0.571236277202 
334 348 0 20 0.56527803478 
308 312 0 20 0.558978243164 
326 330 0 20 0.558665900305 
198 201 0 20 0.557688655569 
397 400 0 20 0.550355265703 
122 125 0 20 0.545879305251 
396 400 0 20 0.543366945623 
81 84 0 20 0.54099998432 
182 206 0 20 0.536835955394 
123 126 0 20 0.528511404733 
137 141 0 20 0.527421388308 
382 385 0 20 0.525833354013 
376 378 0 20 0.524119831013 
168 319 0 20 0.524076173026 
402 407 0 20 0.520301087703 
183 206 0 20 0.514514214255 
260 263 0 20 0.513261470047 
123 127 0 20 0.510103384525 
169 310 0 20 0.508590270369 
137 143 0 20 0.507818327793 
348 409 0 20 0.504023716197 
307 312 0 20 0.502530253071 
379 382 0 20 0.500841769677 
348 407 0 20 0.488932402731 
170 312 0 20 0.477567684785 
336 377 0 20 0.477216335479 
334 371 0 20 0.473481142595 
348 410 0 20 0.472126752803 
376 382 0 20 0.46992849367 
172 346 0 20 0.469842563277 
332 334 0 20 0.469316755746 
348 411 0 20 0.453736591079 
294 298 0 20 0.452437492151 
80 125 0 20 0.447189418246 
171 348 0 20 0.446052150658 
142 144 0 20 0.44600728008 
252 255 0 20 0.434246201202 
87 108 0 20 0.433520693927 
336 348 0 20 0.432950291258 
86 88 0 20 0.432816667896 
148 150 0 20 0.42332308653 
142 146 0 20 0.421884479689 
91 109 0 20 0.420594399001 
404 414 0 20 0.419224672228 
350 407 0 20 0.418959684901 
79 125 0 20 0.415913566862 
397 402 0 20 0.409714569199 
235 250 0 20 0.403862694493 
79 89 0 20 0.402603781133 
53 58 0 20 0.39792028107 
376 380 0 20 0.397765808644 
182 192 0 20 0.3975224828 
182 187 0 20 0.3975224828 
234 314 0 20 0.392545720582 
406 409 0 20 0.387923492111 
406 410 0 20 0.386811705868 
182 310 0 20 0.386044155047 
335 350 0 20 0.378168065094 
308 310 0 20 0.374493270706 
235 247 0 20 0.371710080323 
307 310 0 20 0.365387182353 
79 90 0 20 0.365375772902 
358 361 0 20 0.364319648803 
86 106 0 20 0.357152307697 
125 134 0 20 0.356652487682 
350 408 0 20 0.354638695037 
87 106 0 20 0.353765370722 
85 107 0 20 0.35318237668 
84 109 0 20 0.352599153652 
224 232 0 20 0.351631379237 
376 381 0 20 0.351397458504 
369 376 0 20 0.34505948326 
382 386 0 20 0.340881989162 
169 348 0 20 0.339477766886 
374 402 0 20 0.336829962957 
402 409 0 20 0.334977592007 
382 387 0 20 0.330395657848 
217 229 0 20 0.330244045814 
314 318 0 20 0.325021816767 
271 273 0 20 0.323553466752 
85 105 0 20 0.322011604245 
332 336 0 20 0.321155667964 
88 107 0 20 0.318203801853 
96 102 0 20 0.317934938584 
312 316 0 20 0.317494143247 
309 316 0 20 0.317494143247 
84 106 0 20 0.315183556226 
235 253 0 20 0.313696976547 
376 384 0 20 0.311973984913 
87 104 0 20 0.311386257569 
369 371 0 20 0.311287517323 
170 315 0 20 0.310069631308 
79 92 0 20 0.307236789596 
348 413 0 20 0.304795344129 
228 233 0 20 0.304717796611 
333 376 0 20 0.304696287992 
81 85 0 20 0.302616818887 
210 327 0 20 0.300119568531 
395 400 0 20 0.300119148753 
182 190 0 20 0.299239348572 
402 410 0 20 0.297028183608 
234 312 0 20 0.296973848437 
325 381 0 20 0.293328853305 
350 355 0 20 0.293325997702 
348 355 0 20 0.29225148776 
87 107 0 20 0.291429419533 
332 377 0 20 0.289640690718 
174 319 0 20 0.289395667047 
304 323 0 20 0.288799176682 
90 106 0 20 0.288742896427 
137 144 0 20 0.288171228066 
172 310 0 20 0.287516584249 
348 412 0 20 0.287159155103 
182 315 0 20 0.285985941925 
368 376 0 20 0.284709709778 
270 273 0 20 0.283290450828 
91 102 0 20 0.281524836037 
314 323 0 20 0.279389292363 
168 312 0 20 0.277800149551 
233 309 0 20 0.274753344283 
339 376 0 20 0.272657881311 
228 251 0 20 0.271448765776 
229 344 0 20 0.27138762582 
348 408 0 20 0.271166959683 
173 315 0 20 0.270390777787 
336 384 0 20 0.268111661505 
167 319 0 20 0.264831052262 
81 87 0 20 0.264501737212 
173 319 0 20 0.263205020004 
271 274 0 20 0.262396736926 
368 371 0 20 0.260170509211 
304 324 0 20 0.259153200126 
325 380 0 20 0.258672173697 
168 314 0 20 0.256104404564 
404 410 0 20 0.254016125027 
158 315 0 20 0.251482674538 
123 355 0 20 0.250900877126 
378 402 0 20 0.249868215105 
344 408 0 20 0.249520023165 
182 332 0 20 0.249250211685 
171 315 0 20 0.247053786199 
307 314 0 20 0.246174372271 
330 384 0 20 0.245758868928 
96 99 0 20 0.244898046459 
222 228 0 20 0.244706012137 
337 376 0 20 0.242987118571 
84 107 0 20 0.23941824267 
182 201 0 20 0.238334462697 
160 315 0 20 0.237908050207 
180 346 0 20 0.237429278886 
410 416 0 20 0.236775588636 
79 126 0 20 0.231827392698 
252 314 0 20 0.231790267711 
233 312 0 20 0.231269519746 
91 108 0 20 0.230523035459 
235 245 0 20 0.227766886505 
78 91 0 20 0.225931935808 
78 88 0 20 0.225931935808 
79 127 0 20 0.223054132401 
235 252 0 20 0.222958508837 
376 403 0 20 0.222065228964 
341 377 0 20 0.221287408826 
234 309 0 20 0.218721416248 
234 310 0 20 0.218085334048 
382 388 0 20 0.217488449614 
345 347 0 20 0.216985062275 
137 146 0 20 0.216575751222 
173 348 0 20 0.212321314621 
233 310 0 20 0.212274808297 
53 60 0 20 0.211635647287 
121 125 0 20 0.210742576239 
175 315 0 20 0.209867131664 
123 135 0 20 0.208945182847 
124 135 0 20 0.208945182847 
227 260 0 20 0.208908564265 
237 316 0 20 0.208885563258 
384 397 0 20 0.208092694143 
235 255 0 20 0.207917934339 
397 399 0 20 0.207064230984 
271 275 0 20 0.206059310417 
367 371 0 20 0.205674215878 
348 414 0 20 0.205132365848 
325 335 0 20 0.20405342126 
75 101 0 20 0.202237821863 
344 407 0 20 0.199674956288 
170 310 0 20 0.19705527336 
174 310 0 20 0.196819837688 
169 312 0 20 0.196537831712 
346 416 0 20 0.194488965388 
371 407 0 20 0.194223233262 
314 317 0 20 0.192666572839 
183 329 0 20 0.192211911236 
228 252 0 20 0.192109358272 
340 377 0 20 0.191079011879 
55 383 0 20 0.18849525828 
88 105 0 20 0.186937037541 
158 319 0 20 0.186042433694 
335 392 0 20 0.185637338453 
270 405 0 20 0.185388581435 
55 100 0 20 0.183432968442 
74 92 0 20 0.182182023965 
235 251 0 20 0.179118068813 
348 415 0 20 0.178257622693 
369 377 0 20 0.174398658361 
312 381 0 20 0.172164175624 
235 246 0 20 0.170806643543 
233 314 0 20 0.170119525886 
342 377 0 20 0.169664528058 
397 405 0 20 0.16814719961 
252 260 0 20 0.168022993595 
79 229 0 20 0.167647429996 
180 324 0 20 0.166781592496 
345 408 0 20 0.166069925676 
344 416 0 20 0.165655909486 
233 255 0 20 0.165621033236 
85 399 0 20 0.165219890935 
53 62 0 20 0.16298569666 
79 231 0 20 0.161594382043 
124 134 0 20 0.161382427524 
160 205 0 20 0.161240362843 
358 375 0 20 0.159193476504 
235 258 0 20 0.159010450334 
90 123 0 20 0.157604030243 
182 312 0 20 0.156007355366 
68 99 0 20 0.155790521102 
329 384 0 20 0.155056621223 
342 384 0 20 0.154720400932 
79 352 0 20 0.153952818837 
58 268 0 20 0.153472958854 
314 391 0 20 0.15146502319 
165 205 0 20 0.151019232985 
311 314 0 20 0.150182603222 
173 310 0 20 0.148848245206 
310 313 0 20 0.148071720936 
182 210 0 20 0.146713075176 
242 345 0 20 0.145910348974 
92 123 0 20 0.143008164931 
271 312 0 20 0.142412423803 
87 399 0 20 0.139621445439 
183 371 0 20 0.137567590422 
334 397 0 20 0.136896218753 
182 319 0 20 0.136402272199 
335 397 0 20 0.134819808133 
83 114 0 20 0.13437459896 
314 322 0 20 0.13403206761 
234 304 0 20 0.132985440386 
220 229 0 20 0.132368806568 
132 151 0 20 0.126889334895 
74 358 0 20 0.126810930843 
337 377 0 20 0.126003426266 
160 317 0 20 0.12577702775 
227 344 0 20 0.117887607545 
271 372 0 20 0.116356100453 
44 84 0 20 0.115073717347 
146 171 0 20 0.112915503391 
148 392 0 20 0.112578607986 
271 311 0 20 0.111714187682 
281 314 0 20 0.111519336451 
149 376 0 20 0.110467363845 
125 150 0 20 0.109787519526 
102 400 0 20 0.108691272583 
36 332 0 20 0.107988890803 
262 306 0 20 0.107379996781 
235 336 0 20 0.107077900774 
113 330 0 20 0.106680373207 
148 386 0 20 0.10631105226 
40 271 0 20 0.106060663227 
182 314 0 20 0.10548929114 
93 392 0 20 0.10356683754 
125 230 0 20 0.103559322251 
146 386 0 20 0.101608833047 
329 382 0 20 0.0994848556568 
144 386 0 20 0.0988338167054 
51 62 0 20 0.098100219658 
103 332 0 20 0.0970296557199 
37 51 0 20 0.0958610871428 
271 289 0 20 0.0957804709202 
125 250 0 20 0.0948783039121 
168 187 0 20 0.0942014461849 
224 385 0 20 0.0929053393809 
217 374 0 20 0.091708376945 
114 383 0 20 0.0912044752071 
99 125 0 20 0.0907168056592 
84 357 0 20 0.0870228536323 
400 408 0 20 0.0865679244693 
100 375 0 20 0.0863029792393 
86 304 0 20 0.086051261351 
82 181 0 20 0.0858744002258 
89 312 0 20 0.0856283112199 
198 210 0 20 0.0852857517416 
89 146 0 20 0.0833478005536 
89 358 0 20 0.0824449306729 
402 405 0 20 0.0817739055788 
397 415 0 20 0.0814419010734 
90 217 0 20 0.0811455839286 
92 125 0 20 0.0770388320102 
