69 159 0 20 0.00932174280465 
68 159 0 20 0.0090385397031 
69 161 0 20 0.00863184348285 
69 160 0 20 0.00829728932141 
14 62 0 20 0.00812362973639 
62 159 0 20 0.0079349196957 
66 159 0 20 0.00775454813163 
67 159 0 20 0.00765438695289 
14 64 0 20 0.00760710950162 
69 166 0 20 0.00750727982757 
69 162 0 20 0.00750344381166 
12 15 0 20 0.00744269756278 
65 159 0 20 0.00738172615117 
64 159 0 20 0.0073073678923 
14 63 0 20 0.00721954424477 
64 163 0 20 0.00715186883593 
69 165 0 20 0.0071347564069 
14 66 0 20 0.00713452105719 
14 65 0 20 0.00708972839027 
105 156 0 20 0.0070145185653 
9 63 0 20 0.00685295298919 
9 64 0 20 0.00684360486507 
9 66 0 20 0.00682948876387 
14 67 0 20 0.00679950719737 
13 18 0 20 0.0067575174503 
14 58 0 20 0.00647282432049 
16 69 0 20 0.00646915137477 
12 16 0 20 0.00644540826594 
105 157 0 20 0.00642287204791 
9 62 0 20 0.00629136612238 
18 63 0 20 0.00627310133866 
135 138 0 20 0.00607825867948 
7 61 0 20 0.0060554630477 
136 138 0 20 0.00604821925058 
105 159 0 20 0.00602654561014 
79 128 0 20 0.00601624977732 
79 127 0 20 0.00598815674943 
32 34 0 20 0.00592770073376 
107 155 0 20 0.00590031634393 
30 34 0 20 0.0058541442712 
156 204 0 20 0.00584753495481 
104 148 0 20 0.00582982669683 
104 150 0 20 0.005771838013 
31 34 0 20 0.00569070827255 
158 204 0 20 0.00541522522462 
160 204 0 20 0.00540839399109 
132 135 0 20 0.00538964969963 
159 204 0 20 0.00538497843791 
166 204 0 20 0.00537135037502 
133 137 0 20 0.0053401652691 
32 35 0 20 0.00527498641048 
165 204 0 20 0.00526970025845 
31 50 0 20 0.00525787321082 
161 204 0 20 0.0052572019855 
77 185 0 20 0.00525298199976 
33 46 0 20 0.00525100853737 
31 52 0 20 0.00518556235104 
157 204 0 20 0.00509615599579 
33 47 0 20 0.00504515802924 
132 137 0 20 0.00502172497699 
132 136 0 20 0.00501981956891 
129 138 0 20 0.00501933719239 
185 204 0 20 0.00501720141656 
79 135 0 20 0.00499209803512 
155 204 0 20 0.0049910066592 
77 128 0 20 0.00498518769845 
77 184 0 20 0.00497952957812 
139 142 0 20 0.00497837130722 
77 127 0 20 0.0049641994781 
30 35 0 20 0.00495306820981 
186 204 0 20 0.0049469585205 
24 30 0 20 0.00490700514391 
95 137 0 20 0.00488326086749 
129 137 0 20 0.00488289229517 
31 47 0 20 0.00486798128414 
187 204 0 20 0.00484202602217 
32 39 0 20 0.00482660209977 
140 148 0 20 0.00481727537725 
127 137 0 20 0.00481147632439 
31 35 0 20 0.00480209346375 
130 137 0 20 0.00479605919859 
31 54 0 20 0.00478222785915 
32 38 0 20 0.00476649751652 
78 132 0 20 0.00474937646591 
79 133 0 20 0.00474146887493 
138 142 0 20 0.00472002219046 
78 183 0 20 0.00470196555843 
77 133 0 20 0.00469086429849 
30 42 0 20 0.00468930780521 
32 41 0 20 0.00467587995142 
77 131 0 20 0.00466273084783 
75 183 0 20 0.00464808025235 
32 36 0 20 0.0046459901139 
95 136 0 20 0.00464400509697 
33 52 0 20 0.00462583657627 
31 43 0 20 0.00460106741606 
130 138 0 20 0.00459590849326 
31 39 0 20 0.00458764178971 
30 39 0 20 0.00458764178971 
135 139 0 20 0.00458648954218 
190 204 0 20 0.00458003337727 
76 134 0 20 0.004578917785 
31 53 0 20 0.00457279073152 
31 38 0 20 0.00456259268806 
77 186 0 20 0.00454255322452 
30 38 0 20 0.00454090899952 
134 138 0 20 0.00453116350467 
31 36 0 20 0.00452871388386 
139 143 0 20 0.00451416098484 
31 51 0 20 0.00451388840579 
79 185 0 20 0.00451193794305 
69 189 0 20 0.00450795076153 
69 188 0 20 0.00450714558588 
133 138 0 20 0.00450323082638 
130 139 0 20 0.00450314761421 
136 139 0 20 0.00450243091609 
14 188 0 20 0.00449806309608 
30 53 0 20 0.00449425421723 
32 37 0 20 0.00446708806921 
78 134 0 20 0.00446334327391 
33 56 0 20 0.00443484598887 
133 139 0 20 0.00441633910485 
69 190 0 20 0.00440940173442 
33 51 0 20 0.00435582867536 
134 142 0 20 0.00433981604437 
30 50 0 20 0.00433951724199 
32 54 0 20 0.00432331903484 
30 51 0 20 0.0042995738529 
31 45 0 20 0.00429830019081 
32 48 0 20 0.00428366873952 
77 182 0 20 0.00426957814592 
14 181 0 20 0.00425454187404 
30 54 0 20 0.00425011967153 
95 135 0 20 0.00423417708757 
74 184 0 20 0.00422986580394 
31 49 0 20 0.00422399834134 
32 51 0 20 0.00420449261947 
71 183 0 20 0.00419266430885 
95 132 0 20 0.00417522849294 
95 130 0 20 0.00416689598162 
14 186 0 20 0.00416460722418 
30 52 0 20 0.00415448787575 
115 137 0 20 0.00414857440871 
32 49 0 20 0.00413017319239 
9 185 0 20 0.00411693198667 
95 131 0 20 0.00411010396499 
117 137 0 20 0.00407102395577 
77 183 0 20 0.00406763959609 
88 137 0 20 0.00405785081887 
14 182 0 20 0.00405558718057 
74 179 0 20 0.00405022392097 
95 139 0 20 0.00403910335817 
95 127 0 20 0.00402353561529 
118 137 0 20 0.00401815132992 
77 181 0 20 0.00399486413249 
14 190 0 20 0.00398917069109 
90 137 0 20 0.00398633931166 
79 186 0 20 0.0039862485679 
66 194 0 20 0.0039790538554 
95 128 0 20 0.00397895538377 
118 138 0 20 0.00396891321458 
61 198 0 20 0.00396424693761 
93 139 0 20 0.00393829080804 
14 187 0 20 0.00390583649728 
94 137 0 20 0.00389935026636 
95 133 0 20 0.00389925648092 
94 139 0 20 0.0038781984908 
118 139 0 20 0.0038553960122 
90 136 0 20 0.00384437400573 
95 142 0 20 0.00382238673946 
91 137 0 20 0.00382019819158 
95 129 0 20 0.00381914539167 
95 141 0 20 0.00379037285896 
93 137 0 20 0.00376888930512 
96 137 0 20 0.00373928791277 
95 138 0 20 0.00372795957011 
93 136 0 20 0.00370738094717 
120 139 0 20 0.00370685587537 
90 142 0 20 0.00370574639507 
89 132 0 20 0.00368040684611 
89 137 0 20 0.00365357248133 
18 34 0 20 0.00360448473022 
65 74 0 20 0.00353073226634 
69 78 0 20 0.00350241653362 
137 159 0 20 0.00347806924106 
66 77 0 20 0.0034658067833 
67 77 0 20 0.00346523002111 
68 74 0 20 0.00343760620227 
23 32 0 20 0.00342869828587 
70 75 0 20 0.00336124292517 
140 169 0 20 0.00321314391088 
140 163 0 20 0.00318943966814 
139 162 0 20 0.00312523889736 
18 39 0 20 0.00307532912288 
45 59 0 20 0.00306634449308 
139 165 0 20 0.00298478916025 
139 166 0 20 0.00297611014521 
18 38 0 20 0.0028022966113 
40 59 0 20 0.00276966884495 
43 59 0 20 0.00273012367612 
48 59 0 20 0.00263483530279 
41 59 0 20 0.00259862344882 
10 77 0 20 0.00215722225882 
9 78 0 20 0.00209265012181 
12 76 0 20 0.00200627071107 
18 45 0 20 0.00167708990847 
18 41 0 20 0.00132504001681 
18 47 0 20 0.00121167281836 
18 51 0 20 0.00114018360688 
59 62 0 20 0.00112558092944 
101 105 0 20 0.00081110680573 
33 186 0 20 0.000591613411488 
159 161 0 20 0.00051937516708 
56 95 0 20 0.000416691730979 
1 142 0 20 0.000273161664595 
1 190 0 20 0.000254610642055 
128 167 0 20 0.000191345917254 
44 69 0 20 0.000186097717412 
74 119 0 20 0.000168479747228 
150 186 0 20 0.000113607985831 
