69 159 0 20 1.0 
68 159 0 20 0.888344497839 
14 62 0 20 0.874712964561 
69 161 0 20 0.728000665261 
135 138 0 20 0.727747200784 
136 138 0 20 0.716239619252 
105 156 0 20 0.708410639192 
79 128 0 20 0.687417297787 
79 127 0 20 0.676194825779 
12 15 0 20 0.675033989004 
14 64 0 20 0.672106171213 
32 34 0 20 0.636063200129 
69 160 0 20 0.596099521909 
77 185 0 20 0.580058406477 
95 137 0 20 0.568569040818 
31 34 0 20 0.547121680729 
31 50 0 20 0.538449115443 
14 63 0 20 0.520082400188 
30 34 0 20 0.512686853028 
31 52 0 20 0.51125995252 
156 204 0 20 0.502550599672 
14 66 0 20 0.48673176988 
95 136 0 20 0.477600002119 
77 184 0 20 0.474344696369 
14 65 0 20 0.469161696148 
132 135 0 20 0.46395310522 
33 46 0 20 0.460534872062 
105 157 0 20 0.453546685269 
62 159 0 20 0.453231868605 
133 137 0 20 0.444996482555 
59 62 0 20 0.414416433167 
31 54 0 20 0.395469520986 
32 35 0 20 0.391104337931 
33 47 0 20 0.383210977241 
66 159 0 20 0.38211867298 
14 188 0 20 0.378686593197 
9 63 0 20 0.376285751457 
9 64 0 20 0.372618918435 
9 66 0 20 0.367081830425 
78 183 0 20 0.367041487505 
14 67 0 20 0.355321460475 
185 204 0 20 0.348319774853 
75 183 0 20 0.34621001857 
67 159 0 20 0.34262918064 
158 204 0 20 0.326471205049 
160 204 0 20 0.323688849298 
132 137 0 20 0.323007558062 
132 136 0 20 0.322277629446 
129 138 0 20 0.322092839411 
95 135 0 20 0.32177655022 
31 47 0 20 0.316657845418 
13 18 0 20 0.315549748928 
186 204 0 20 0.315130166635 
159 204 0 20 0.314151713903 
137 159 0 20 0.310556299305 
166 204 0 20 0.308601015189 
139 142 0 20 0.306399522964 
77 186 0 20 0.305414425826 
33 52 0 20 0.300800896608 
95 132 0 20 0.299363310303 
115 137 0 20 0.299097740823 
101 105 0 20 0.298633337291 
95 130 0 20 0.296195150375 
79 185 0 20 0.293578893446 
69 189 0 20 0.292037492757 
69 188 0 20 0.291726220675 
45 59 0 20 0.288527047143 
69 166 0 20 0.284630804705 
69 162 0 20 0.283118419144 
105 159 0 20 0.28282088869 
31 53 0 20 0.280855453839 
79 135 0 20 0.278293927354 
14 181 0 20 0.276325155329 
77 128 0 20 0.275533418229 
95 131 0 20 0.274601877421 
129 137 0 20 0.26982317795 
165 204 0 20 0.267199007004 
77 127 0 20 0.267149141666 
117 137 0 20 0.265691281926 
187 204 0 20 0.265549800448 
33 56 0 20 0.26478290575 
161 204 0 20 0.262108470794 
31 51 0 20 0.258707951576 
88 137 0 20 0.254734358819 
69 190 0 20 0.253939518635 
30 53 0 20 0.251325420747 
30 42 0 20 0.249542493518 
95 139 0 20 0.247606261243 
18 39 0 20 0.245047691229 
140 148 0 20 0.244686480602 
118 137 0 20 0.242915306604 
127 137 0 20 0.242464964548 
95 127 0 20 0.241687145469 
14 186 0 20 0.238522125283 
130 137 0 20 0.236558932421 
65 159 0 20 0.235130079926 
107 155 0 20 0.228445025837 
90 137 0 20 0.227544489779 
14 58 0 20 0.227179007056 
16 69 0 20 0.225738281785 
18 45 0 20 0.225522273806 
95 128 0 20 0.224736997111 
18 34 0 20 0.223102427481 
32 39 0 20 0.222829019525 
32 54 0 20 0.222825966208 
118 138 0 20 0.221704971734 
65 74 0 20 0.220916991342 
9 185 0 20 0.218482369315 
33 186 0 20 0.217820250318 
31 43 0 20 0.216396641066 
31 35 0 20 0.213631109535 
24 30 0 20 0.209807388424 
93 139 0 20 0.209275646458 
69 78 0 20 0.208719404802 
138 142 0 20 0.207430480171 
64 159 0 20 0.205813632868 
32 38 0 20 0.200272213582 
77 182 0 20 0.199885251305 
33 51 0 20 0.199276881678 
104 148 0 20 0.198080154853 
157 204 0 20 0.196514572729 
140 169 0 20 0.196434243045 
30 54 0 20 0.195288037933 
94 137 0 20 0.19446980234 
95 133 0 20 0.194434143548 
30 50 0 20 0.19314371965 
66 77 0 20 0.192948998916 
67 77 0 20 0.192700546696 
14 182 0 20 0.192696762193 
159 161 0 20 0.191223570503 
94 139 0 20 0.186427544108 
140 163 0 20 0.186223151033 
74 184 0 20 0.184532895006 
78 132 0 20 0.18133264478 
68 74 0 20 0.180801016342 
79 133 0 20 0.178173757147 
30 51 0 20 0.178124850882 
30 35 0 20 0.1747983165 
90 136 0 20 0.173566910132 
104 150 0 20 0.17310033192 
118 139 0 20 0.17280509286 
32 48 0 20 0.172144466741 
71 183 0 20 0.170151204605 
32 41 0 20 0.166264111031 
95 142 0 20 0.165206984382 
14 190 0 20 0.164779329353 
91 137 0 20 0.164374861938 
95 129 0 20 0.163974569835 
130 138 0 20 0.159884686468 
139 162 0 20 0.158567343375 
77 133 0 20 0.157958476522 
23 32 0 20 0.156547603749 
135 139 0 20 0.15627645051 
40 59 0 20 0.156085608602 
9 62 0 20 0.156001420641 
32 36 0 20 0.155046675885 
155 204 0 20 0.15368733513 
56 95 0 20 0.153417578751 
95 141 0 20 0.153034772496 
10 77 0 20 0.151940363719 
12 16 0 20 0.151799618248 
31 49 0 20 0.149708166266 
18 63 0 20 0.148836998006 
70 75 0 20 0.147905957953 
77 131 0 20 0.146719856613 
93 137 0 20 0.144866366623 
64 163 0 20 0.14450665872 
32 51 0 20 0.142373939408 
190 204 0 20 0.141758873135 
18 38 0 20 0.140962305101 
43 59 0 20 0.138431921554 
69 165 0 20 0.137759921675 
134 138 0 20 0.135082010045 
96 137 0 20 0.133611423012 
30 39 0 20 0.133148980991 
31 39 0 20 0.133148980991 
14 187 0 20 0.129750727615 
95 138 0 20 0.129304197985 
139 143 0 20 0.128568641107 
133 138 0 20 0.124381487948 
130 139 0 20 0.124349610815 
136 139 0 20 0.124075056261 
31 38 0 20 0.123748238246 
30 52 0 20 0.123571962387 
18 47 0 20 0.122612772241 
77 183 0 20 0.121818020495 
93 136 0 20 0.121479861954 
90 142 0 20 0.120858377951 
9 78 0 20 0.118062168508 
30 38 0 20 0.115610510172 
74 179 0 20 0.115085311307 
32 49 0 20 0.114429547412 
76 134 0 20 0.113238604433 
89 132 0 20 0.111223858356 
31 36 0 20 0.111033773382 
120 139 0 20 0.108818361803 
31 45 0 20 0.102667793403 
89 137 0 20 0.101020984822 
1 142 0 20 0.100572672972 
139 165 0 20 0.098065719049 
48 59 0 20 0.0958934479088 
139 166 0 20 0.0943270541153 
1 190 0 20 0.0937425567255 
77 181 0 20 0.0936838236333 
18 51 0 20 0.0934952756876 
133 139 0 20 0.0910947842255 
79 186 0 20 0.0903531407595 
32 37 0 20 0.0879060605368 
66 194 0 20 0.0875717437396 
18 41 0 20 0.0848870219152 
61 198 0 20 0.0818475515515 
41 59 0 20 0.0797278136129 
12 76 0 20 0.0727426441071 
128 167 0 20 0.070449747731 
44 69 0 20 0.0685174652959 
78 134 0 20 0.0670694367578 
7 61 0 20 0.0634676489057 
74 119 0 20 0.0620308803048 
134 142 0 20 0.0617801337929 
150 186 0 20 0.0418281929234 
