41 69 0 20 1.0 TT
149 195 0 20 0.974534195511 TT
8 52 0 20 0.946442510333 TT
131 158 0 20 0.935102374912 TT
235 237 0 20 0.934418866419 TT
8 53 0 20 0.931003482836 TT
131 134 0 20 0.929873660274 TT
131 157 0 20 0.923407674164 TT
13 158 0 20 0.917058208554 TT
148 195 0 20 0.916901170134 TT
59 61 0 20 0.903468064786 TT
127 157 0 20 0.899597677053 TT
13 157 0 20 0.897720693417 TT
130 157 0 20 0.892197766574 TT
127 158 0 20 0.891889529134 TT
40 69 0 20 0.888595259675 TT
132 135 0 20 0.857946379689 TT
461 463 0 20 0.856621936593 TT
95 201 0 20 0.853485731585 TT
55 69 0 20 0.852154847562 TT
56 69 0 20 0.850518004381 TT
471 488 0 20 0.84910050663 TT
337 440 0 20 0.847982865581 TT
128 157 0 20 0.839821662091 TT
13 132 0 20 0.839419794748 TT
124 157 0 20 0.832645220926 TT
206 347 0 20 0.830730964914 TT
14 158 0 20 0.829099934835 TT
336 440 0 20 0.826943235987 TT
5 8 0 20 0.822906609117 TT
205 347 0 20 0.822309561265 TT
150 195 0 20 0.820419304826 TT
470 488 0 20 0.817273859815 TT
203 347 0 20 0.813166367523 TT
57 69 0 20 0.813034302485 TT
130 158 0 20 0.809106596568 TT
421 428 0 20 0.80850318844 TT
491 534 0 20 0.805333699238 TT
204 208 0 20 0.805091567154 TT
57 61 0 20 0.802322554703 TT
186 421 0 20 0.798844529411 TT
207 347 0 20 0.796770312485 TT
201 461 0 20 0.794583944609 TT
129 158 0 20 0.789551795053 TT
195 210 0 20 0.788015931923 TT
10 158 0 20 0.787663442318 TT
229 259 0 20 0.78552923965 TT
15 158 0 20 0.784552733552 TT
208 228 0 20 0.782983678152 TT
46 69 0 20 0.782893846847 TT
144 195 0 20 0.78078774661 TT
186 445 0 20 0.778997058428 TT
128 158 0 20 0.777197501816 TT
9 158 0 20 0.774891006943 TT
131 133 0 20 0.772429205317 TT
235 238 0 20 0.771729317339 TT
198 461 0 20 0.77104361093 TT
257 259 0 20 0.768889512957 TT
491 536 0 20 0.763564581766 TT
410 488 0 20 0.762235662317 TT
151 195 0 20 0.758190841538 TT
8 51 0 20 0.756763811317 TT
89 96 0 20 0.7560483403 TT
121 158 0 20 0.754920108886 TT
42 69 0 20 0.754779691209 TT
144 194 0 20 0.753078495366 TT
471 490 0 20 0.750796115355 TT
13 155 0 20 0.748480976538 TT
466 469 0 20 0.740533150973 TT
12 158 0 20 0.738673389944 TT
191 210 0 20 0.736941063767 TT
256 259 0 20 0.734293894631 TT
186 194 0 20 0.733939967389 TT
186 448 0 20 0.733445823189 TT
432 436 0 20 0.733295224377 TT
38 69 0 20 0.732386124409 TT
201 206 0 20 0.729690766172 TT
185 448 0 20 0.729577204045 TT
185 423 0 20 0.72789141316 TT
439 448 0 20 0.727372732373 TT
125 155 0 20 0.725164027506 TT
7 158 0 20 0.724667920129 TT
355 373 0 20 0.721455210025 TT
96 201 0 20 0.718528028135 TT
11 47 0 20 0.716650598564 TT
10 157 0 20 0.714877594879 TT
352 358 0 20 0.714052522883 TT
89 95 0 20 0.713923229796 TT
440 448 0 20 0.712459474497 TT
15 155 0 20 0.712234978504 TT
185 188 0 20 0.711919782848 TT
466 471 0 20 0.710228289747 TT
181 448 0 20 0.707445153136 TT
187 195 0 20 0.70709509864 TD
536 542 0 20 0.704709555137 TT
134 158 0 20 0.704538213876 TT
521 552 0 20 0.70183165882 TT
104 462 0 20 0.70032829221 TT
536 540 0 20 0.700196739133 TT
537 542 0 20 0.699232263149 TT
334 374 0 20 0.698278432004 TT
201 207 0 20 0.697853322413 TT
142 195 0 20 0.697184685369 TT
188 195 0 20 0.696034911936 TT
423 427 0 20 0.694744129013 TT
202 347 0 20 0.693280516793 TT
123 158 0 20 0.692149173919 TT
471 489 0 20 0.691824859509 TT
143 195 0 20 0.691137404504 TT
467 470 0 20 0.689566230768 TT
191 194 0 20 0.685702688513 TT
11 158 0 20 0.685339872517 TT
15 132 0 20 0.685307792573 TT
418 427 0 20 0.685188615019 TT
355 374 0 20 0.68466730772 TT
7 210 0 20 0.683378490404 TD
9 157 0 20 0.681995474986 TT
190 195 0 20 0.681754389749 TT
14 155 0 20 0.678995744423 TT
337 439 0 20 0.675212584374 TT
12 47 0 20 0.674362013962 TT
132 134 0 20 0.673331669281 TT
338 369 0 20 0.671196653462 TT
188 421 0 20 0.667912399909 TT
186 423 0 20 0.667407368068 TT
366 369 0 20 0.666563054213 TT
3 8 0 20 0.665758244933 TT
12 155 0 20 0.660776311376 TT
89 101 0 20 0.658243886346 TT
491 532 0 20 0.655061743869 TT
347 475 0 20 0.653570494629 TT
355 370 0 20 0.652893727306 TT
492 535 0 20 0.652031709419 TT
1 53 0 20 0.651241165191 TT
103 462 0 20 0.650397766806 TT
337 369 0 20 0.648303414001 TT
181 186 0 20 0.648142691449 TT
186 429 0 20 0.6472164588 TT
201 460 0 20 0.642295932028 TT
155 158 0 20 0.641865420729 TT
431 435 0 20 0.641050008218 TT
552 560 0 20 0.640847614378 TT
252 258 0 20 0.638387083007 TT
4 8 0 20 0.637779607533 TT
556 561 0 20 0.637586907179 TT
410 495 0 20 0.637335069584 TT
44 69 0 20 0.636380803444 TT
9 155 0 20 0.634104517336 TT
195 214 0 20 0.63228522788 TT
559 562 0 20 0.632259930814 TT
190 448 0 20 0.632230472455 TT
410 485 0 20 0.631263747365 TT
124 155 0 20 0.630365269002 TT
232 538 0 20 0.630204370331 TT
235 240 0 20 0.629200966176 TT
189 193 0 20 0.628733613035 TT
467 471 0 20 0.628717369535 TT
104 463 0 20 0.628423587133 TT
204 347 0 20 0.62765126535 TT
195 209 0 20 0.626518830511 TT
133 158 0 20 0.626312706721 TT
432 448 0 20 0.625877081949 TT
396 428 0 20 0.625714016811 TT
104 466 0 20 0.62315697531 TT
132 158 0 20 0.623111141856 TT
488 536 0 20 0.621577479798 TT
8 48 0 20 0.621229219593 TT
191 448 0 20 0.620523824899 TT
410 489 0 20 0.619717116466 TT
129 159 0 20 0.616510239505 TT
534 540 0 20 0.615679212731 TT
422 431 0 20 0.615283389631 TT
440 447 0 20 0.611263827039 TT
178 186 0 20 0.611102322271 TT
89 102 0 20 0.606814768134 TT
392 435 0 20 0.606734653667 TT
126 158 0 20 0.605778980663 TT
315 320 0 20 0.605756934575 TT
184 423 0 20 0.605114827574 TT
191 218 0 20 0.603653388996 TT
122 170 0 20 0.603444843285 TT
235 538 0 20 0.602419003592 TT
119 170 0 20 0.600908569171 TT
186 200 0 20 0.60026298488 TT
154 195 0 20 0.599430326492 TT
14 157 0 20 0.598919994185 TT
11 157 0 20 0.598558566522 TT
128 133 0 20 0.598095063811 TT
127 155 0 20 0.597266146646 TT
355 372 0 20 0.597005250503 TT
431 436 0 20 0.594687759153 TT
176 186 0 20 0.592191350597 TT
235 243 0 20 0.591805105815 TT
409 495 0 20 0.591545857167 TT
8 154 0 20 0.59144184004 TT
552 556 0 20 0.58861896882 TT
355 369 0 20 0.586777772248 TT
513 521 0 20 0.58586139512 TT
64 70 0 20 0.585505722869 TT
228 230 0 20 0.585202064451 TT
183 432 0 20 0.584675690311 TT
540 241 0 20 0.584258205091 TD
495 502 0 20 0.581509454987 TT
212 54 0 20 0.580541237946 TD
232 540 0 20 0.579572833805 TT
7 47 0 20 0.57920432427 TT
103 466 0 20 0.578441967252 TT
207 7 0 20 0.578288062432 TD
10 47 0 20 0.573376229544 TT
8 50 0 20 0.573321956465 TT
128 155 0 20 0.573277395189 TT
152 195 0 20 0.572773257328 TT
46 48 0 20 0.571755629542 TT
12 157 0 20 0.568332001134 TT
493 535 0 20 0.565764541723 TT
68 72 0 20 0.565058153478 TT
126 155 0 20 0.564922936239 TT
186 422 0 20 0.564388591917 TT
189 421 0 20 0.56432359813 TT
422 432 0 20 0.564307813724 TT
410 484 0 20 0.561994680054 TT
134 157 0 20 0.560317306891 TT
514 521 0 20 0.55941419114 TT
59 189 0 20 0.558345411207 TT
229 260 0 20 0.558173817016 TT
57 64 0 20 0.558027876651 TT
534 581 0 20 0.557733300191 TT
339 374 0 20 0.556890133957 TT
122 158 0 20 0.556795237551 TT
540 546 0 20 0.556256516792 TD
218 440 0 20 0.555322090368 TT
39 69 0 20 0.554679974254 TT
133 157 0 20 0.554347706428 TT
333 374 0 20 0.554324696241 TT
153 158 0 20 0.553285742662 TT
186 187 0 20 0.552592420847 TT
122 157 0 20 0.551318473505 TT
437 448 0 20 0.550470411546 TT
203 208 0 20 0.547740349526 TT
61 70 0 20 0.545905234769 TT
474 488 0 20 0.545882530318 TT
513 522 0 20 0.545662457035 TT
183 423 0 20 0.544657327589 TT
155 436 0 20 0.544348548823 TT
207 53 0 20 0.544115956067 TD
184 418 0 20 0.543068857395 TT
536 581 0 20 0.542457889096 TT
505 521 0 20 0.541995536082 TT
407 495 0 20 0.541192382956 TT
191 449 0 20 0.540939039753 TT
188 194 0 20 0.54071784023 TT
421 431 0 20 0.540494905262 TT
162 171 0 20 0.540481404711 TT
397 399 0 20 0.539520035244 TT
121 137 0 20 0.539458235576 TT
422 428 0 20 0.539456696585 TT
492 534 0 20 0.538248125798 TT
440 446 0 20 0.537386762 TT
191 237 0 20 0.537024379991 TT
419 428 0 20 0.533204992766 TT
119 157 0 20 0.531238135086 TT
8 206 0 20 0.529964031158 TD
192 448 0 20 0.52833559656 TT
208 232 0 20 0.527921744685 TT
420 428 0 20 0.527774817686 TT
132 157 0 20 0.527437602641 TT
125 158 0 20 0.527425698419 TT
1 8 0 20 0.527124476863 TT
427 431 0 20 0.526729684814 TT
407 491 0 20 0.525761917238 TT
210 53 0 20 0.524556673337 TD
155 440 0 20 0.523675660019 TT
505 520 0 20 0.523014583969 TT
89 100 0 20 0.52299087688 TT
352 359 0 20 0.521679281119 TT
424 432 0 20 0.521515069872 TT
366 370 0 20 0.521383519129 TT
147 158 0 20 0.521228665507 TD
9 48 0 20 0.521158405797 TT
421 432 0 20 0.521115151377 TT
536 538 0 20 0.520639675831 TT
430 435 0 20 0.520508196741 TT
355 371 0 20 0.520336839539 TT
490 536 0 20 0.519699914049 TT
89 104 0 20 0.519301398287 TT
508 520 0 20 0.518834389177 TT
184 432 0 20 0.517316133975 TT
183 428 0 20 0.516751906749 TT
41 64 0 20 0.516735341028 TT
491 537 0 20 0.514183177263 TT
230 259 0 20 0.51311673661 TT
235 245 0 20 0.512985421186 TT
461 466 0 20 0.512844491729 TT
12 132 0 20 0.512266873189 TT
149 198 0 20 0.512010164071 TT
7 48 0 20 0.511923494036 TT
471 491 0 20 0.509819791565 TT
155 160 0 20 0.509759064705 TT
532 540 0 20 0.509708549792 TT
163 177 0 20 0.508383727063 TT
253 259 0 20 0.508289477498 TT
8 158 0 20 0.508077743243 TT
123 170 0 20 0.50796194097 TT
195 206 0 20 0.507600298342 TT
189 192 0 20 0.507064982194 TT
93 102 0 20 0.506398427055 TT
408 495 0 20 0.505842173473 TT
409 482 0 20 0.505453882971 TT
155 194 0 20 0.504534043702 TT
427 448 0 20 0.503462923821 TT
119 158 0 20 0.503111097962 TT
89 98 0 20 0.501889799621 TT
11 132 0 20 0.500647188979 TT
1 7 0 20 0.500632124127 TT
192 216 0 20 0.499873594963 TT
427 432 0 20 0.499250348406 TT
204 463 0 20 0.497789071068 TT
534 538 0 20 0.497449323599 TT
125 157 0 20 0.496715166467 TT
189 195 0 20 0.496441789738 TT
410 482 0 20 0.496376781224 TT
155 439 0 20 0.496212931731 TT
155 437 0 20 0.494522205006 TT
515 522 0 20 0.494179306457 TT
319 345 0 20 0.494132066035 TT
488 537 0 20 0.49407850253 TT
59 64 0 20 0.493572478872 TT
466 470 0 20 0.492596248633 TT
398 552 0 20 0.492465642155 TT
33 133 0 20 0.491776811827 TT
347 474 0 20 0.491484572539 TT
153 195 0 20 0.491059241802 TT
397 427 0 20 0.490776727358 TT
180 195 0 20 0.490450042375 TT
333 440 0 20 0.490022350892 TT
15 157 0 20 0.490008439147 TT
158 549 0 20 0.49000527909 TD
157 549 0 20 0.49000527909 TD
398 545 0 20 0.489406595758 TT
529 536 0 20 0.488824570418 TT
155 438 0 20 0.488804695615 TT
9 47 0 20 0.488605228726 TT
489 536 0 20 0.488508869941 TT
536 539 0 20 0.487150428226 TT
187 423 0 20 0.486944627683 TT
180 448 0 20 0.485329003003 TT
490 534 0 20 0.485166522534 TT
11 155 0 20 0.484893191847 TT
121 155 0 20 0.481277578395 TT
191 209 0 20 0.480924032604 TT
180 423 0 20 0.4801585194 TT
395 428 0 20 0.479665251506 TT
124 158 0 20 0.478853905961 TT
189 210 0 20 0.478472559314 TT
234 239 0 20 0.478190564987 TT
186 443 0 20 0.478050307346 TT
59 69 0 20 0.477538558689 TT
31 134 0 20 0.477456163106 TT
108 462 0 20 0.477128054988 TT
315 345 0 20 0.476630356277 TT
438 448 0 20 0.474660748282 TT
508 521 0 20 0.473997314123 TT
471 481 0 20 0.473900737475 TT
423 426 0 20 0.473692150086 TT
417 428 0 20 0.473091354882 TT
155 435 0 20 0.472789409381 TT
200 542 0 20 0.472363876566 TD
201 423 0 20 0.472138964583 TT
197 542 0 20 0.471876685028 TD
435 69 0 20 0.471697220723 TD
536 543 0 20 0.471652075762 TT
129 85 0 20 0.47136887105 TD
123 155 0 20 0.471217705471 TT
121 157 0 20 0.471113708363 TT
440 449 0 20 0.470813772819 TT
471 492 0 20 0.470736618532 TT
111 170 0 20 0.470317818636 TT
188 192 0 20 0.470294547922 TT
59 237 0 20 0.470127463341 TD
366 371 0 20 0.469138606093 TT
492 533 0 20 0.468317256468 TT
134 156 0 20 0.468316555437 TT
566 570 0 20 0.466788620508 TT
407 485 0 20 0.466195456232 TT
409 491 0 20 0.46563276076 TT
41 61 0 20 0.465023345219 TT
319 346 0 20 0.464964059018 TT
56 61 0 20 0.463983148643 TT
185 195 0 20 0.463458125117 TT
185 198 0 20 0.462798919538 TT
113 170 0 20 0.462208881854 TT
129 79 0 20 0.46169141042 TD
7 157 0 20 0.460209734993 TT
315 321 0 20 0.460185812372 TT
158 436 0 20 0.459084117903 TT
157 437 0 20 0.45817823059 TT
187 198 0 20 0.456202786285 TD
419 462 0 20 0.45613031496 TT
407 488 0 20 0.455182244983 TT
123 157 0 20 0.455001448772 TT
2 8 0 20 0.454666078286 TT
552 562 0 20 0.45454669681 TT
162 176 0 20 0.453108778054 TT
374 386 0 20 0.452016610853 TT
493 531 0 20 0.451529123513 TT
431 448 0 20 0.451464917724 TT
156 435 0 20 0.45097104133 TT
186 447 0 20 0.450101097954 TT
54 62 0 20 0.449554642556 TT
567 570 0 20 0.449440881188 TT
201 458 0 20 0.449210790491 TT
88 102 0 20 0.448704556636 TT
185 189 0 20 0.448585536456 TT
43 67 0 20 0.448584173826 TT
470 474 0 20 0.447013928118 TT
31 133 0 20 0.445487608128 TT
186 442 0 20 0.444965930885 TT
148 158 0 20 0.44485817696 TD
148 157 0 20 0.44485817696 TD
9 54 0 20 0.444469079165 TT
493 536 0 20 0.444298972088 TT
195 461 0 20 0.444071177428 TT
89 105 0 20 0.443584955963 TT
184 431 0 20 0.443436918465 TT
210 17 0 20 0.443017962294 TD
420 431 0 20 0.442524807406 TT
157 161 0 20 0.442515924493 TT
1 57 0 20 0.441997867933 TT
204 348 0 20 0.441549146534 TT
34 134 0 20 0.441522641748 TT
562 571 0 20 0.440700047454 TT
1 51 0 20 0.439943627524 TT
118 170 0 20 0.439932061269 TT
7 162 0 20 0.439386288196 TT
235 239 0 20 0.439272445563 TT
201 459 0 20 0.438907430893 TT
408 488 0 20 0.438766639051 TT
432 451 0 20 0.438547198737 TT
129 157 0 20 0.437839954298 TT
423 462 0 20 0.437195042099 TT
102 458 0 20 0.437031505704 TT
336 435 0 20 0.436702062426 TT
407 484 0 20 0.435833806356 TT
186 446 0 20 0.435340201363 TT
109 462 0 20 0.434978415561 TT
85 102 0 20 0.434425461773 TT
7 259 0 20 0.434390822057 TT
241 538 0 20 0.433368546319 TD
418 456 0 20 0.433054721393 TT
121 159 0 20 0.432381721 TT
191 421 0 20 0.432348664691 TT
145 195 0 20 0.432270051554 TT
103 463 0 20 0.431667359251 TT
289 283 0 20 0.431013678132 TD
460 463 0 20 0.431013303985 TT
492 531 0 20 0.430880450761 TT
189 194 0 20 0.430600861215 TT
95 198 0 20 0.430492774821 TT
198 459 0 20 0.428595617976 TT
423 461 0 20 0.428519718691 TT
553 567 0 20 0.428283459393 TT
188 193 0 20 0.428224002354 TT
131 155 0 20 0.428031409747 TT
36 134 0 20 0.427339000936 TT
158 437 0 20 0.426346536331 TT
418 461 0 20 0.424770036142 TT
38 61 0 20 0.424749640558 TT
423 428 0 20 0.424542663236 TT
409 488 0 20 0.424032711828 TT
221 423 0 20 0.42388417948 TT
45 69 0 20 0.423871220465 TT
201 455 0 20 0.423371451029 TT
126 134 0 20 0.423334073891 TT
221 421 0 20 0.423332074298 TT
428 448 0 20 0.423023835904 TT
6 48 0 20 0.421487234982 TD
119 155 0 20 0.421374708546 TT
157 436 0 20 0.421022060325 TT
129 156 0 20 0.421008322498 TT
232 539 0 20 0.420545050385 TT
183 431 0 20 0.420366590729 TT
337 374 0 20 0.419833178339 TT
35 133 0 20 0.419708736173 TT
337 438 0 20 0.419666410893 TT
34 133 0 20 0.419474310017 TT
130 134 0 20 0.419137486194 TT
162 177 0 20 0.41805217891 TT
560 571 0 20 0.417937913674 TT
421 471 0 20 0.417649660326 TT
183 195 0 20 0.416955995752 TT
185 418 0 20 0.416744112008 TT
241 539 0 20 0.416152942887 TD
424 431 0 20 0.416126960147 TT
423 460 0 20 0.415630598741 TT
384 397 0 20 0.415501222043 TT
192 195 0 20 0.41519785725 TT
104 201 0 20 0.414956152673 TT
147 157 0 20 0.414698851432 TD
324 321 0 20 0.414366098678 TD
534 539 0 20 0.414246969583 TT
122 155 0 20 0.413976132891 TT
226 259 0 20 0.413578711815 TT
155 161 0 20 0.41335098543 TT
1 59 0 20 0.413340083857 TT
471 487 0 20 0.413271970275 TT
568 570 0 20 0.413241933663 TT
186 417 0 20 0.413224574291 TT
546 538 0 20 0.413186285669 TD
204 462 0 20 0.412906642952 TT
235 540 0 20 0.412803679843 TT
125 170 0 20 0.412531149248 TT
409 484 0 20 0.41245219671 TT
396 431 0 20 0.412300078947 TT
545 570 0 20 0.412291222254 TT
337 437 0 20 0.412230499525 TT
410 494 0 20 0.412182735881 TT
124 134 0 20 0.41185898392 TT
338 373 0 20 0.41185238287 TT
35 134 0 20 0.410722241343 TT
408 485 0 20 0.410246478634 TT
3 258 0 20 0.410040072048 TT
417 431 0 20 0.40983235036 TT
235 539 0 20 0.409352296859 TT
52 69 0 20 0.409301401171 TT
490 532 0 20 0.409051811268 TT
121 170 0 20 0.408476587134 TT
121 133 0 20 0.40769818028 TT
314 352 0 20 0.407545849925 TT
492 540 0 20 0.407315335733 TT
54 67 0 20 0.405751800131 TT
490 537 0 20 0.404168164535 TT
470 487 0 20 0.40405084655 TT
158 439 0 20 0.403801475296 TT
194 448 0 20 0.403683909823 TT
8 208 0 20 0.402074597041 TD
43 68 0 20 0.401874542766 TT
418 428 0 20 0.401426619538 TT
208 322 0 20 0.401029403882 TT
8 210 0 20 0.400299481158 TD
10 155 0 20 0.400231121701 TT
189 461 0 20 0.399805464226 TT
1 337 0 20 0.399427089954 TT
410 481 0 20 0.399254946432 TT
7 132 0 20 0.39906138469 TT
180 418 0 20 0.398602629263 TT
8 47 0 20 0.398258590581 TT
8 421 0 20 0.398084139701 TT
423 456 0 20 0.397995653058 TT
195 217 0 20 0.397694610753 TT
41 72 0 20 0.396591431707 TT
271 283 0 20 0.396293810357 TT
568 575 0 20 0.395938983844 TT
154 435 0 20 0.395928128522 TT
1 52 0 20 0.39560270366 TT
495 536 0 20 0.395528083407 TT
14 132 0 20 0.39516987047 TT
36 133 0 20 0.39472247048 TT
200 208 0 20 0.394068823318 TT
423 425 0 20 0.394058084318 TT
142 198 0 20 0.393986426686 TT
551 556 0 20 0.393571198176 TT
89 99 0 20 0.393338798051 TT
135 157 0 20 0.393169451931 TT
198 202 0 20 0.393133178688 TT
121 169 0 20 0.392906338244 TT
129 153 0 20 0.392884232949 TT
60 70 0 20 0.392838047343 TT
471 482 0 20 0.392461914739 TT
157 24 0 20 0.391932949603 TD
121 156 0 20 0.391821686364 TT
338 440 0 20 0.391056252116 TT
532 581 0 20 0.390117784559 TT
159 177 0 20 0.389362806821 TT
288 283 0 20 0.38935092096 TD
222 537 0 20 0.389118128524 TT
9 132 0 20 0.389082470999 TT
207 349 0 20 0.388771527351 TT
54 66 0 20 0.38864444506 TT
198 455 0 20 0.388475639349 TT
545 540 0 20 0.388030565026 TD
144 179 0 20 0.387236312421 TT
124 170 0 20 0.386767563867 TT
281 283 0 20 0.386641724901 TT
184 198 0 20 0.386416865082 TT
195 218 0 20 0.386043457449 TT
12 43 0 20 0.385823364686 TT
418 458 0 20 0.385520558501 TT
52 207 0 20 0.385232319704 TD
145 53 0 20 0.385181117397 TD
220 541 0 20 0.38467747022 TT
195 219 0 20 0.384499752614 TT
162 179 0 20 0.384474292758 TT
156 198 0 20 0.384466199607 TD
314 349 0 20 0.384347662253 TT
13 129 0 20 0.384266748388 TT
43 70 0 20 0.384123865171 TT
39 61 0 20 0.383929082321 TT
181 188 0 20 0.383847269125 TT
98 201 0 20 0.3835830971 TT
419 463 0 20 0.383374167394 TT
116 133 0 20 0.38330574712 TT
398 522 0 20 0.383030876172 TT
156 195 0 20 0.382951792366 TD
566 575 0 20 0.382927414184 TT
184 448 0 20 0.382139310152 TT
195 442 0 20 0.380707121429 TT
127 134 0 20 0.380201765129 TT
64 421 0 20 0.380177952854 TT
338 439 0 20 0.3800835549 TT
8 56 0 20 0.378715357641 TT
195 289 0 20 0.37818491118 TT
121 154 0 20 0.377904217571 TT
417 432 0 20 0.37765351795 TT
504 519 0 20 0.377262512115 TT
43 69 0 20 0.377221248526 TT
426 431 0 20 0.37695802585 TT
144 185 0 20 0.376816173997 TT
54 70 0 20 0.376723524431 TT
409 493 0 20 0.376703963831 TT
337 436 0 20 0.376611463979 TT
541 547 0 20 0.376009729629 TD
251 258 0 20 0.375937029502 TT
200 462 0 20 0.375731101103 TT
53 69 0 20 0.375520527162 TT
75 542 0 20 0.375191614164 TT
158 192 0 20 0.375180624891 TT
201 474 0 20 0.375120596932 TT
396 432 0 20 0.374897834451 TT
514 523 0 20 0.374829466523 TT
185 191 0 20 0.374473620166 TT
235 244 0 20 0.374380492239 TT
471 485 0 20 0.373866775809 TT
334 474 0 20 0.373617724348 TT
195 220 0 20 0.373245978158 TT
157 430 0 20 0.372714511632 TT
189 419 0 20 0.372581848882 TT
143 198 0 20 0.372260655143 TT
189 460 0 20 0.372045174798 TT
59 186 0 20 0.371885162716 TT
180 428 0 20 0.371397022215 TT
38 64 0 20 0.371227262782 TT
7 228 0 20 0.371017454986 TT
7 54 0 20 0.370985569157 TT
202 208 0 20 0.370969813309 TT
8 46 0 20 0.370529151414 TT
557 562 0 20 0.370430851854 TT
53 64 0 20 0.370242933544 TT
5 258 0 20 0.370214395223 TT
7 69 0 20 0.369483029901 TT
47 439 0 20 0.369441281332 TT
158 430 0 20 0.369044562175 TT
279 283 0 20 0.368828281592 TT
186 451 0 20 0.36879180981 TT
184 195 0 20 0.368701256926 TT
181 423 0 20 0.36867041794 TT
190 423 0 20 0.368451658339 TT
151 158 0 20 0.368300244099 TT
411 485 0 20 0.367996204708 TT
8 157 0 20 0.367963165933 TT
553 568 0 20 0.367234668413 TT
129 152 0 20 0.3670904687 TT
184 428 0 20 0.366519548941 TT
234 532 0 20 0.366373985468 TT
182 423 0 20 0.366347021068 TT
440 450 0 20 0.364167248293 TT
186 432 0 20 0.364166819455 TT
558 562 0 20 0.364078120007 TT
142 201 0 20 0.363725282595 TT
418 462 0 20 0.363694305769 TT
420 432 0 20 0.363503732432 TT
1 2 0 20 0.363231605679 TT
178 418 0 20 0.362603588157 TT
13 54 0 20 0.362480383906 TT
321 200 0 20 0.362444596992 TD
152 158 0 20 0.362382572023 TT
195 216 0 20 0.361859146562 TT
42 72 0 20 0.361142989654 TT
181 432 0 20 0.360781983151 TT
186 428 0 20 0.360556955158 TT
1 61 0 20 0.360412766941 TT
36 43 0 20 0.360201813182 TT
351 372 0 20 0.36018944931 TT
491 142 0 20 0.359917282471 TD
157 439 0 20 0.359889431227 TT
398 542 0 20 0.359804041111 TT
187 197 0 20 0.359698342118 TD
410 486 0 20 0.35938456497 TT
208 170 0 20 0.35927195786 TD
131 170 0 20 0.359256077062 TT
235 248 0 20 0.359006773024 TT
69 135 0 20 0.358962292679 TT
537 543 0 20 0.358854625468 TT
507 520 0 20 0.358853719491 TT
290 283 0 20 0.358846150915 TD
121 153 0 20 0.357867961503 TT
466 488 0 20 0.357379668824 TT
567 575 0 20 0.357295631226 TT
516 521 0 20 0.356382113346 TT
397 400 0 20 0.355882024376 TT
546 131 0 20 0.355692998837 TD
54 208 0 20 0.355636050668 TD
195 284 0 20 0.355230686616 TT
55 64 0 20 0.355146568513 TT
131 545 0 20 0.354952030694 TD
245 259 0 20 0.354906773201 TT
9 258 0 20 0.354810920467 TT
532 538 0 20 0.353792459049 TT
545 538 0 20 0.353500508923 TD
208 346 0 20 0.353076701187 TT
330 343 0 20 0.352948157931 TT
320 200 0 20 0.352604565838 TD
201 209 0 20 0.352428884204 TT
410 493 0 20 0.352336137357 TT
166 177 0 20 0.351888048899 TT
11 54 0 20 0.351730126539 TT
185 428 0 20 0.350748355185 TT
337 474 0 20 0.350721310378 TT
398 427 0 20 0.350609758789 TT
203 170 0 20 0.350586956783 TD
189 422 0 20 0.350545526689 TT
374 387 0 20 0.350495824154 TT
130 133 0 20 0.350392375486 TT
492 536 0 20 0.350255327182 TT
198 205 0 20 0.350222577154 TT
56 64 0 20 0.349945316688 TT
507 521 0 20 0.349841530897 TT
201 421 0 20 0.349780827288 TT
188 461 0 20 0.349467098453 TT
240 258 0 20 0.349229951895 TT
207 17 0 20 0.348420884172 TD
162 180 0 20 0.348245537493 TT
46 64 0 20 0.34798363477 TT
421 435 0 20 0.34726879279 TT
425 431 0 20 0.34703551675 TT
189 423 0 20 0.347011265708 TT
133 581 0 20 0.346946971477 TT
397 428 0 20 0.346676900794 TT
391 435 0 20 0.346633284448 TT
208 230 0 20 0.346475401355 TT
146 157 0 20 0.346432320587 TD
208 61 0 20 0.346425203181 TD
188 423 0 20 0.346368239375 TT
421 200 0 20 0.346267608052 TD
198 209 0 20 0.346171875055 TT
489 537 0 20 0.345935320429 TT
186 419 0 20 0.345530328319 TT
192 423 0 20 0.345491390965 TT
179 195 0 20 0.344714184761 TT
35 43 0 20 0.343821832228 TT
320 195 0 20 0.34319969663 TD
137 423 0 20 0.343185554649 TT
436 69 0 20 0.342971908142 TD
70 188 0 20 0.342957709546 TT
70 562 0 20 0.342839048499 TT
330 335 0 20 0.342724723869 TT
471 493 0 20 0.342443479355 TT
61 135 0 20 0.342289294454 TT
509 520 0 20 0.341961356215 TT
541 543 0 20 0.341729126359 TD
335 440 0 20 0.341644692842 TT
198 460 0 20 0.341328067974 TT
69 148 0 20 0.341327699345 TD
62 416 0 20 0.341136017084 TT
348 372 0 20 0.340883267543 TT
89 103 0 20 0.340836165079 TT
423 459 0 20 0.340636921705 TT
155 281 0 20 0.34058286035 TT
239 255 0 20 0.340262136844 TT
157 11 0 20 0.340029740527 TD
146 158 0 20 0.340016975265 TD
155 157 0 20 0.339123138305 TT
283 16 0 20 0.338922366439 TD
469 474 0 20 0.338908937362 TT
121 168 0 20 0.338808432743 TT
397 429 0 20 0.338595954929 TT
130 155 0 20 0.337266859089 TT
503 521 0 20 0.337257465784 TT
146 195 0 20 0.336964380748 TT
216 540 0 20 0.336638675397 TT
50 69 0 20 0.336364362683 TT
320 198 0 20 0.335943491446 TD
157 160 0 20 0.33559366596 TT
277 292 0 20 0.335436539148 TT
415 428 0 20 0.335210143223 TT
8 211 0 20 0.335168502701 TD
188 419 0 20 0.335141839248 TT
187 198 0 20 0.335120207583 TD
95 440 0 20 0.334615039895 TT
419 471 0 20 0.334100726212 TT
323 410 0 20 0.33401263112 TT
423 458 0 20 0.333680514638 TT
102 200 0 20 0.333547308829 TT
13 47 0 20 0.333286805425 TT
10 48 0 20 0.333274703736 TT
185 432 0 20 0.333149582243 TT
198 204 0 20 0.333071121646 TT
70 189 0 20 0.332595648943 TT
33 134 0 20 0.332595484853 TT
184 188 0 20 0.33242912011 TT
204 466 0 20 0.332422401696 TT
277 287 0 20 0.332168626683 TT
187 448 0 20 0.332081126394 TT
470 490 0 20 0.331674825488 TT
330 337 0 20 0.331464716125 TT
54 69 0 20 0.331350918996 TT
6 283 0 20 0.331143226422 TD
117 134 0 20 0.331037770669 TT
492 537 0 20 0.330792926696 TT
154 281 0 20 0.330791640525 TD
131 136 0 20 0.330727126387 TT
330 339 0 20 0.330424013574 TT
389 70 0 20 0.330172790143 TD
207 51 0 20 0.329841239064 TD
82 129 0 20 0.329119718346 TD
69 139 0 20 0.328493042837 TT
187 195 0 20 0.32785701846 TD
8 54 0 20 0.327541322999 TT
515 529 0 20 0.327402491406 TT
437 470 0 20 0.327057715878 TT
188 197 0 20 0.326695983591 TT
408 490 0 20 0.326463509093 TT
321 347 0 20 0.326340464347 TT
210 51 0 20 0.326219685909 TD
247 259 0 20 0.326132088671 TT
178 195 0 20 0.325785508786 TT
160 177 0 20 0.32576473415 TT
157 159 0 20 0.325636406439 TT
321 197 0 20 0.325576508532 TD
119 134 0 20 0.325243878065 TT
143 68 0 20 0.325171552193 TD
277 288 0 20 0.325089552848 TT
81 130 0 20 0.324944228276 TD
562 566 0 20 0.324931396385 TD
10 286 0 20 0.324722439173 TD
125 134 0 20 0.324087540643 TT
122 134 0 20 0.323026779417 TT
408 491 0 20 0.322431786657 TT
109 463 0 20 0.32241253693 TT
398 547 0 20 0.322364790729 TT
128 474 0 20 0.322340089191 TT
34 43 0 20 0.322326008739 TT
188 445 0 20 0.321871785487 TT
506 520 0 20 0.321518315406 TT
146 194 0 20 0.321497541799 TT
69 144 0 20 0.321377416088 TD
132 159 0 20 0.321213788482 TT
157 158 0 20 0.321085907958 TT
176 337 0 20 0.321071964524 TT
96 440 0 20 0.320919190289 TT
212 48 0 20 0.320843842158 TD
348 143 0 20 0.32070033559 TD
127 474 0 20 0.320465564188 TT
374 389 0 20 0.320401687033 TT
349 373 0 20 0.32032958167 TT
9 201 0 20 0.32018212375 TT
9 198 0 20 0.32018212375 TT
398 426 0 20 0.320034395784 TT
470 481 0 20 0.319823815828 TT
145 68 0 20 0.319541938922 TD
188 210 0 20 0.319488539038 TT
192 283 0 20 0.319441305861 TT
81 131 0 20 0.319262491861 TD
72 159 0 20 0.319136277125 TT
321 198 0 20 0.31911912622 TD
53 435 0 20 0.319090003099 TT
186 427 0 20 0.318784282029 TT
495 532 0 20 0.318669652919 TT
495 504 0 20 0.318382271836 TT
387 73 0 20 0.318369514745 TD
319 354 0 20 0.318258822032 TT
126 133 0 20 0.318242405003 TT
13 162 0 20 0.317033567251 TT
182 432 0 20 0.316911214163 TT
408 542 0 20 0.316526074797 TT
72 135 0 20 0.31641895462 TT
199 208 0 20 0.31599416221 TT
48 148 0 20 0.315519069023 TD
207 232 0 20 0.315351316002 TT
506 521 0 20 0.314976592383 TT
418 425 0 20 0.314901663515 TT
70 186 0 20 0.314310919539 TT
198 237 0 20 0.314115007249 TT
147 195 0 20 0.313605801515 TT
348 373 0 20 0.313580657819 TT
4 431 0 20 0.313334563627 TT
320 410 0 20 0.313267514367 TT
201 422 0 20 0.313130989324 TT
161 177 0 20 0.312983526767 TT
17 154 0 20 0.312539847515 TD
12 54 0 20 0.312449027389 TT
219 440 0 20 0.311983489184 TT
124 133 0 20 0.311708384498 TT
560 572 0 20 0.311596969621 TT
101 201 0 20 0.311152815808 TT
200 423 0 20 0.311140524687 TT
272 290 0 20 0.310885440494 TT
70 145 0 20 0.310678938461 TD
187 201 0 20 0.310660436199 TT
232 542 0 20 0.310406776003 TT
438 69 0 20 0.310308733831 TD
448 61 0 20 0.309421141742 TD
113 133 0 20 0.308883502073 TT
431 445 0 20 0.30864001686 TD
398 544 0 20 0.30823107049 TT
24 48 0 20 0.308071595171 TD
529 534 0 20 0.307937744566 TT
155 159 0 20 0.30786568 TT
15 162 0 20 0.307849630113 TT
197 474 0 20 0.307536717028 TT
407 482 0 20 0.307410189581 TT
89 280 0 20 0.307380076274 TD
134 348 0 20 0.307374969844 TT
337 373 0 20 0.30730096371 TT
132 439 0 20 0.307258650402 TT
552 569 0 20 0.307148360848 TT
68 200 0 20 0.306958998681 TD
423 429 0 20 0.30695167158 TT
195 213 0 20 0.306825818572 TT
158 440 0 20 0.306416356065 TT
95 195 0 20 0.306045443616 TT
3 431 0 20 0.306004153094 TT
158 418 0 20 0.305787320743 TT
79 159 0 20 0.305625835384 TT
40 64 0 20 0.305622611922 TT
434 69 0 20 0.305540351198 TD
126 157 0 20 0.305211649372 TT
10 132 0 20 0.304875410473 TT
178 534 0 20 0.304481505874 TD
9 88 0 20 0.304400355237 TD
198 421 0 20 0.304310315361 TT
195 253 0 20 0.303676837664 TT
536 575 0 20 0.303273762263 TT
158 557 0 20 0.303226972636 TD
157 557 0 20 0.303226972636 TD
209 228 0 20 0.302544752444 TT
418 426 0 20 0.302338813162 TT
545 575 0 20 0.302091107751 TT
565 575 0 20 0.301712578286 TT
7 258 0 20 0.301044662431 TT
195 337 0 20 0.300981050307 TT
195 237 0 20 0.299281856188 TT
369 423 0 20 0.298448536936 TT
89 109 0 20 0.298358897122 TT
534 543 0 20 0.298333099515 TT
409 486 0 20 0.298248659139 TT
408 486 0 20 0.298248659139 TT
332 338 0 20 0.297133274334 TT
153 157 0 20 0.297027331651 TT
217 440 0 20 0.296509510292 TT
186 416 0 20 0.296286951587 TT
64 246 0 20 0.296040965521 TT
158 176 0 20 0.295881887676 TT
32 43 0 20 0.295758357632 TT
428 436 0 20 0.295608140399 TT
194 216 0 20 0.295597173749 TT
407 481 0 20 0.295557161437 TT
354 366 0 20 0.295248921462 TT
415 463 0 20 0.295230878146 TT
103 201 0 20 0.29512681147 TT
352 369 0 20 0.295031105003 TT
182 195 0 20 0.294884337542 TT
492 532 0 20 0.294753706989 TT
64 245 0 20 0.294577539728 TT
509 521 0 20 0.29397440122 TT
427 515 0 20 0.293396638769 TT
398 429 0 20 0.293345448686 TT
127 133 0 20 0.293284901168 TT
442 339 0 20 0.293126211386 TD
158 178 0 20 0.293006267798 TT
29 134 0 20 0.29297343892 TT
48 144 0 20 0.292594379754 TD
537 540 0 20 0.292554659364 TT
216 541 0 20 0.291991128844 TT
219 268 0 20 0.291757225718 TT
103 195 0 20 0.291739564392 TT
338 436 0 20 0.291692065113 TT
194 474 0 20 0.291660004289 TT
121 134 0 20 0.291555081796 TT
201 210 0 20 0.291500406965 TT
336 432 0 20 0.290927808498 TT
32 133 0 20 0.290694242177 TT
2 61 0 20 0.290477543731 TT
203 348 0 20 0.289466891389 TT
208 349 0 20 0.289180873316 TT
5 54 0 20 0.28858573209 TT
335 432 0 20 0.287603805525 TT
186 450 0 20 0.287257357975 TT
100 146 0 20 0.286413629079 TT
48 138 0 20 0.286263573811 TT
546 570 0 20 0.285951094252 TT
397 425 0 20 0.285711985736 TT
195 251 0 20 0.285515094297 TT
198 210 0 20 0.28544687622 TT
489 534 0 20 0.285416369322 TT
228 260 0 20 0.285150369237 TT
150 158 0 20 0.284665611529 TT
184 191 0 20 0.284434602112 TT
7 8 0 20 0.28427854821 TT
205 348 0 20 0.284192630673 TT
127 162 0 20 0.283852262489 TT
233 530 0 20 0.283848492197 TT
44 72 0 20 0.283828024161 TT
121 160 0 20 0.283366548243 TT
398 549 0 20 0.283338551526 TT
186 425 0 20 0.283109108892 TT
48 67 0 20 0.282993458488 TT
338 371 0 20 0.282763994292 TT
410 490 0 20 0.282651914313 TT
8 254 0 20 0.282599886766 TT
268 418 0 20 0.281813598452 TT
532 535 0 20 0.281564105366 TT
250 258 0 20 0.28114684008 TT
157 566 0 20 0.281102145366 TT
346 471 0 20 0.280659979442 TT
562 572 0 20 0.280524095855 TT
221 419 0 20 0.280278013342 TT
191 446 0 20 0.280221027254 TT
411 493 0 20 0.28011018213 TT
416 463 0 20 0.279565349362 TT
121 166 0 20 0.279343169092 TT
15 121 0 20 0.279264031673 TT
52 210 0 20 0.27854047984 TD
338 358 0 20 0.278536697276 TT
244 252 0 20 0.278499641387 TD
135 158 0 20 0.278012785616 TT
409 485 0 20 0.277592511337 TT
455 339 0 20 0.277447088621 TD
432 449 0 20 0.277092184579 TT
556 562 0 20 0.277040351892 TT
118 158 0 20 0.276881444323 TT
121 163 0 20 0.276802471353 TT
470 489 0 20 0.276244182551 TT
157 185 0 20 0.276035261328 TT
215 541 0 20 0.275685994064 TT
452 339 0 20 0.27557006719 TD
7 155 0 20 0.275546281551 TT
418 459 0 20 0.274947942461 TT
189 209 0 20 0.274945773454 TT
417 462 0 20 0.274733399008 TT
177 184 0 20 0.274399132221 TT
177 420 0 20 0.274365620668 TT
9 162 0 20 0.274263306033 TT
113 134 0 20 0.274086149695 TT
533 536 0 20 0.273903086036 TT
55 61 0 20 0.273874813507 TT
198 423 0 20 0.273667587114 TT
1 247 0 20 0.27333994282 TT
419 432 0 20 0.273317498914 TT
180 440 0 20 0.273246823535 TT
200 337 0 20 0.273243996756 TT
418 431 0 20 0.273189064607 TT
493 540 0 20 0.273163843535 TT
397 521 0 20 0.272902337604 TT
233 532 0 20 0.27272038595 TT
343 440 0 20 0.272625050483 TT
332 337 0 20 0.272557263714 TT
123 162 0 20 0.272424603695 TT
419 513 0 20 0.272152176104 TT
146 180 0 20 0.27209647958 TT
158 185 0 20 0.272060592567 TT
409 494 0 20 0.271947723012 TT
179 188 0 20 0.271937022669 TT
197 337 0 20 0.271597968366 TT
254 259 0 20 0.271257574649 TT
191 460 0 20 0.271211304042 TT
423 512 0 20 0.271072199144 TT
208 345 0 20 0.2710347228 TT
208 233 0 20 0.270922444733 TT
130 545 0 20 0.270841185214 TD
546 130 0 20 0.270841185214 TD
208 350 0 20 0.270811943872 TT
31 43 0 20 0.270810036057 TT
422 435 0 20 0.270462679418 TT
418 505 0 20 0.270395945285 TT
189 449 0 20 0.270242943385 TT
493 539 0 20 0.270070070926 TT
469 492 0 20 0.270051319318 TT
40 61 0 20 0.270025631956 TT
188 428 0 20 0.269687746199 TT
183 188 0 20 0.269655614928 TT
105 201 0 20 0.269625797745 TT
179 423 0 20 0.269509329102 TT
157 179 0 20 0.269387061066 TT
314 351 0 20 0.268884603518 TT
180 186 0 20 0.268408002377 TT
7 60 0 20 0.268141701265 TT
374 411 0 20 0.267894113653 TT
9 43 0 20 0.267881455005 TT
492 539 0 20 0.2676516232 TT
1 96 0 20 0.267606266676 TT
442 337 0 20 0.267328333704 TD
5 48 0 20 0.267296013133 TT
47 435 0 20 0.267278434886 TT
187 466 0 20 0.267184618614 TD
235 411 0 20 0.267169837525 TT
319 350 0 20 0.26665026766 TT
337 371 0 20 0.266399708327 TT
546 539 0 20 0.266038870941 TD
14 129 0 20 0.265953746351 TT
69 209 0 20 0.265703229624 TT
398 546 0 20 0.265334208283 TT
471 486 0 20 0.264722461981 TT
234 530 0 20 0.264513590758 TT
398 543 0 20 0.264436611994 TT
99 201 0 20 0.264242582854 TT
2 258 0 20 0.264104609882 TT
205 349 0 20 0.263566074138 TT
15 129 0 20 0.263272469186 TT
39 64 0 20 0.262809953909 TT
158 553 0 20 0.262808010424 TD
104 195 0 20 0.262795663578 TT
194 462 0 20 0.262731358113 TT
112 158 0 20 0.262376197934 TT
80 456 0 20 0.262372552301 TT
17 189 0 20 0.26215769982 TT
335 410 0 20 0.262108119448 TT
546 575 0 20 0.26166298099 TT
186 430 0 20 0.261507052467 TT
102 459 0 20 0.261406279665 TT
202 348 0 20 0.261274327789 TT
351 373 0 20 0.261176599542 TT
67 145 0 20 0.261122154569 TD
4 258 0 20 0.260877995237 TT
195 238 0 20 0.260862808197 TT
132 156 0 20 0.260719029671 TT
398 525 0 20 0.260650082345 TT
191 454 0 20 0.260532703663 TT
186 420 0 20 0.260054689626 TT
194 198 0 20 0.260045135566 TT
458 463 0 20 0.259924084038 TT
198 206 0 20 0.259781992156 TT
9 75 0 20 0.259681823469 TT
240 259 0 20 0.259491754606 TT
154 157 0 20 0.259322486028 TT
176 338 0 20 0.258934056148 TT
464 523 0 20 0.258926872379 TT
109 466 0 20 0.258629254349 TT
8 161 0 20 0.258616826018 TT
60 137 0 20 0.258202344029 TT
144 438 0 20 0.258150511835 TT
286 283 0 20 0.258092377096 TD
72 543 0 20 0.25808423962 TT
333 435 0 20 0.258034016173 TT
348 469 0 20 0.257848112427 TT
182 188 0 20 0.257844415821 TT
29 133 0 20 0.25782064306 TT
9 129 0 20 0.257652464951 TT
482 537 0 20 0.257620411038 TT
143 67 0 20 0.257486825315 TD
338 374 0 20 0.257173769098 TT
532 539 0 20 0.256932312858 TT
452 337 0 20 0.256871055228 TD
216 222 0 20 0.256762167617 TT
69 208 0 20 0.256504944415 TD
494 536 0 20 0.256449899126 TT
62 348 0 20 0.25603456913 TT
347 372 0 20 0.255802730353 TT
539 541 0 20 0.25578270999 TT
15 26 0 20 0.255738516673 TT
1 70 0 20 0.255724001398 TT
156 270 0 20 0.255523005928 TT
158 188 0 20 0.255371881127 TT
59 229 0 20 0.254966105073 TD
70 129 0 20 0.254906136635 TT
47 440 0 20 0.254895820952 TT
54 68 0 20 0.254605905448 TT
72 421 0 20 0.254580514232 TT
111 157 0 20 0.254533032021 TT
491 143 0 20 0.254499951102 TD
319 348 0 20 0.25438968884 TT
26 134 0 20 0.254373113605 TT
9 449 0 20 0.254372926166 TD
158 561 0 20 0.25408565703 TT
1 248 0 20 0.253928026401 TT
80 458 0 20 0.253914337693 TT
69 147 0 20 0.253914154589 TD
475 200 0 20 0.253732555315 TD
154 198 0 20 0.253682390631 TD
191 461 0 20 0.253613567697 TT
169 201 0 20 0.252949719828 TT
233 239 0 20 0.252846841204 TT
156 330 0 20 0.252647734231 TT
28 134 0 20 0.252640275212 TT
581 532 0 20 0.252557345627 TD
186 199 0 20 0.252404982018 TT
320 225 0 20 0.252262812063 TD
420 440 0 20 0.25223673976 TT
16 48 0 20 0.251840593371 TD
348 374 0 20 0.251758159378 TT
493 534 0 20 0.251653941685 TT
408 482 0 20 0.251572079545 TT
418 8 0 20 0.251328576919 TD
125 133 0 20 0.251258256561 TT
75 543 0 20 0.251234544816 TT
206 60 0 20 0.251154032417 TD
203 60 0 20 0.251154032417 TD
121 161 0 20 0.251151895047 TT
421 198 0 20 0.251092894641 TD
16 157 0 20 0.251041432219 TD
157 199 0 20 0.251033653217 TD
199 463 0 20 0.250872098444 TT
115 158 0 20 0.250728699889 TT
440 445 0 20 0.250623536895 TT
8 213 0 20 0.250427680957 TD
89 108 0 20 0.250421888559 TT
47 438 0 20 0.250286712772 TT
149 191 0 20 0.2502686194 TT
62 349 0 20 0.25021680809 TT
566 129 0 20 0.250155722584 TD
157 440 0 20 0.250114977174 TT
54 209 0 20 0.250079039126 TD
421 562 0 20 0.249924706628 TT
198 458 0 20 0.24964397816 TT
61 209 0 20 0.249643004088 TD
27 133 0 20 0.249579146235 TT
553 561 0 20 0.249285366184 TT
270 418 0 20 0.249277099897 TT
345 471 0 20 0.249267260265 TT
562 570 0 20 0.249219283573 TT
45 61 0 20 0.249131008658 TT
180 432 0 20 0.249080670572 TT
421 462 0 20 0.248967512771 TT
418 432 0 20 0.248961306732 TT
221 230 0 20 0.248893857086 TT
8 212 0 20 0.248890020625 TD
27 134 0 20 0.248804686031 TT
581 529 0 20 0.248506174329 TD
139 158 0 20 0.248403181956 TT
336 431 0 20 0.248256403659 TT
228 231 0 20 0.248192767277 TT
