CLASS 0.00988523054784 0.00505213114439 0.00596584375633
CLASS 0.00516371496618 0.0041957072787 0.00406135460253
CLASS 0.00487085394041 0.00453566061457 0.00376291873649
CLASS 0.00615669377146 0.00515838589255 0.00462538370895
CLASS 0.00926822719838 0.00503658712623 0.00361455087341
CLASS 0.00864202010634 0.00473627609352 0.00506471575244
CLASS 0.00551447808804 0.00730276642876 0.00483457636882
CLASS 0.00616627072168 0.00533518395705 0.00531985431515
CLASS 0.0062255163412 0.0054657642942 0.00506138833791
CLASS 0.0101354928073 0.00608082986961 0.00530250396332
CLASS 0.012373345667 0.00656502651315 0.00476055459642
CLASS 0.00739540148073 0.00460299196949 0.00431591738194
CLASS 0.00711246622435 0.00488273270041 0.00422183853282
CLASS 0.00841819210173 0.005928492205 0.00525780215139
CLASS 0.00952314511498 0.00479953769802 0.00427964492341
CLASS 0.00491749619409 0.0039568534055 0.00393706178669
CLASS 0.00595207277808 0.00476294887771 0.00467374590256
CLASS 0.00527551423872 0.00407846772086 0.00365631877619
CLASS 0.00817091118056 0.00512857498928 0.00557709416135
CLASS 0.010731548358 0.00504889798715 0.00508773072361
CLASS 0.00471551079166 0.00413384973968 0.00354604680316
CLASS 0.00415928730512 0.00397897817249 0.00349000254247
CLASS 0.00465510180381 0.00422273459078 0.00407913440456
CLASS 0.00604896343554 0.00501201174188 0.00480367243274
CLASS 0.00935513176038 0.00607399706343 0.00526837832468
CLASS 0.00596474999569 0.00483055199876 0.00426783739096
CLASS 0.00835856916279 0.00572080543544 0.00569640674125
CLASS 0.00807552599191 0.00503060207102 0.00478184544496
CLASS 0.00872195358568 0.00480457087141 0.00536343463107
CLASS 0.00847077923335 0.00540322651996 0.00540548574479
CLASS 0.0124178261194 0.00507585048668 0.0042186888943
CLASS 0.00909804775314 0.00529534153161 0.00566584449979
CLASS 0.0096478102932 0.00588066430006 0.0061055135022
CLASS 0.00589575456462 0.00407510874213 0.00489865511698
CLASS 0.00627125353306 0.00481403460471 0.0046510887617
CLASS 0.00975395387217 0.00724707778495 0.00639458049014
CLASS 0.0117522790807 0.00656982732054 0.00531987243623
CLASS 0.0090960214965 0.00582949031373 0.00553902691603
CLASS 0.00844377661616 0.00496344162738 0.00494112057803
CLASS 0.00831676932263 0.00457753027213 0.00483611018915
CLASS 0.00825849829352 0.00469436083546 0.00479500780821
CLASS 0.00768621774665 0.00550460359863 0.00550483639045
CLASS 0.0104359268172 0.00673952145342 0.00595284471512
CLASS 0.00941269588143 0.00412207866799 0.0045681281076
CLASS 0.00651891362262 0.00510975524626 0.00473563212677
CLASS 0.00713840265235 0.00446551385826 0.00468815667899
CLASS 0.00517909279384 0.00397547103319 0.00406808761763
CLASS 0.00664153544058 0.00447673046556 0.00538438371437
CLASS 0.00573424390651 0.00412188808813 0.00397797612663
CLASS 0.00826962184633 0.0060517062519 0.00651389374082
CLASS 0.00577950444433 0.00480682346716 0.00455606925186
CLASS 0.00919798576057 0.00604379246731 0.00662842244282
CLASS 0.00877204894327 0.00478801925735 0.00508807136891
CLASS 0.00841946585067 0.00584582412846 0.0057621859209
CLASS 0.00900897434316 0.0045375465711 0.00503707557251
CLASS 0.0106043060213 0.00812755502968 0.006402228581
CLASS 0.00948978435207 0.00502678018997 0.0050766605193
CLASS 0.00781130443821 0.00481099398801 0.00496013756886
CLASS 0.0111372527292 0.0052250732366 0.00535610770232
CLASS 0.0069418926168 0.0045685440179 0.00454257657556
CLASS 0.0112232548821 0.00450472505554 0.00453906155533
CLASS 0.00831753975723 0.00460063570735 0.00523530826802
CLASS 0.00887309887892 0.00556688387361 0.00561772321604
CLASS 0.0092579430478 0.00514382516816 0.00538539945874
CLASS 0.00862849102458 0.00768259833179 0.00593607609303
CLASS 0.00908280705447 0.00455288060189 0.00441738923327
CLASS 0.00970260649099 0.00537231828755 0.00391398248727
CLASS 0.00781661519012 0.00568674388153 0.00505839284193
CLASS 0.0109870424683 0.00541902047186 0.00568560341026
CLASS 0.00762369840768 0.00515998563192 0.00418957954984
CLASS 0.00721384184887 0.00397467124834 0.00365527040598
CLASS 0.0102553568456 0.00493710129271 0.00618222244372
CLASS 0.0099171300016 0.00643052492283 0.00563535205285
CLASS 0.00610873320594 0.00434963318194 0.00394630334387
CLASS 0.00371335341545 0.00386800819245 0.00339898238679
CLASS 0.00864788711517 0.00542979610726 0.00549235185021
CLASS 0.00649379947199 0.00542720309536 0.00520211839867
CLASS 0.00788034844463 0.00511164661559 0.00537809494841
CLASS 0.00869941147851 0.00507340693542 0.00461867346833
CLASS 0.00724544287585 0.00435602478315 0.00452181894464
CLASS 0.00955978152886 0.00567776309241 0.00601101814599
CLASS 0.0105831629882 0.00476899570713 0.00380797327627
CLASS 0.00716396859223 0.00528134870446 0.00492808232496
CLASS 0.00930053384256 0.00464122117101 0.00504274755984
CLASS 0.00646462151995 0.00553641343088 0.00522847919651
CLASS 0.0072378412589 0.00475785234705 0.00340788549963
CLASS 0.0109212955889 0.00510076976332 0.0053522695516
CLASS 0.00669218093746 0.00501832482885 0.00497130576416
CLASS 0.00822794537412 0.00468322073087 0.00406534270654
CLASS 0.00607763705778 0.00416432697417 0.00425275598117
CLASS 0.00676973568074 0.00414335364262 0.00393171485839
CLASS 0.0076885252053 0.00671955528219 0.00543206077018
CLASS 0.00968929045631 0.00437702066368 0.00454057266263
CLASS 0.0108150928263 0.0058849973123 0.00528298457901
CLASS 0.00766034431448 0.00463130558503 0.00491325845199
CLASS 0.00862965428164 0.00630213892796 0.00641393015186
CLASS 0.00613121684474 0.00427849578315 0.00479634309257
CLASS 0.00816508617189 0.00533007510463 0.00466237506599
CLASS 0.0130417665822 0.00614350476917 0.00436596844351
CLASS 0.0091325804583 0.00521355340927 0.00581236760462
CLASS 0.007064768577 0.00407406899643 0.00411537278107
CLASS 0.00867357469887 0.00447921917699 0.00463674818141
CLASS 0.008215574333 0.004607789994 0.00517734618645
CLASS 0.0072563988507 0.00460345569813 0.00471690438904
CLASS 0.00951053238139 0.00515543748622 0.00608673198158
CLASS 0.00684080154715 0.00423227365726 0.00452285079716
CLASS 0.0106987386884 0.00624256380247 0.00509718206496
CLASS 0.007035732459 0.00472175877965 0.00407809429569
CLASS 0.00982453781578 0.00634860324191 0.00528876441306
CLASS 0.00592676787211 0.00481664687822 0.00485412832894
CLASS 0.00602027142948 0.0047810931899 0.00420760572978
CLASS 0.0061302423997 0.00401427827533 0.00380389462604
CLASS 0.00531643619429 0.00413553409534 0.00391401128327
CLASS 0.00684622073852 0.00561175933316 0.00491885749713
CLASS 0.00693357205788 0.00466999233995 0.00431551624218
CLASS 0.00696262592773 0.0052480890422 0.00457452545329
CLASS 0.0111311750025 0.00567675732929 0.006141686234
CLASS 0.00554364825686 0.00496063845201 0.00467289176808
CLASS 0.00787707843913 0.00502838394722 0.00466257117511
CLASS 0.00938954170241 0.00566266403548 0.00514261803241
CLASS 0.00662629423556 0.00514503773201 0.00480642263117
CLASS 0.00725014566271 0.0050325499511 0.0052574995024
CLASS 0.00600691672601 0.00444378320674 0.00437801697659
CLASS 0.00751859625705 0.00423145182272 0.0043356772265
CLASS 0.00635869368109 0.00472599127458 0.00486695094875
CLASS 0.0119341063828 0.00514210644283 0.00434247997433
CLASS 0.00891159915747 0.00528727488207 0.00649396487287
CLASS 0.0075040278373 0.00520115874702 0.00353187411033
CLASS 0.00677966295724 0.00527145565265 0.0049292592233
CLASS 0.00891063570492 0.00510309916113 0.00604490951621
CLASS 0.00525697566017 0.00427791566958 0.00405331479758
CLASS 0.00738493578615 0.00482958997157 0.0039096016623
