CLASS 0.00885077084949 0.00523845735361 0.00569431524633
CLASS 0.00662010219147 0.00448049107556 0.00452367663842
CLASS 0.00441842025438 0.00470281943937 0.00377447422563
CLASS 0.00567239608672 0.00508429710595 0.00475742051567
CLASS 0.00976351715381 0.00501154870438 0.00371007596441
CLASS 0.00768368603764 0.00492740046091 0.00474783137706
CLASS 0.00615885780939 0.00669557432171 0.00492022182505
CLASS 0.00551631630354 0.0057940355225 0.00552443620084
CLASS 0.00666395747362 0.00539390007077 0.00496110520203
CLASS 0.00897651786006 0.00599762938367 0.0052744270111
CLASS 0.0106754325194 0.00608956424941 0.00502987484767
CLASS 0.00900471913675 0.00484470304905 0.0047701486521
CLASS 0.00784585229994 0.00478399450452 0.00432772951049
CLASS 0.00751912462809 0.00590270368267 0.00563359135716
CLASS 0.00833188833038 0.00485005489509 0.00447187238095
CLASS 0.00587532341724 0.00439199536783 0.00445674974428
CLASS 0.00629908756149 0.00474414823157 0.00476438893683
CLASS 0.00527183895347 0.0041127921256 0.00377012434249
CLASS 0.00771109284563 0.00526829294589 0.00540057811483
CLASS 0.00945659951176 0.00505558715278 0.00507285729457
CLASS 0.00548000623195 0.00433183239776 0.00385856907461
CLASS 0.0036223769274 0.00418500196761 0.00352628170105
CLASS 0.00458008543399 0.00437359184968 0.00427234243136
CLASS 0.00662521006657 0.00512168595816 0.00520306360286
CLASS 0.00843460127902 0.00576416928255 0.0050878495284
CLASS 0.00657693099473 0.00510527320868 0.00458600269508
CLASS 0.00706370983145 0.00549907699318 0.00526934997679
CLASS 0.00748011255728 0.005157891467 0.00469709585816
CLASS 0.00774115615071 0.00484177817009 0.00533099513371
CLASS 0.00818166921136 0.00554959700614 0.00512460692863
CLASS 0.00991857748971 0.00493683543624 0.0045562384496
CLASS 0.00891257824278 0.00539574421866 0.00560777400629
CLASS 0.00842535613293 0.00598943765926 0.00573212041165
CLASS 0.00665902512091 0.00453065075446 0.00527964162585
CLASS 0.00679772219271 0.00506700055833 0.00497770032831
CLASS 0.00872493750012 0.00651659354539 0.00600863795418
CLASS 0.00988251329999 0.00606358725149 0.00494330683866
CLASS 0.00747873527986 0.00572732579029 0.00549591272206
CLASS 0.00770529549147 0.00504066226833 0.00466612520244
CLASS 0.00805439219338 0.00463427823175 0.00508856821071
CLASS 0.00731212568532 0.00460342525192 0.00455221418909
CLASS 0.00740918024792 0.00545065706977 0.00537721868208
CLASS 0.0088289495953 0.00652162738529 0.005678937489
CLASS 0.00879054976385 0.0043294898159 0.00454199883922
CLASS 0.00749433187604 0.00542069125114 0.00502657237463
CLASS 0.00813730504077 0.00455544539695 0.00469090488372
CLASS 0.0050628574151 0.00403960115388 0.00394732701716
CLASS 0.00761987934333 0.00463889012524 0.00556095258228
CLASS 0.0047044281738 0.00428590307739 0.00413284504755
CLASS 0.00731274062181 0.00581104397625 0.0059039163678
CLASS 0.00573493359604 0.00471651585831 0.00479307226393
CLASS 0.00799013316937 0.00558865697294 0.00604993264844
CLASS 0.00983109988463 0.00520591883889 0.00547268466261
CLASS 0.00744565362087 0.00580421713855 0.00569387803949
CLASS 0.00783235376324 0.00446344300387 0.00477863376276
CLASS 0.00877574384205 0.00717587344862 0.0057552538771
CLASS 0.00821871217567 0.00520872331917 0.0050613461192
CLASS 0.00713663585993 0.00485824244503 0.00510053211429
CLASS 0.0093098980503 0.00533083834267 0.00512677160241
CLASS 0.00707530656972 0.00451557997546 0.00470306711051
CLASS 0.010588456241 0.00492455049095 0.00468058004095
CLASS 0.00779247817059 0.00444901912467 0.00482352686637
CLASS 0.00793128602614 0.00574240580791 0.00557028701771
CLASS 0.00841577417271 0.00534405239327 0.0053671496564
CLASS 0.00746623579486 0.00704989239788 0.00555714639123
CLASS 0.00851712859403 0.004618412765 0.00461007481439
CLASS 0.00870389790969 0.00527650417078 0.00410807951324
CLASS 0.00821168603758 0.00618956297098 0.00568596888358
CLASS 0.00917135794933 0.00550937200335 0.00571649352858
CLASS 0.0077885079205 0.00524465062611 0.0044721884765
CLASS 0.00654871003971 0.00409264225312 0.00388707553048
CLASS 0.0109118351592 0.0049944579787 0.00596292463807
CLASS 0.00875846166581 0.00612583757336 0.00541958704734
CLASS 0.0072826556823 0.00431439920368 0.00414472794163
CLASS 0.00534923638809 0.00398636258773 0.00332372419554
CLASS 0.00946508943385 0.00584622601981 0.00602277514094
CLASS 0.00634312742153 0.00526445074101 0.0050544954851
CLASS 0.0069195165837 0.00500259224587 0.00516035168441
CLASS 0.00785289559421 0.00473641050983 0.00438150512034
CLASS 0.00692771033831 0.0044522695911 0.0044329270023
CLASS 0.00826042575059 0.00586206894203 0.00557838446672
CLASS 0.0101509407973 0.00467820730889 0.00415383199641
CLASS 0.00669040725545 0.00545559960834 0.00489866597362
CLASS 0.00920512179197 0.00465188988182 0.00484552419024
CLASS 0.00603748401731 0.00542136862177 0.00518790559592
CLASS 0.00665450380803 0.0046764017567 0.00390479932571
CLASS 0.00981528387928 0.00513566312775 0.00533144976594
CLASS 0.00676331452675 0.0051840074241 0.00518916494887
CLASS 0.00979898482359 0.00495292692371 0.00438479161072
CLASS 0.00655000014109 0.0043768823272 0.0042479223673
CLASS 0.00773816223199 0.00435384228059 0.00428616003996
CLASS 0.00782439511549 0.00632094971714 0.00572913239808
CLASS 0.00838249061597 0.00440223741745 0.00434235906791
CLASS 0.00924791960069 0.00569216423015 0.00513172676018
CLASS 0.00745845710961 0.00510294703813 0.00507522431023
CLASS 0.00843665854646 0.00624488014355 0.00625048713046
CLASS 0.00686669824811 0.00441568528504 0.00489669467295
CLASS 0.00793317690204 0.00539092602052 0.00447566297331
CLASS 0.0108308380566 0.00597339889719 0.00413963844442
CLASS 0.00811881572164 0.00542763281944 0.00564385455059
CLASS 0.00730674048632 0.00435591392976 0.00460993414835
CLASS 0.00859227159075 0.00450980080353 0.00493042471141
CLASS 0.00795849782421 0.00467801341876 0.00513442383082
CLASS 0.00793614800707 0.00484570516006 0.00497036422198
CLASS 0.00803840087334 0.00501003034546 0.0058390102196
CLASS 0.00765323818917 0.0045324097886 0.00480524060608
CLASS 0.00859235783762 0.0059137019257 0.00507261726797
CLASS 0.00667636150543 0.00494171628342 0.004117409849
CLASS 0.00882808446098 0.00586170410298 0.00524244405669
CLASS 0.00607076062735 0.00493913273859 0.00486116242509
CLASS 0.00582216869248 0.00495949573519 0.0044847432782
CLASS 0.00663102642769 0.00428922532949 0.00422530237925
CLASS 0.00520716600925 0.00437343872881 0.00412560920012
CLASS 0.00671064569678 0.00565696635167 0.00507457329058
CLASS 0.00647576724289 0.00493844114976 0.00450201499043
CLASS 0.00619203966205 0.00524932016497 0.00471923729102
CLASS 0.00919824080685 0.00556609240994 0.00571548988305
CLASS 0.00569309867023 0.00508882143459 0.00462436866767
CLASS 0.00710157193355 0.00505762171462 0.00454920318544
CLASS 0.00744569302736 0.00536202822175 0.0048319040872
CLASS 0.00707630815925 0.00521013239477 0.00507662967488
CLASS 0.0064088342257 0.0051999663249 0.00505995237422
CLASS 0.00647087046038 0.00456832118476 0.00470636443286
CLASS 0.00745420060239 0.00452372125518 0.00466988960369
CLASS 0.00661829489521 0.00503559964534 0.00511869899221
CLASS 0.00991796610162 0.00501273379522 0.00460651416265
CLASS 0.00760444138981 0.00534576285809 0.00635890479555
CLASS 0.00717461736312 0.00522484297172 0.00362246216642
CLASS 0.00728240372152 0.00537892541244 0.00503132297473
CLASS 0.00793804507135 0.00501493425758 0.00552106570738
CLASS 0.00583691410904 0.00444866148465 0.00421345162427
CLASS 0.00807381642454 0.00502745864112 0.00426143900786
