CLASS 0.0177813989009 0.017012564597 0.0180041360745
CLASS 0.0117488283716 0.0123942838516 0.0103856173248
CLASS 0.0157317668305 0.0158763063706 0.0148687847166
CLASS 0.01282059432 0.0151139147188 0.0154549636836
CLASS 0.0142940607778 0.0148786561279 0.0110476293251
CLASS 0.0185024639704 0.0186046840579 0.018828785349
CLASS 0.0181007108081 0.0193972716405 0.0175634543504
CLASS 0.0114646620683 0.011438445994 0.0122325904124
CLASS 0.0192490473022 0.0159794323675 0.0178131712011
CLASS 0.020111280563 0.0170842154737 0.0173302791371
CLASS 0.0195907815373 0.0184438220271 0.0182745778352
CLASS 0.017725420461 0.0132229968353 0.0106926012058
CLASS 0.0133330963362 0.0134936053444 0.0120780096469
CLASS 0.0175870814082 0.0170461195539 0.0166384095153
CLASS 0.018799343495 0.0155824002997 0.0165774571727
CLASS 0.0172761049177 0.0157481876189 0.0168742272275
CLASS 0.018407453135 0.0135598165379 0.0170296456678
CLASS 0.015219491855 0.0144984750762 0.0158661538168
CLASS 0.0177052952942 0.0152758179732 0.0164400423182
CLASS 0.0155528608671 0.0156974240652 0.0148380916432
CLASS 0.0143829368014 0.0145653610713 0.0145608471881
CLASS 0.00417281822592 0.0121357282018 0.012892841898
CLASS 0.0152125713244 0.0155857538196 0.0143849577365
CLASS 0.0173959372699 0.0151789406885 0.0152701289255
CLASS 0.0183674043744 0.0186441420872 0.0177023468493
CLASS 0.0136054311581 0.0141032041799 0.0120256080994
CLASS 0.0192303988135 0.0172467960794 0.0176802270584
CLASS 0.0160600930811 0.0152435855172 0.0149320650412
CLASS 0.018429490146 0.0177823074793 0.0174564351054
CLASS 0.019748651016 0.017498893974 0.0187293753771
CLASS 0.0196859272279 0.0162824608588 0.0175612955231
CLASS 0.0179439341965 0.0133251415961 0.0145132332301
CLASS 0.0197145217237 0.0182745348419 0.0179446808929
CLASS 0.0119200495597 0.0125905315544 0.0116772409628
CLASS 0.0134141253228 0.0120973220636 0.0125321350813
CLASS 0.0195612155023 0.019312565686 0.0179247687856
CLASS 0.0203905801148 0.0181190855553 0.018424769673
CLASS 0.0180714979864 0.0176803822659 0.0172095142597
CLASS 0.0167761127842 0.018046255528 0.0158566640991
CLASS 0.0148152841332 0.0144175378311 0.0124380228068
CLASS 0.0181453846631 0.0169112593606 0.0164784609673
CLASS 0.0182578611706 0.017012564718 0.0164008369291
CLASS 0.0204189196526 0.0197795410689 0.0200138396854
CLASS 0.0195594644925 0.0187187708274 0.018232685817
CLASS 0.0130874803845 0.0119676330458 0.0112281177138
CLASS 0.0155632897252 0.0120717971811 0.0109704861846
CLASS 0.0115570742191 0.0127106622353 0.0121329167621
CLASS 0.0179293990193 0.0155888186785 0.016561419134
CLASS 0.0189765755061 0.0148117280431 0.0166189704674
CLASS 0.0175283011604 0.016880601731 0.0171109721797
CLASS 0.0134984103648 0.0137856148954 0.012913246646
CLASS 0.0188079535779 0.0174596311607 0.0182260238428
CLASS 0.0124305223093 0.0119711557321 0.0124591727129
CLASS 0.0160723174601 0.0177527087456 0.0165324432515
CLASS 0.0174849834978 0.0174823104705 0.0158274345997
CLASS 0.0199519199415 0.0192209278254 0.0187660561086
CLASS 0.01837058399 0.0174214928743 0.0164767241728
CLASS 0.0203819636879 0.0137968937045 0.0154331721088
CLASS 0.0191107072346 0.0168730909783 0.014879074997
CLASS 0.0130662170519 0.0118217819538 0.0114443200215
CLASS 0.0184867812709 0.0162114776614 0.0147363343974
CLASS 0.0187625594028 0.0182657207279 0.0177526241875
CLASS 0.0182850291278 0.0173163955559 0.0175476220405
CLASS 0.018644052022 0.0177946668376 0.0171002194709
CLASS 0.0188836471294 0.0190238524496 0.0194340291088
CLASS 0.0191375405866 0.0130728791689 0.0138291392566
CLASS 0.0171565622921 0.0165180716893 0.016014733929
CLASS 0.0131304336891 0.0124982009257 0.0111966230435
CLASS 0.0182860483337 0.0184535623205 0.0170107257304
CLASS 0.0153163908813 0.0137526447849 0.0152452604275
CLASS 0.0171222794912 0.0152556737923 0.0159526881377
CLASS 0.0154788944307 0.0130978577701 0.0137085947755
CLASS 0.017434074981 0.0177246262597 0.0163096384919
CLASS 0.0143749766076 0.0136056761739 0.0105476073895
CLASS 0.0123724047381 0.0141384933044 0.0150558378817
CLASS 0.014316909826 0.0120926239575 0.0107329413447
CLASS 0.0180122927469 0.0162247875391 0.0162017700787
CLASS 0.0159214149943 0.0183110213196 0.0160945835616
CLASS 0.0170885911753 0.0146594979229 0.0156856455149
CLASS 0.0138564515633 0.0134723706467 0.0133285841227
CLASS 0.0193166159572 0.0197853647363 0.0184484940605
CLASS 0.0170054418704 0.0130218593463 0.0125542096395
CLASS 0.0166365324133 0.0151217730177 0.0148734255944
CLASS 0.0157234021298 0.0156076934558 0.0145225328971
CLASS 0.0165824771873 0.0162681735978 0.0171943198059
CLASS 0.0160051677902 0.016012084021 0.0180952981986
CLASS 0.0189478646916 0.0161155769241 0.0158711651225
CLASS 0.0139483534697 0.0126216609212 0.0128284365913
CLASS 0.0141645975956 0.0118389729317 0.0108320642083
CLASS 0.0162008721169 0.0132752732512 0.0119853067221
CLASS 0.0114089130697 0.0118526229741 0.0104372767725
CLASS 0.019008000274 0.0193831351106 0.0189455202262
CLASS 0.0186543293577 0.0155761915086 0.0175792973779
CLASS 0.0197602228378 0.0185920054868 0.0181910298358
CLASS 0.0191261569779 0.0162400759898 0.0163114036463
CLASS 0.0189162859471 0.0193799079575 0.0176168329897
CLASS 0.0141517676929 0.0131665322501 0.0126682548415
CLASS 0.016931414791 0.0157729511081 0.0140481655993
CLASS 0.0189226628183 0.0185904153012 0.0201906667105
CLASS 0.0166076811604 0.0137463900206 0.0157473824046
CLASS 0.0150478543024 0.014076063674 0.0139933392406
CLASS 0.014040993202 0.0126447559315 0.0114564068614
CLASS 0.0185189200321 0.0144371623438 0.0173874915776
CLASS 0.0133324844022 0.0124023512636 0.0133928172447
CLASS 0.0198034195252 0.0168893213485 0.0182254300669
CLASS 0.0139832628417 0.0112845815186 0.0108319783858
CLASS 0.0193248091192 0.0171411851039 0.017313065507
CLASS 0.015328529711 0.0141361030564 0.0132466050627
CLASS 0.0191446003823 0.0171299693388 0.0171234480047
CLASS 0.0167700041391 0.0154742555331 0.0146209413361
CLASS 0.0138417643494 0.0160379478444 0.0144264066932
CLASS 0.0111448916385 0.0129502889683 0.012592681878
CLASS 0.0153731670097 0.0149881154279 0.0153215837334
CLASS 0.0179347995557 0.0151402660847 0.0157724285646
CLASS 0.0171857098426 0.0156118190385 0.0156421191267
CLASS 0.0170450174917 0.0171727946112 0.0154028289146
CLASS 0.019155490004 0.0177314722522 0.0175315510889
CLASS 0.0161304526423 0.0155618589368 0.0142822956257
CLASS 0.0188599937437 0.0168013403346 0.0173580758196
CLASS 0.0181933848206 0.0165577169455 0.0156563336297
CLASS 0.01268228616 0.0138480485815 0.0125372147375
CLASS 0.0179305448525 0.0171580066359 0.0172540596401
CLASS 0.0180661879257 0.0153964397083 0.01638313648
CLASS 0.0160418744971 0.0116861289043 0.0126614117101
CLASS 0.0131466521552 0.0135289695539 0.0122057979234
CLASS 0.0184878565506 0.0161295080014 0.0178567080133
CLASS 0.0132283817912 0.0146949099175 0.0149209057128
CLASS 0.0123184342367 0.0155636415982 0.0143487908545
CLASS 0.0129867181199 0.0137286168014 0.0121244856621
CLASS 0.019070769816 0.0152618106912 0.0179064452358
CLASS 0.0175275672243 0.0156617574372 0.0166662892604
CLASS 0.0135691058489 0.0130192717752 0.0103703151829
