CLASS 0.00437546814274 0.0022869534757 0.00236349430003
CLASS 0.00437546814274 0.0022869534757 0.00236349430003
CLASS 0.00319544533237 0.00178219060114 0.00187464883695
CLASS 0.00319544533237 0.00178219060114 0.00187464883695
CLASS 0.00206370620557 0.00196489537567 0.00144695388657
CLASS 0.00206370620557 0.00196489537567 0.00144695388657
CLASS 0.00231399490558 0.00213099807193 0.0019301510096
CLASS 0.00231399490558 0.00213099807193 0.0019301510096
CLASS 0.00421396377439 0.002772209291 0.00150267355898
CLASS 0.00421396377439 0.002772209291 0.00150267355898
CLASS 0.0039198006987 0.00221959662828 0.00204137360147
CLASS 0.0039198006987 0.00221959662828 0.00204137360147
CLASS 0.00359937738028 0.00356017321065 0.00227262638607
CLASS 0.00359937738028 0.00356017321065 0.00227262638607
CLASS 0.00405344976828 0.00250710799316 0.00294889958208
CLASS 0.00405344976828 0.00250710799316 0.00294889958208
CLASS 0.00390926155893 0.00218020360177 0.0021519863638
CLASS 0.00390926155893 0.00218020360177 0.0021519863638
CLASS 0.00421969073025 0.0030360339887 0.00260439346933
CLASS 0.00421969073025 0.0030360339887 0.00260439346933
CLASS 0.00577741823709 0.00282944669073 0.0023423265852
CLASS 0.00577741823709 0.00282944669073 0.0023423265852
CLASS 0.00453755268912 0.00194918899777 0.00215009765745
CLASS 0.00453755268912 0.00194918899777 0.00215009765745
CLASS 0.00374888159232 0.00202231023725 0.00186956546264
CLASS 0.00374888159232 0.00202231023725 0.00186956546264
CLASS 0.00380394173567 0.00226932707871 0.00231446866222
CLASS 0.00380394173567 0.00226932707871 0.00231446866222
CLASS 0.00489483433748 0.00226981467302 0.00239625460482
CLASS 0.00489483433748 0.00226981467302 0.00239625460482
CLASS 0.00291278500895 0.00191009677483 0.0020226392019
CLASS 0.00291278500895 0.00191009677483 0.0020226392019
CLASS 0.00316679244817 0.00200553379445 0.00205985983238
CLASS 0.00316679244817 0.00200553379445 0.00205985983238
CLASS 0.00226170757056 0.00177530325683 0.00159282506719
CLASS 0.00226170757056 0.00177530325683 0.00159282506719
CLASS 0.00355322887402 0.00221318220549 0.00223408697422
CLASS 0.00355322887402 0.00221318220549 0.00223408697422
CLASS 0.00349474901966 0.00187761896722 0.00200386125559
CLASS 0.00349474901966 0.00187761896722 0.00200386125559
CLASS 0.00261469692731 0.00199649148192 0.00173414233847
CLASS 0.00261469692731 0.00199649148192 0.00173414233847
CLASS 0.00179248444116 0.0016972849757 0.00179148071854
CLASS 0.00179248444116 0.0016972849757 0.00179148071854
CLASS 0.00221197027895 0.00191746880656 0.00201023409683
CLASS 0.00221197027895 0.00191746880656 0.00201023409683
CLASS 0.00323682613244 0.00217501026079 0.00221013720512
CLASS 0.00323682613244 0.00217501026079 0.00221013720512
CLASS 0.00517091333686 0.00284723602768 0.00268882489311
CLASS 0.00517091333686 0.00284723602768 0.00268882489311
CLASS 0.00317922175596 0.00204788487004 0.00184236777572
CLASS 0.00317922175596 0.00204788487004 0.00184236777572
CLASS 0.0035193998429 0.00249996070958 0.00241117572374
CLASS 0.0035193998429 0.00249996070958 0.00241117572374
CLASS 0.00396580223024 0.00222327139582 0.00206522221408
CLASS 0.00396580223024 0.00222327139582 0.00206522221408
CLASS 0.00476140322681 0.00220135820879 0.00266458772681
CLASS 0.00476140322681 0.00220135820879 0.00266458772681
CLASS 0.00425163892352 0.00263232086269 0.00242209168773
CLASS 0.00425163892352 0.00263232086269 0.00242209168773
CLASS 0.00613399815432 0.00222554777116 0.00221695557747
CLASS 0.00613399815432 0.00222554777116 0.00221695557747
CLASS 0.0055094280511 0.00224821841825 0.00277727437647
CLASS 0.0055094280511 0.00224821841825 0.00277727437647
CLASS 0.00435709318132 0.00269776313874 0.00252538418296
CLASS 0.00435709318132 0.00269776313874 0.00252538418296
CLASS 0.00307515142186 0.00191362716834 0.00222930819101
CLASS 0.00307515142186 0.00191362716834 0.00222930819101
CLASS 0.00317061130873 0.00207807237692 0.0020755076022
CLASS 0.00317061130873 0.00207807237692 0.0020755076022
CLASS 0.0047957498719 0.00326040502883 0.00234513376396
CLASS 0.0047957498719 0.00326040502883 0.00234513376396
CLASS 0.0047211636901 0.00264000828202 0.00237483551702
CLASS 0.0047211636901 0.00264000828202 0.00237483551702
CLASS 0.00499476251434 0.00257653042806 0.00288631084829
CLASS 0.00499476251434 0.00257653042806 0.00288631084829
CLASS 0.00431792370057 0.00216185400413 0.00174148556542
CLASS 0.00431792370057 0.00216185400413 0.00174148556542
CLASS 0.00391853382182 0.00179000901585 0.00186779074732
CLASS 0.00391853382182 0.00179000901585 0.00186779074732
CLASS 0.00336091338664 0.00211688554959 0.00199212350212
CLASS 0.00336091338664 0.00211688554959 0.00199212350212
CLASS 0.00379973842914 0.00216153666521 0.00204736384881
CLASS 0.00379973842914 0.00216153666521 0.00204736384881
CLASS 0.00561352619898 0.004182087668 0.00354811455508
CLASS 0.00561352619898 0.004182087668 0.00354811455508
CLASS 0.00368784685736 0.00178850538942 0.00190273771055
CLASS 0.00368784685736 0.00178850538942 0.00190273771055
CLASS 0.00343260303031 0.00230617408879 0.00216263802566
CLASS 0.00343260303031 0.00230617408879 0.00216263802566
CLASS 0.00452536912625 0.00186434523525 0.00214110236769
CLASS 0.00452536912625 0.00186434523525 0.00214110236769
CLASS 0.00244074381605 0.00160734539491 0.00157697621753
CLASS 0.00244074381605 0.00160734539491 0.00157697621753
CLASS 0.00422038204502 0.00170148986973 0.00239735486634
CLASS 0.00422038204502 0.00170148986973 0.00239735486634
CLASS 0.00262608018059 0.00182861514543 0.00170277994934
CLASS 0.00262608018059 0.00182861514543 0.00170277994934
CLASS 0.00354061384987 0.00232934755617 0.00266539654168
CLASS 0.00354061384987 0.00232934755617 0.00266539654168
CLASS 0.00282608008429 0.00195474036724 0.00197916999902
CLASS 0.00282608008429 0.00195474036724 0.00197916999902
CLASS 0.00381463594978 0.00233505854007 0.0027377004787
CLASS 0.00381463594978 0.00233505854007 0.0027377004787
CLASS 0.00533005397439 0.00245520547688 0.00233164810399
CLASS 0.00533005397439 0.00245520547688 0.00233164810399
CLASS 0.00459676137351 0.00270282713352 0.00259217033777
CLASS 0.00459676137351 0.00270282713352 0.00259217033777
CLASS 0.00450651081581 0.00207316120437 0.00244134456439
CLASS 0.00450651081581 0.00207316120437 0.00244134456439
CLASS 0.00617113062278 0.00404897916898 0.00308011421948
CLASS 0.00617113062278 0.00404897916898 0.00308011421948
CLASS 0.00402831143263 0.00208425102401 0.00216667662514
CLASS 0.00402831143263 0.00208425102401 0.00216667662514
CLASS 0.00354069734643 0.00237340829089 0.00245738956244
CLASS 0.00354069734643 0.00237340829089 0.00245738956244
CLASS 0.00430368284978 0.00226660726273 0.00228209502791
CLASS 0.00430368284978 0.00226660726273 0.00228209502791
CLASS 0.00314423137819 0.00182452639836 0.0018487218035
CLASS 0.00314423137819 0.00182452639836 0.0018487218035
CLASS 0.00629943737035 0.00211417039843 0.00180399327081
CLASS 0.00629943737035 0.00211417039843 0.00180399327081
CLASS 0.00405171949952 0.00182932217818 0.00214068108095
CLASS 0.00405171949952 0.00182932217818 0.00214068108095
CLASS 0.00427848904139 0.00299865804857 0.0027554720407
CLASS 0.00427848904139 0.00299865804857 0.0027554720407
CLASS 0.00425754171173 0.00278778668049 0.00210713582483
CLASS 0.00425754171173 0.00278778668049 0.00210713582483
CLASS 0.00341856436794 0.00361270446351 0.00228329683842
CLASS 0.00341856436794 0.00361270446351 0.00228329683842
CLASS 0.00430373924646 0.00181034850703 0.0018295690462
CLASS 0.00430373924646 0.00181034850703 0.0018295690462
CLASS 0.00425446863667 0.00208813503323 0.00164741301482
CLASS 0.00425446863667 0.00208813503323 0.00164741301482
CLASS 0.00378510331692 0.00289980024584 0.00255563265904
CLASS 0.00378510331692 0.00289980024584 0.00255563265904
CLASS 0.00536241712287 0.00252716677751 0.00260057032656
CLASS 0.00536241712287 0.00252716677751 0.00260057032656
CLASS 0.00248095438819 0.0022488945421 0.00155534964781
CLASS 0.00248095438819 0.0022488945421 0.00155534964781
CLASS 0.00310819636798 0.00179813997156 0.00177327242572
CLASS 0.00310819636798 0.00179813997156 0.00177327242572
CLASS 0.00596345262015 0.00234418645258 0.00291563681426
CLASS 0.00596345262015 0.00234418645258 0.00291563681426
CLASS 0.00429619244228 0.00291012310035 0.00236684323173
CLASS 0.00429619244228 0.00291012310035 0.00236684323173
CLASS 0.00262920602948 0.00180154672139 0.00151546750805
CLASS 0.00262920602948 0.00180154672139 0.00151546750805
CLASS 0.00257912063575 0.00180956161657 0.00145670207822
CLASS 0.00257912063575 0.00180956161657 0.00145670207822
CLASS 0.00547106630855 0.00253312649126 0.002652097309
CLASS 0.00547106630855 0.00253312649126 0.002652097309
CLASS 0.0030470275908 0.00224078890737 0.00217155643196
CLASS 0.0030470275908 0.00224078890737 0.00217155643196
CLASS 0.00395458808288 0.00202981073409 0.00221025557095
CLASS 0.00395458808288 0.00202981073409 0.00221025557095
CLASS 0.00331290665878 0.0019672277019 0.00194924634364
CLASS 0.00331290665878 0.0019672277019 0.00194924634364
CLASS 0.00309269753204 0.0017687891633 0.00172440036958
CLASS 0.00309269753204 0.0017687891633 0.00172440036958
CLASS 0.00465069228879 0.00304391383801 0.00288410132691
CLASS 0.00465069228879 0.00304391383801 0.00288410132691
CLASS 0.00489204442453 0.00182823317539 0.00168670998959
CLASS 0.00489204442453 0.00182823317539 0.00168670998959
CLASS 0.00290969160611 0.00240424982942 0.00197955971794
CLASS 0.00290969160611 0.00240424982942 0.00197955971794
CLASS 0.00360229707813 0.00191839991818 0.00208711302847
CLASS 0.00360229707813 0.00191839991818 0.00208711302847
CLASS 0.00322623212388 0.00246009407517 0.00243947324373
CLASS 0.00322623212388 0.00246009407517 0.00243947324373
CLASS 0.00358295228432 0.00201663524892 0.00151117843486
CLASS 0.00358295228432 0.00201663524892 0.00151117843486
CLASS 0.00604270252884 0.00211916797773 0.00224322088771
CLASS 0.00604270252884 0.00211916797773 0.00224322088771
CLASS 0.00333221430549 0.00222228608402 0.00216301869915
CLASS 0.00333221430549 0.00222228608402 0.00216301869915
CLASS 0.00505829820847 0.00191156454632 0.00181516576593
CLASS 0.00505829820847 0.00191156454632 0.00181516576593
CLASS 0.00283586072211 0.001739811881 0.00175854853068
CLASS 0.00283586072211 0.001739811881 0.00175854853068
CLASS 0.00430073490703 0.00186179185716 0.00172165536112
CLASS 0.00430073490703 0.00186179185716 0.00172165536112
CLASS 0.00522023754399 0.0034480756935 0.00279889342062
CLASS 0.00522023754399 0.0034480756935 0.00279889342062
CLASS 0.00414198039833 0.00162379689851 0.00185210347757
CLASS 0.00414198039833 0.00162379689851 0.00185210347757
CLASS 0.00565538986248 0.00273941023092 0.00277027012261
CLASS 0.00565538986248 0.00273941023092 0.00277027012261
CLASS 0.00407736449033 0.00237004198273 0.00227617020139
CLASS 0.00407736449033 0.00237004198273 0.00227617020139
CLASS 0.00503940857209 0.00292493727875 0.00274640856727
CLASS 0.00503940857209 0.00292493727875 0.00274640856727
CLASS 0.00285042407413 0.00171870519441 0.00189501237863
CLASS 0.00285042407413 0.00171870519441 0.00189501237863
CLASS 0.00378929365538 0.00238151332035 0.00158537436649
CLASS 0.00378929365538 0.00238151332035 0.00158537436649
CLASS 0.00491414306548 0.00273190392539 0.00165320615892
CLASS 0.00491414306548 0.00273190392539 0.00165320615892
CLASS 0.00477019370599 0.00221393950272 0.00256228822276
CLASS 0.00477019370599 0.00221393950272 0.00256228822276
CLASS 0.00237011009313 0.00175546558915 0.00173301073319
CLASS 0.00237011009313 0.00175546558915 0.00173301073319
CLASS 0.00399203826243 0.00193937960943 0.00198652295053
CLASS 0.00399203826243 0.00193937960943 0.00198652295053
CLASS 0.00404094450575 0.00191111068201 0.00230011989372
CLASS 0.00404094450575 0.00191111068201 0.00230011989372
CLASS 0.00325337640601 0.00196970317049 0.00200211343419
CLASS 0.00325337640601 0.00196970317049 0.00200211343419
CLASS 0.00554633132702 0.00208375131005 0.00283147331062
CLASS 0.00554633132702 0.00208375131005 0.00283147331062
CLASS 0.00327729721711 0.00193743084843 0.00203793921812
CLASS 0.00327729721711 0.00193743084843 0.00203793921812
CLASS 0.00577036848435 0.00293482306776 0.00298956787157
CLASS 0.00577036848435 0.00293482306776 0.00298956787157
CLASS 0.00303943210522 0.00206568558083 0.00170727090278
CLASS 0.00303943210522 0.00206568558083 0.00170727090278
CLASS 0.00402357092428 0.00265357971341 0.00237444099919
CLASS 0.00402357092428 0.00265357971341 0.00237444099919
CLASS 0.00281228285276 0.00207976700831 0.00200610737344
CLASS 0.00281228285276 0.00207976700831 0.00200610737344
CLASS 0.00239375645698 0.00212310174159 0.00177403151229
CLASS 0.00239375645698 0.00212310174159 0.00177403151229
CLASS 0.00340028821268 0.00171453378706 0.00174780434283
CLASS 0.00340028821268 0.00171453378706 0.00174780434283
CLASS 0.00240558340456 0.00187281223914 0.00177667844625
CLASS 0.00240558340456 0.00187281223914 0.00177667844625
CLASS 0.00350509156771 0.00244015151476 0.00231744429703
CLASS 0.00350509156771 0.00244015151476 0.00231744429703
CLASS 0.00296133925509 0.00189860726189 0.00155676686718
CLASS 0.00296133925509 0.00189860726189 0.00155676686718
CLASS 0.00275514240905 0.00207063597456 0.00179810199349
CLASS 0.00275514240905 0.00207063597456 0.00179810199349
CLASS 0.00476582029551 0.00260447324738 0.00249654268935
CLASS 0.00476582029551 0.00260447324738 0.00249654268935
CLASS 0.00261753712486 0.00226176311578 0.00195210838159
CLASS 0.00261753712486 0.00226176311578 0.00195210838159
CLASS 0.00402647467079 0.00212966523498 0.00202818671648
CLASS 0.00402647467079 0.00212966523498 0.00202818671648
CLASS 0.00398766889941 0.00238722728118 0.00230506257679
CLASS 0.00398766889941 0.00238722728118 0.00230506257679
CLASS 0.00291177481242 0.00190228929875 0.00198019822944
CLASS 0.00291177481242 0.00190228929875 0.00198019822944
CLASS 0.00320344050282 0.00240495657469 0.00219288002604
CLASS 0.00320344050282 0.00240495657469 0.00219288002604
CLASS 0.00316714746859 0.0018617575776 0.00203777153357
CLASS 0.00316714746859 0.0018617575776 0.00203777153357
CLASS 0.00352149479621 0.00193907014075 0.00174762919698
CLASS 0.00352149479621 0.00193907014075 0.00174762919698
CLASS 0.00311790634781 0.00205020054751 0.00203512015056
CLASS 0.00311790634781 0.00205020054751 0.00203512015056
CLASS 0.00559864518722 0.00220751815706 0.00195802485654
CLASS 0.00559864518722 0.00220751815706 0.00195802485654
CLASS 0.00360708432461 0.00201287209086 0.00227875550743
CLASS 0.00360708432461 0.00201287209086 0.00227875550743
CLASS 0.00307921641853 0.00215281655928 0.00129249455956
CLASS 0.00307921641853 0.00215281655928 0.00129249455956
