CLASS 0.00939652119826 0.00519020210224 0.00574094073747
CLASS 0.00648392820339 0.0045113389175 0.00446363478266
CLASS 0.00480069306169 0.0045895660115 0.00379699978373
CLASS 0.00594276045893 0.00524458169518 0.00482389593436
CLASS 0.00973704208612 0.00513306784968 0.00388330431388
CLASS 0.00835911908955 0.00485597035721 0.00500121302025
CLASS 0.00595404394148 0.0071034560661 0.0049513983651
CLASS 0.0066018239875 0.00580929382836 0.00581981291057
CLASS 0.00628989895373 0.00551665187694 0.00497662912429
CLASS 0.00925251475537 0.00614536141652 0.00534324948729
CLASS 0.0115906821632 0.00631765510914 0.00503674653944
CLASS 0.00907779886539 0.00472690214627 0.00482145996386
CLASS 0.00802023022389 0.00498669831557 0.00447318621536
CLASS 0.00768858620515 0.00580974234913 0.00539841599403
CLASS 0.00893532318015 0.00487888425826 0.00448680467975
CLASS 0.00510743846319 0.0041162030522 0.00404184047451
CLASS 0.0061479564995 0.00498580267237 0.00484955280478
CLASS 0.00529426288537 0.00409264295639 0.00373293392167
CLASS 0.00782322001896 0.00521043754566 0.00548259547532
CLASS 0.0102088797899 0.00506733403982 0.00524456889951
CLASS 0.00476163819414 0.00421485792674 0.00370828846467
CLASS 0.00482667558742 0.00419536264699 0.00372994389586
CLASS 0.0047422120839 0.00428255915725 0.00422387546494
CLASS 0.00622401300261 0.00516958915943 0.00498136275587
CLASS 0.00882669893327 0.00597176508395 0.00537758888779
CLASS 0.00658635479515 0.00500858334936 0.00457067057497
CLASS 0.00776655351609 0.00567908678526 0.00559809366632
CLASS 0.00798681010351 0.00505567479854 0.00485479441218
CLASS 0.00817140464289 0.0049477136537 0.00542989690784
CLASS 0.00819377881375 0.00537038767494 0.0054183971795
CLASS 0.0108763896823 0.00504776502841 0.00445307221177
CLASS 0.00907890967003 0.00547607884895 0.00577700801333
CLASS 0.00906432131282 0.00590325175249 0.00603316015115
CLASS 0.00674800941999 0.0045483279401 0.00524234210771
CLASS 0.00681616588506 0.00513823259139 0.00500489056484
CLASS 0.00928373976786 0.006937089795 0.00628655796032
CLASS 0.0106771811754 0.00632130039486 0.00532739449847
CLASS 0.00844830971903 0.00562451689633 0.00555370508169
CLASS 0.0084615443954 0.00499980792179 0.00486113955354
CLASS 0.00820107297732 0.00469251239874 0.00497202229893
CLASS 0.00761686134372 0.00460060175143 0.00466375985434
CLASS 0.00749092773098 0.00543988150337 0.00537794729049
CLASS 0.00963186492451 0.00680913014314 0.00600462665504
CLASS 0.00906278234269 0.00425543713463 0.00465453753182
CLASS 0.00741732933288 0.00545798103199 0.00514891519412
CLASS 0.00842070611126 0.00463308841657 0.00490321944655
CLASS 0.00551578066874 0.0040899683885 0.00406578028482
CLASS 0.0071615015979 0.00460703290817 0.00542290838934
CLASS 0.00532354605635 0.00415759033818 0.00413681707304
CLASS 0.00774135219112 0.005980302715 0.00625909839664
CLASS 0.0060311324398 0.00495907431809 0.00482761701407
CLASS 0.008381278554 0.00571723357551 0.00635872207728
CLASS 0.00970779963952 0.00521331300103 0.00560140650847
CLASS 0.00822406811719 0.00580267356694 0.00559424516352
CLASS 0.00843474712792 0.004593813861 0.00499023944924
CLASS 0.00991573599588 0.00775572881788 0.00620576374602
CLASS 0.00898223133171 0.00513759295709 0.00526954556509
CLASS 0.00751720125589 0.004909117994 0.00519883716795
CLASS 0.010224002132 0.0053014683066 0.0052797686941
CLASS 0.00742136252655 0.0046524471208 0.00483167106778
CLASS 0.0112585939307 0.0046796319058 0.00483036390152
CLASS 0.00830861290753 0.00458172199149 0.00515451747684
CLASS 0.00824846001639 0.00550004077178 0.00554841866438
CLASS 0.00894044752671 0.00524734640446 0.00559138141957
CLASS 0.00821171869079 0.0074554212092 0.00579075807209
CLASS 0.00887842453931 0.00466596100489 0.00470198791591
CLASS 0.00913477592759 0.00524590896994 0.00392704256991
CLASS 0.00842078477362 0.00615411803443 0.00564134011085
CLASS 0.00996274450953 0.00550951727688 0.00586961196123
CLASS 0.00725451490257 0.00528122123354 0.00439711033096
CLASS 0.00678457301523 0.00410081154238 0.0038103835796
CLASS 0.010637598668 0.00513228756806 0.0060274357552
CLASS 0.00919257775599 0.00623231619725 0.00546221767742
CLASS 0.00742578130093 0.00440508783459 0.00419300103859
CLASS 0.004214843948 0.00390111138934 0.00346466053838
CLASS 0.00962231823862 0.00586264571526 0.00597862983488
CLASS 0.00638429641119 0.00530256877174 0.00509049576253
CLASS 0.00716332087736 0.00510232007878 0.00514696434211
CLASS 0.00836302543413 0.00506278203262 0.00464383083213
CLASS 0.00735074776277 0.00456734469824 0.00461642719652
CLASS 0.00901412222702 0.00580300892751 0.00598168826576
CLASS 0.0108078734974 0.00479967471194 0.00415627824232
CLASS 0.00694597434198 0.00548871352552 0.00498802511421
CLASS 0.00893591656531 0.00459631181389 0.00489199622766
CLASS 0.00665756497644 0.00551701109216 0.00536633107651
CLASS 0.00698837152998 0.00473613711111 0.0036953298239
CLASS 0.010354363556 0.00516729321203 0.00538829393299
CLASS 0.00720480904391 0.00531679363354 0.00531745157901
CLASS 0.0101548614764 0.0049556609803 0.00455830364067
CLASS 0.00645528748946 0.00441542643475 0.00437656595367
CLASS 0.00784219706682 0.00437465695293 0.00422690499443
CLASS 0.00781377809191 0.00650348629824 0.00565835984595
CLASS 0.00892554709885 0.00437094164128 0.00457141322708
CLASS 0.00996475554129 0.00589120181076 0.00541220430006
CLASS 0.00746713895651 0.00476277663104 0.0049193635704
CLASS 0.00840374480289 0.00643307080114 0.00648059760309
CLASS 0.00695401005252 0.00446690787916 0.00498716012981
CLASS 0.00824456314648 0.00538021404257 0.00475420385445
CLASS 0.0113225598219 0.0059597738402 0.00431788725711
CLASS 0.00863589740665 0.0055325913526 0.00585319253149
CLASS 0.00713485814525 0.00412075117499 0.00428509624693
CLASS 0.00905137466025 0.00465395453179 0.00501598837843
CLASS 0.00821027576961 0.00476744847055 0.00524542265796
CLASS 0.00786286625841 0.00474108633335 0.00482116593843
CLASS 0.00896031822876 0.00519264982041 0.00626097292484
CLASS 0.00755568691095 0.00461380791265 0.00484342520088
CLASS 0.00955971819328 0.00592539250161 0.00518749007749
CLASS 0.00709815536881 0.00484109586903 0.00424614794218
CLASS 0.00916812577383 0.00615642405014 0.00549899975489
CLASS 0.00616612490796 0.00494348488908 0.00497319053143
CLASS 0.00607708392123 0.00490409137912 0.00438251761365
CLASS 0.0064800446151 0.00433676643231 0.00421857869018
CLASS 0.0053399081639 0.00421579820444 0.00397803328759
CLASS 0.00679881587804 0.00565916129516 0.00504485831802
CLASS 0.00667547957889 0.00476657037899 0.00437944496628
CLASS 0.00644816237644 0.00523669365936 0.00455123611264
CLASS 0.0100093491612 0.00557316865643 0.00598969862955
CLASS 0.00572007085136 0.00499317970459 0.00465839440772
CLASS 0.00766613848687 0.00518499897487 0.00474158025693
CLASS 0.00818308056092 0.00551107710769 0.00505953349913
CLASS 0.00726372811448 0.00533361176164 0.00516754850984
CLASS 0.00691938502902 0.00517113829831 0.00521119754457
CLASS 0.00619926877287 0.00456985151272 0.0045276186878
CLASS 0.00792665060959 0.00454637526513 0.004638606158
CLASS 0.00678546899077 0.00497011217363 0.00521270576941
CLASS 0.0111269241482 0.00505236983581 0.00445480917677
CLASS 0.00824101822364 0.00538060711658 0.00632597473169
CLASS 0.00780182241152 0.00515962544452 0.00369725708598
CLASS 0.00745173358 0.00534266201689 0.00513231061817
CLASS 0.00864322689977 0.00514874866918 0.00590037060134
CLASS 0.00551073714741 0.00434719085282 0.00417047873167
CLASS 0.00790626637209 0.00513400941865 0.00422367431823
