CLASS 0.0104801857127 0.00525692721452 0.0062837176063
CLASS 0.00534112948493 0.00441610092413 0.00420378283811
CLASS 0.00503945711046 0.00458479219463 0.00378320770946
CLASS 0.00629240436731 0.00533345543972 0.00478123072453
CLASS 0.0102656028504 0.00513706303001 0.00375646982517
CLASS 0.00903477898771 0.00484994750842 0.00516092054729
CLASS 0.00549814642324 0.00743235309554 0.00484881216366
CLASS 0.00581897728428 0.00581865071875 0.00592411005922
CLASS 0.00610363170942 0.00570733678718 0.00513701406175
CLASS 0.0100867903519 0.00634084947268 0.00542914417506
CLASS 0.0127651722187 0.00660322657853 0.00486007387002
CLASS 0.00867793791092 0.00478677478676 0.00483130977829
CLASS 0.00814939172084 0.00509406603274 0.00456495380518
CLASS 0.00830525683437 0.0059769819819 0.00543995917233
CLASS 0.00959825994773 0.00497810217716 0.00446704903134
CLASS 0.00473859935475 0.00401098518294 0.00386682934649
CLASS 0.00591714168427 0.0049738542148 0.00476920060879
CLASS 0.00534408489068 0.00416117644852 0.00370523983632
CLASS 0.00804520231722 0.0053299973038 0.00569410558463
CLASS 0.0110428495603 0.00515925275993 0.00534687569963
CLASS 0.00450880624089 0.00416340157119 0.00364294322869
CLASS 0.00417281822592 0.00415758914269 0.0035905896888
CLASS 0.00474996430266 0.00429015138112 0.00422009813617
CLASS 0.00604257149187 0.00514080988197 0.00490588722629
CLASS 0.00918592894427 0.00616938864091 0.00549512190049
CLASS 0.00659820566597 0.00516517529086 0.00442192826902
CLASS 0.00877284954754 0.00596358840655 0.00586917363928
CLASS 0.00844971593818 0.00516548169753 0.00495082536103
CLASS 0.00891489581815 0.00508768071891 0.00564300234572
CLASS 0.00861255656253 0.00550028617974 0.00576138167183
CLASS 0.0125619238606 0.00523334441128 0.00446789938978
CLASS 0.00924837732734 0.00561706698413 0.00598561749356
CLASS 0.0101928353277 0.00603942193711 0.00648913171391
CLASS 0.00645014541899 0.00443963040696 0.00514687322115
CLASS 0.00671835443098 0.00516503752742 0.00501662394061
CLASS 0.010113066047 0.00742023086413 0.00664518589513
CLASS 0.0120722993893 0.00666457840439 0.00555759352755
CLASS 0.00908177095444 0.0057374639349 0.00557963614953
CLASS 0.00886742663595 0.00509111429022 0.0049894865062
CLASS 0.00851872059672 0.00472420718814 0.00499948608955
CLASS 0.00843189779569 0.00473103524534 0.00485972688832
CLASS 0.00770310253244 0.00567381944017 0.00558665488085
CLASS 0.0106580302127 0.00697467350001 0.00615939245612
CLASS 0.00962179076738 0.0042672741652 0.00470410501506
CLASS 0.00696289341993 0.00549429683416 0.0051391868526
CLASS 0.00763245820827 0.00467898939662 0.00487103445542
CLASS 0.00557770736153 0.00415466261499 0.00421958340696
CLASS 0.00681344155458 0.00461102391991 0.0054580014803
CLASS 0.00586283611714 0.00417825080676 0.00417283061931
CLASS 0.00842429733188 0.00627726217822 0.00672321286334
CLASS 0.00592085943075 0.00503361328284 0.00475708711087
CLASS 0.00927933374169 0.0061747713011 0.00679336202472
CLASS 0.00960497329271 0.00511871381561 0.0054889774827
CLASS 0.00892388304865 0.00589336281419 0.00600231851115
CLASS 0.00939891661779 0.00466694555435 0.00519094820482
CLASS 0.0109706825582 0.00829059363386 0.00660857838797
CLASS 0.00984717161795 0.00520690761863 0.00532601427344
CLASS 0.00773270274279 0.00498561749984 0.00512468365975
CLASS 0.0111824786868 0.00536139877012 0.00540912267081
CLASS 0.00741819489135 0.0047425365627 0.00477075812438
CLASS 0.0118943317414 0.00456623354655 0.00466105773541
CLASS 0.0089870667132 0.00468070826503 0.00547334910435
CLASS 0.00885976165142 0.00547684075818 0.00566738021017
CLASS 0.00995863133386 0.005256066424 0.00560469520883
CLASS 0.00906305555186 0.00793590699743 0.00614148037256
CLASS 0.00923213274635 0.00473607566255 0.0047117445039
CLASS 0.0100941414322 0.00549807068324 0.00392719639494
CLASS 0.00863008792671 0.00612667808508 0.00557521311176
CLASS 0.0109691734709 0.00552975277367 0.00590724763357
CLASS 0.00742987938078 0.00535512066791 0.00429989037868
CLASS 0.00742746181615 0.00409327353083 0.00373561181825
CLASS 0.0105183336292 0.00517568437201 0.00637694855361
CLASS 0.0101900303478 0.00659705241712 0.0058229474609
CLASS 0.00707383292098 0.00445589386467 0.00408079241399
CLASS 0.0036587272215 0.00394227449715 0.00360718229619
CLASS 0.00968949811157 0.00579261502557 0.00602288438113
CLASS 0.00664736803495 0.00554272356943 0.00527574321759
CLASS 0.00806310766103 0.00529024218662 0.00545608704178
CLASS 0.00916035247829 0.0052188526047 0.00480133022843
CLASS 0.00767046996611 0.00463436170037 0.00469991256266
CLASS 0.00997127732528 0.00580920895907 0.00633640306024
CLASS 0.0112554245258 0.004915331109 0.00402050477292
CLASS 0.00733202324286 0.00546408644037 0.00495695554847
CLASS 0.00925739709075 0.0047024068044 0.00508356473573
CLASS 0.00684348499605 0.00565400499257 0.00550179869177
CLASS 0.00756539575504 0.00484238840343 0.00351379014989
CLASS 0.0111735234578 0.00517938238307 0.00545752801294
CLASS 0.00730671486117 0.00534091902188 0.00525647184116
CLASS 0.00941562737032 0.00500072206562 0.00443239662148
CLASS 0.00624747804506 0.00442188625497 0.00439639246266
CLASS 0.00778800117852 0.0043431572531 0.00413197002249
CLASS 0.0077337356997 0.0068450477276 0.00564707736235
CLASS 0.0101864038263 0.00448968725051 0.00468037487945
CLASS 0.0110091125362 0.00609458705606 0.00549830738589
CLASS 0.00766304887529 0.00473481806711 0.00505469087648
CLASS 0.00869890305171 0.00666587894953 0.00673808153786
CLASS 0.00665188437826 0.00449486367384 0.0049786049988
CLASS 0.0084359343952 0.00549828051409 0.00484211654932
CLASS 0.0133376448956 0.00626249873483 0.0044753988336
CLASS 0.00932980866003 0.00550278041025 0.00601654473374
CLASS 0.00736026457969 0.00409050944008 0.00419720555817
CLASS 0.00963010927008 0.00466702728314 0.00492841763321
CLASS 0.00857159219737 0.0048479182129 0.00523983632441
CLASS 0.00799561412428 0.00479332862834 0.00486435875541
CLASS 0.00987252790184 0.00529971938775 0.00635855909148
CLASS 0.00745278398033 0.00450139341569 0.0047824383603
CLASS 0.0107017780771 0.00615445715554 0.00518082942843
CLASS 0.00728859546539 0.00492045975256 0.00425343028827
CLASS 0.00975295933941 0.00646948866246 0.00552192890967
CLASS 0.00614923125721 0.00512288063913 0.00500906593789
CLASS 0.00628607659332 0.00492130259601 0.00442136197708
CLASS 0.00643908588892 0.00433685445214 0.00407269072617
CLASS 0.00550780082127 0.00423788257261 0.00397955862905
CLASS 0.00707004551063 0.00566084313475 0.00503222399699
CLASS 0.00713625376001 0.0046865933409 0.00444587912791
CLASS 0.00703390703249 0.0053800159391 0.00471915715414
CLASS 0.010896430697 0.00572215105587 0.00623686187855
CLASS 0.00573084066795 0.00505307419196 0.00478354278953
CLASS 0.00832089214103 0.0052385534938 0.00478558506675
CLASS 0.00919787693915 0.00575899815359 0.0053267186948
CLASS 0.00725776910558 0.00537294593703 0.00512262471418
CLASS 0.00768208856984 0.00524499071273 0.00542336629544
CLASS 0.00605194069437 0.00455440110391 0.00444688036631
CLASS 0.00811912551637 0.00446908995273 0.00455862312478
CLASS 0.00687936970756 0.0049812436324 0.00520991734116
CLASS 0.0122722591401 0.00520787999617 0.00444784386237
CLASS 0.00896890250068 0.00547659348032 0.00658095669963
CLASS 0.00829249476646 0.00524792911974 0.00370598414327
CLASS 0.00737243370903 0.00540197642902 0.00520266629033
CLASS 0.00933062057792 0.00523586586852 0.006209129923
CLASS 0.00528337967356 0.00436426412628 0.00414407405787
CLASS 0.00839705545081 0.00513311016846 0.00416725215837
