0.933633089963 95 126 0.0 20.0 11.7617750168
0.908172708823 94 126 0.0 20.0 14.409406662
0.837239998319 95 162 0.0 20.0 9.80913829803
0.813615254427 104 126 0.0 20.0 10.4553308487
0.807537882443 151 166 0.0 20.0 9.91114425659
0.807490152999 101 166 0.0 20.0 10.324464798
0.769790413693 94 162 0.0 20.0 9.88283729553
0.766882070694 95 107 0.0 20.0 7.52470302582
0.726346335821 101 167 0.0 20.0 10.6371593475
0.702427575761 97 181 0.0 20.0 6.11320114136
0.693113438007 151 167 0.0 20.0 12.2077722549
0.689967116003 92 126 0.0 20.0 19.7700634003
0.672272299488 162 174 0.0 20.0 31.8298912048
0.654452092592 95 108 0.0 20.0 5.52955341339
0.641761726797 152 166 0.0 20.0 12.9903507233
0.628844650804 92 125 0.0 20.0 16.8085479736
0.608943550217 102 131 0.0 20.0 9.02968406677
0.606061523737 97 170 0.0 20.0 20.3650627136
0.585593544678 101 165 0.0 20.0 13.4369974136
0.584519922362 94 107 0.0 20.0 10.8214006424
0.579588613759 101 184 0.0 20.0 20.3794670105
0.572323603369 94 158 0.0 20.0 12.6610689163
0.572142593548 94 108 0.0 20.0 7.97747564316
0.566243761932 92 123 0.0 20.0 12.1888198853
0.560292780576 166 236 0.0 20.0 999.9
0.560229404616 108 126 0.0 20.0 6.49481678009
0.554882267861 101 164 0.0 20.0 15.2637586594
0.550292447467 93 107 0.0 20.0 13.3324785233
0.516203216962 97 183 0.0 20.0 6.79395723343
0.512303919584 101 181 0.0 20.0 10.9414758682
0.501847124818 95 158 0.0 20.0 13.0308790207
0.498288376719 92 108 0.0 20.0 13.6993808746
0.498197050909 89 108 0.0 20.0 21.5314846039
0.492181706068 101 186 0.0 20.0 26.9201068878
0.490003930129 97 184 0.0 20.0 9.3620300293
0.487021164967 144 166 0.0 20.0 15.8698949814
0.485104859078 93 108 0.0 20.0 10.3130693436
0.477414526908 97 169 0.0 20.0 16.7287216187
0.46554391187 91 158 0.0 20.0 15.0184516907
0.465109958535 97 177 0.0 20.0 16.0120105743
0.46464515858 20 126 0.0 20.0 5.7630610466
0.43912052485 162 178 0.0 20.0 19.6752681732
0.438029407271 103 126 0.0 20.0 14.1297721863
0.435913672292 93 126 0.0 20.0 16.2860603333
0.43368928867 97 175 0.0 20.0 22.8663959503
0.432109338716 101 174 0.0 20.0 15.9718980789
0.426689629673 92 124 0.0 20.0 14.5032720566
0.422391443332 108 125 0.0 20.0 4.42570734024
0.416752554217 108 128 0.0 20.0 11.7694892883
0.413575781748 97 185 0.0 20.0 12.3824996948
0.411922301891 90 113 0.0 20.0 5.59439849854
0.405247535503 97 173 0.0 20.0 26.3460597992
0.404752402897 91 108 0.0 20.0 16.4808158875
0.403390951686 107 129 0.0 20.0 11.6036930084
0.394505528696 101 128 0.0 20.0 13.0396490097
0.391629909153 105 126 0.0 20.0 8.2334280014
0.3795438822 107 123 0.0 20.0 10.3382358551
0.375999846014 25 126 0.0 20.0 9.7343416214
0.375754427872 107 126 0.0 20.0 5.38833189011
0.372231064016 151 163 0.0 20.0 5.53139638901
0.36831724491 105 166 0.0 20.0 13.3090353012
0.363293333803 208 226 0.0 20.0 24.7762699127
0.357058044088 162 181 0.0 20.0 10.6213569641
0.350638952321 154 166 0.0 20.0 18.8388080597
0.349403848183 151 165 0.0 20.0 6.2991809845
0.348508016635 166 238 0.0 20.0 999.9
0.348326045588 92 157 0.0 20.0 15.6843299866
0.347396927903 97 174 0.0 20.0 25.8148117065
0.346090325314 162 175 0.0 20.0 29.0817489624
0.342628266041 91 162 0.0 20.0 16.0243549347
0.339450812905 101 163 0.0 20.0 18.5242214203
0.335232560426 104 131 0.0 20.0 7.20438861847
0.334919255674 89 107 0.0 20.0 25.0437850952
0.334396498449 94 156 0.0 20.0 16.1477985382
0.334253089895 90 107 0.0 20.0 23.0324440002
0.329104101916 94 106 0.0 20.0 13.4106788635
0.328791896989 106 129 0.0 20.0 9.24825668335
0.327594527417 97 182 0.0 20.0 5.41253566742
0.325367962521 107 127 0.0 20.0 6.33012533188
0.321673792286 208 224 0.0 20.0 18.0142478943
0.320495090443 102 126 0.0 20.0 17.5754528046
0.319489999462 97 176 0.0 20.0 19.4053726196
0.318691523357 92 161 0.0 20.0 10.5457782745
0.316742656222 149 166 0.0 20.0 8.479637146
0.314963741673 100 166 0.0 20.0 9.65291023254
0.314325821239 166 231 0.0 20.0 999.9
0.311974896161 91 156 0.0 20.0 17.7818813324
0.311316457736 106 127 0.0 20.0 4.23187875748
0.310564450617 208 230 0.0 20.0 35.4303016663
0.299658574603 139 156 0.0 20.0 40.008266449
0.295437232249 101 169 0.0 20.0 10.9699411392
0.294746713063 101 178 0.0 20.0 5.50555038452
0.293602134781 103 131 0.0 20.0 6.36481380463
0.292468789165 90 108 0.0 20.0 19.6292686462
0.292214354598 108 127 0.0 20.0 8.62881278992
0.29129462401 101 182 0.0 20.0 13.4785308838
0.291085782801 99 182 0.0 20.0 8.41010189056
0.285806322167 101 170 0.0 20.0 13.0931692123
0.280878254496 162 184 0.0 20.0 4.72095775604
0.279683559496 97 171 0.0 20.0 21.3890094757
0.27743569596 162 185 0.0 20.0 6.5890007019
0.27582240656 91 106 0.0 20.0 22.4358119965
0.273692602014 139 151 0.0 20.0 28.4550762177
0.273143429874 101 179 0.0 20.0 6.28411340714
0.270114901337 159 175 0.0 20.0 39.124294281
0.269519326268 161 182 0.0 20.0 11.1518678665
0.269456149575 92 159 0.0 20.0 10.9452085495
0.266268498882 50 76 0.0 20.0 42.8388519287
0.265484510949 101 177 0.0 20.0 6.68915843964
0.265367881043 162 179 0.0 20.0 16.8130187988
0.26410517813 160 182 0.0 20.0 13.8701820374
0.263463958252 92 158 0.0 20.0 12.0954933167
0.263260815524 108 129 0.0 20.0 14.9198188782
0.263112395741 162 182 0.0 20.0 7.71698570251
0.262395476191 101 183 0.0 20.0 16.8091602325
0.259292983157 102 182 0.0 20.0 16.634475708
0.258759099351 101 180 0.0 20.0 7.54162359238
0.258398636168 127 156 0.0 20.0 29.5443058014
0.258284165608 109 126 0.0 20.0 9.23975276947
0.257343425182 21 126 0.0 20.0 5.02599573135
0.255112711442 160 175 0.0 20.0 35.5383148193
0.252336142806 150 166 0.0 20.0 8.24713230133
0.247835784285 107 128 0.0 20.0 8.7637424469
0.247089521445 101 123 0.0 20.0 22.8572273254
0.2459469601 146 166 0.0 20.0 11.1028003693
0.244048051438 106 186 0.0 20.0 19.2992343903
0.243284832814 98 175 0.0 20.0 19.1486968994
0.23997544295 92 156 0.0 20.0 15.2967777252
0.237392004724 141 156 0.0 20.0 37.7219429016
0.237386869069 145 166 0.0 20.0 12.7064695358
0.231173770652 106 126 0.0 20.0 5.58643817902
0.223482390864 111 126 0.0 20.0 15.4596176147
0.222114294874 208 238 0.0 20.0 999.9
0.218177183514 101 124 0.0 20.0 21.6174678802
0.216964924414 97 186 0.0 20.0 15.2512292862
0.216672042584 91 107 0.0 20.0 19.8718471527
0.214840733929 144 158 0.0 20.0 35.1050567627
0.213838290385 145 167 0.0 20.0 9.06172466278
0.208754620569 74 167 0.0 20.0 21.9468402863
0.206784700726 90 162 0.0 20.0 19.1498756409
0.20600454808 89 158 0.0 20.0 19.1152515411
0.205150766969 104 166 0.0 20.0 15.0094909668
0.202823676881 143 157 0.0 20.0 39.1472969055
0.201152954179 99 175 0.0 20.0 17.1892375946
0.195139259161 102 166 0.0 20.0 14.1166381836
0.195065058029 101 175 0.0 20.0 12.4024572372
0.194381832358 98 186 0.0 20.0 17.9557933807
0.193084996843 50 130 0.0 20.0 20.5386695862
0.193084996843 49 130 0.0 20.0 22.5876178741
0.191769728723 90 158 0.0 20.0 16.6194782257
0.180200543814 108 124 0.0 20.0 5.48208236694
0.179072394372 203 224 0.0 20.0 4.57034301758
0.177887123109 97 172 0.0 20.0 24.7256011963
0.177496932517 102 175 0.0 20.0 13.1844682693
0.175933062359 157 238 0.0 20.0 999.9
0.169194313566 197 238 0.0 20.0 999.9
0.16709032468 145 165 0.0 20.0 14.6233005524
0.166594599347 87 143 0.0 20.0 33.2545204163
0.165676385545 92 160 0.0 20.0 8.93987464905
0.16496321024 93 106 0.0 20.0 16.3157272339
0.164115775322 47 86 0.0 20.0 30.1102104187
0.160977475916 197 237 0.0 20.0 999.9
0.158737944982 89 162 0.0 20.0 20.4880657196
0.155597246586 28 84 0.0 20.0 25.7589244843
0.152747275487 76 151 0.0 20.0 19.0237255096
0.149379912162 106 142 0.0 20.0 19.3040447235
0.1488563612 203 238 0.0 20.0 999.9
0.145436573118 106 213 0.0 20.0 27.8826961517
0.142272200253 97 190 0.0 20.0 25.757648468
0.140749242037 84 97 0.0 20.0 19.39960289
0.136001255899 101 172 0.0 20.0 16.3131160736
0.135556793428 46 86 0.0 20.0 26.9531040192
0.13211983147 101 194 0.0 20.0 33.3838272095
0.131896511524 15 28 0.0 20.0 13.6419744492
0.131481683841 1 98 0.0 20.0 35.0280456543
0.129789723346 74 115 0.0 20.0 23.4067058563
0.128243108309 79 109 0.0 20.0 26.2466812134
0.127848302085 101 176 0.0 20.0 9.89354610443
0.123513411667 86 100 0.0 20.0 31.4303455353
0.12321036326 92 141 0.0 20.0 30.9246578217
0.122741688132 5 108 0.0 20.0 26.4145050049
0.121462687123 115 145 0.0 20.0 29.9256057739
0.119247478742 100 186 0.0 20.0 24.3619537354
0.11634531464 46 107 0.0 20.0 19.9207630157
0.112501921861 101 193 0.0 20.0 34.1545562744
0.110111902076 99 186 0.0 20.0 21.1742401123
0.104395369071 85 132 0.0 20.0 39.8947410583
0.103378186276 145 212 0.0 20.0 22.1080436707
0.103133152414 74 161 0.0 20.0 16.1619987488
0.0972402917267 42 145 0.0 20.0 14.817027092
0.0940864896819 106 232 0.0 20.0 999.9
0.0917564402061 77 166 0.0 20.0 26.8687438965
0.0906767333722 130 143 0.0 20.0 19.4366149902
0.0901715391636 142 156 0.0 20.0 38.9867591858
0.0898719378703 74 120 0.0 20.0 20.6586170197
0.0898098306177 51 86 0.0 20.0 37.3693351746
0.0857611206137 81 107 0.0 20.0 26.7290534973
0.0846618829232 119 145 0.0 20.0 24.1272735596
0.0829264832521 113 148 0.0 20.0 24.7113990784
0.0824177884501 89 147 0.0 20.0 29.020816803
0.0780745382609 115 143 0.0 20.0 31.8793087006
0.0746435267491 129 143 0.0 20.0 22.7072582245
0.0732380273839 103 151 0.0 20.0 23.5955963135
0.071299057576 74 102 0.0 20.0 35.4566116333
0.0707914109989 79 124 0.0 20.0 30.0729923248
0.0683812356292 106 217 0.0 20.0 20.2473449707
0.0683400676277 9 31 0.0 20.0 22.0564002991
0.0682786783658 108 149 0.0 20.0 20.2625007629
