0.00626752147157 95 126 0.0 20.0 11.7617750168
0.00622039255538 94 126 0.0 20.0 14.409406662
0.0061212445363 151 166 0.0 20.0 9.91114425659
0.00604536020538 104 126 0.0 20.0 10.4553308487
0.00591226940188 151 167 0.0 20.0 12.2077722549
0.0058210578815 101 166 0.0 20.0 10.324464798
0.00581848497666 152 166 0.0 20.0 12.9903507233
0.00581647899891 92 126 0.0 20.0 19.7700634003
0.00570333711295 92 125 0.0 20.0 16.8085479736
0.00566882589827 101 167 0.0 20.0 10.6371593475
0.00566649880733 102 131 0.0 20.0 9.02968406677
0.00558745856311 92 123 0.0 20.0 12.1888198853
0.00557632557416 108 126 0.0 20.0 6.49481678009
0.00553587989286 144 166 0.0 20.0 15.8698949814
0.00544316242651 97 170 0.0 20.0 20.3650627136
0.00544247928393 95 162 0.0 20.0 9.80913829803
0.00536213364584 166 236 0.0 20.0 999.9
0.00535012497641 103 126 0.0 20.0 14.1297721863
0.00534620860548 93 126 0.0 20.0 16.2860603333
0.00534508375304 101 165 0.0 20.0 13.4369974136
0.00532913426834 92 124 0.0 20.0 14.5032720566
0.00532623695429 151 163 0.0 20.0 5.53139638901
0.00532117802987 108 125 0.0 20.0 4.42570734024
0.00531074005838 108 128 0.0 20.0 11.7694892883
0.00529844887798 97 177 0.0 20.0 16.0120105743
0.00528747832643 101 164 0.0 20.0 15.2637586594
0.0052868029464 154 166 0.0 20.0 18.8388080597
0.00528600681333 107 129 0.0 20.0 11.6036930084
0.00528454725659 151 165 0.0 20.0 6.2991809845
0.0052695592844 101 128 0.0 20.0 13.0396490097
0.00526423631489 105 126 0.0 20.0 8.2334280014
0.00524793808637 94 162 0.0 20.0 9.88283729553
0.00524186424795 107 123 0.0 20.0 10.3382358551
0.00523947925446 97 175 0.0 20.0 22.8663959503
0.00523651403907 101 174 0.0 20.0 15.9718980789
0.00523484970742 107 126 0.0 20.0 5.38833189011
0.00522489761605 149 166 0.0 20.0 8.479637146
0.00520181085906 97 169 0.0 20.0 16.7287216187
0.00518610039642 97 173 0.0 20.0 26.3460597992
0.00515984094443 104 131 0.0 20.0 7.20438861847
0.00514791883354 106 129 0.0 20.0 9.24825668335
0.0051415808954 107 127 0.0 20.0 6.33012533188
0.00513256087412 102 126 0.0 20.0 17.5754528046
0.00511557059384 106 127 0.0 20.0 4.23187875748
0.00510727100344 150 166 0.0 20.0 8.24713230133
0.00509560234014 146 166 0.0 20.0 11.1028003693
0.00509007451134 95 107 0.0 20.0 7.52470302582
0.00508278016398 103 131 0.0 20.0 6.36481380463
0.00508021128744 108 127 0.0 20.0 8.62881278992
0.00507996891336 145 166 0.0 20.0 12.7064695358
0.00507971862217 166 238 0.0 20.0 999.9
0.0050775276459 97 174 0.0 20.0 25.8148117065
0.00507450194803 208 226 0.0 20.0 24.7762699127
0.00503696177953 145 167 0.0 20.0 9.06172466278
0.005034136658 166 231 0.0 20.0 999.9
0.00502661629572 108 129 0.0 20.0 14.9198188782
0.00502515253516 97 176 0.0 20.0 19.4053726196
0.00501740417453 109 126 0.0 20.0 9.23975276947
0.00500301085199 208 224 0.0 20.0 18.0142478943
0.00499806350225 107 128 0.0 20.0 8.7637424469
0.0049971360461 105 166 0.0 20.0 13.3090353012
0.00499668211842 101 123 0.0 20.0 22.8572273254
0.00498392801294 208 230 0.0 20.0 35.4303016663
0.00497871487836 101 178 0.0 20.0 5.50555038452
0.00496722096931 106 126 0.0 20.0 5.58643817902
0.00495298369645 111 126 0.0 20.0 15.4596176147
0.004951585246 145 165 0.0 20.0 14.6233005524
0.00494316339285 101 124 0.0 20.0 21.6174678802
0.00493817031067 101 179 0.0 20.0 6.28411340714
0.00492379621974 101 177 0.0 20.0 6.68915843964
0.00489879020085 162 174 0.0 20.0 31.8298912048
0.00489704080911 100 166 0.0 20.0 9.65291023254
0.00488339154937 101 163 0.0 20.0 18.5242214203
0.00488295136339 95 108 0.0 20.0 5.52955341339
0.0048821323511 98 175 0.0 20.0 19.1486968994
0.00487286602143 108 124 0.0 20.0 5.48208236694
0.00486040758974 101 169 0.0 20.0 10.9699411392
0.00484233926866 101 170 0.0 20.0 13.0931692123
0.00483085249941 97 171 0.0 20.0 21.3890094757
0.00480306016608 99 175 0.0 20.0 17.1892375946
0.00479163453621 101 175 0.0 20.0 12.4024572372
0.00476558895086 20 126 0.0 20.0 5.7630610466
0.00475993642882 97 181 0.0 20.0 6.11320114136
0.00475939536501 97 172 0.0 20.0 24.7256011963
0.00475866306387 102 175 0.0 20.0 13.1844682693
0.00475806028642 203 224 0.0 20.0 4.57034301758
0.00475411943186 94 107 0.0 20.0 10.8214006424
0.00473131740566 94 108 0.0 20.0 7.97747564316
0.00469106416434 93 107 0.0 20.0 13.3324785233
0.0046910233021 104 166 0.0 20.0 15.0094909668
0.00468078488883 101 172 0.0 20.0 16.3131160736
0.0046722409507 102 166 0.0 20.0 14.1166381836
0.00466548360407 101 176 0.0 20.0 9.89354610443
0.00464738040941 25 126 0.0 20.0 9.7343416214
0.00459526011794 92 108 0.0 20.0 13.6993808746
0.00459509187376 89 108 0.0 20.0 21.5314846039
0.00457097289738 93 108 0.0 20.0 10.3130693436
0.00448915204929 21 126 0.0 20.0 5.02599573135
0.00448110580122 162 178 0.0 20.0 19.6752681732
0.00446814279245 95 158 0.0 20.0 13.0308790207
0.00445962341203 101 184 0.0 20.0 20.3794670105
0.00443615296879 90 113 0.0 20.0 5.59439849854
0.00442294428482 91 108 0.0 20.0 16.4808158875
0.00440435893327 101 181 0.0 20.0 10.9414758682
0.00437162449214 139 151 0.0 20.0 28.4550762177
0.00434111327161 97 183 0.0 20.0 6.79395723343
0.00433409333236 162 181 0.0 20.0 10.6213569641
0.00431444499368 162 175 0.0 20.0 29.0817489624
0.00429429477756 89 107 0.0 20.0 25.0437850952
0.00429306753945 90 107 0.0 20.0 23.0324440002
0.00429212909988 97 184 0.0 20.0 9.3620300293
0.00428358186119 94 106 0.0 20.0 13.4106788635
0.00421609077535 90 108 0.0 20.0 19.6292686462
0.00419761952799 162 184 0.0 20.0 4.72095775604
0.0041914522878 162 185 0.0 20.0 6.5890007019
0.00418542412198 91 106 0.0 20.0 22.4358119965
0.00417833730417 159 175 0.0 20.0 39.124294281
0.00417727034933 161 182 0.0 20.0 11.1518678665
0.00416983315993 162 179 0.0 20.0 16.8130187988
0.0041675710656 160 182 0.0 20.0 13.8701820374
0.00416579252578 162 182 0.0 20.0 7.71698570251
0.00415146133169 160 175 0.0 20.0 35.5383148193
0.0041407192966 101 186 0.0 20.0 26.9201068878
0.0041315300942 94 158 0.0 20.0 12.6610689163
0.00411285332658 139 156 0.0 20.0 40.008266449
0.00407645487912 91 107 0.0 20.0 19.8718471527
0.00407227769904 97 185 0.0 20.0 12.3824996948
0.00405890742875 97 182 0.0 20.0 5.41253566742
0.00400301921935 141 156 0.0 20.0 37.7219429016
0.00399101777735 101 182 0.0 20.0 13.4785308838
0.00399062719347 99 182 0.0 20.0 8.41010189056
0.00398119473309 93 106 0.0 20.0 16.3157272339
0.00394204297746 143 157 0.0 20.0 39.1472969055
0.00393658676106 84 97 0.0 20.0 19.39960289
0.00393222769583 91 158 0.0 20.0 15.0184516907
0.00393116692272 102 182 0.0 20.0 16.634475708
0.0039301684301 101 180 0.0 20.0 7.54162359238
0.00390483420267 86 100 0.0 20.0 31.4303455353
0.003866575089 101 183 0.0 20.0 16.8091602325
0.00374333206408 142 156 0.0 20.0 38.9867591858
0.0037331505934 130 143 0.0 20.0 19.4366149902
0.00371344262955 92 157 0.0 20.0 15.6843299866
0.00370280782519 91 162 0.0 20.0 16.0243549347
0.00368744337713 94 156 0.0 20.0 16.1477985382
0.00367708808331 106 186 0.0 20.0 19.2992343903
0.00366913368862 144 158 0.0 20.0 35.1050567627
0.00365813031995 92 161 0.0 20.0 10.5457782745
0.00364559385454 91 156 0.0 20.0 17.7818813324
0.00362648397215 97 186 0.0 20.0 15.2512292862
0.00358428805807 98 186 0.0 20.0 17.9557933807
0.00356623336893 92 159 0.0 20.0 10.9452085495
0.00355504905021 92 158 0.0 20.0 12.0954933167
0.00351120815343 92 156 0.0 20.0 15.2967777252
0.00344925822235 90 162 0.0 20.0 19.1498756409
0.00344780208128 89 158 0.0 20.0 19.1152515411
0.0034439014927 100 186 0.0 20.0 24.3619537354
0.00342683190776 99 186 0.0 20.0 21.1742401123
0.00342123304369 90 158 0.0 20.0 16.6194782257
0.00337253028192 92 160 0.0 20.0 8.93987464905
0.00335957980579 89 162 0.0 20.0 20.4880657196
0.0032839129673 97 190 0.0 20.0 25.757648468
0.00254370648102 101 194 0.0 20.0 33.3838272095
0.00250728767654 101 193 0.0 20.0 34.1545562744
0.00247016126594 129 143 0.0 20.0 22.7072582245
0.00245933073924 50 130 0.0 20.0 20.5386695862
0.00245933073924 49 130 0.0 20.0 22.5876178741
0.00230480668038 208 238 0.0 20.0 999.9
0.00222644781214 197 238 0.0 20.0 999.9
0.00221428110152 197 237 0.0 20.0 999.9
0.00219633330926 203 238 0.0 20.0 999.9
0.00182206415863 74 167 0.0 20.0 21.9468402863
0.00170946196246 47 86 0.0 20.0 30.1102104187
0.00168121791042 74 161 0.0 20.0 16.1619987488
0.00167137855458 46 86 0.0 20.0 26.9531040192
0.00166604706249 77 166 0.0 20.0 26.8687438965
0.00164808098294 87 143 0.0 20.0 33.2545204163
0.00161037497083 51 86 0.0 20.0 37.3693351746
0.00159022809573 92 141 0.0 20.0 30.9246578217
0.00153583118933 89 147 0.0 20.0 29.020816803
0.00141456491199 106 213 0.0 20.0 27.8826961517
0.00134509884431 74 115 0.0 20.0 23.4067058563
0.0013426749793 79 109 0.0 20.0 26.2466812134
0.00133641691458 106 217 0.0 20.0 20.2473449707
0.00132231394925 15 28 0.0 20.0 13.6419744492
0.00128253943492 74 120 0.0 20.0 20.6586170197
0.00127609693576 81 107 0.0 20.0 26.7290534973
0.00125785626241 9 31 0.0 20.0 22.0564002991
0.00125263631085 79 124 0.0 20.0 30.0729923248
0.00115668368906 115 145 0.0 20.0 29.9256057739
0.00109691422042 119 145 0.0 20.0 24.1272735596
0.00109409569733 113 148 0.0 20.0 24.7113990784
0.00108621548437 115 143 0.0 20.0 31.8793087006
0.0010783603385 103 151 0.0 20.0 23.5955963135
0.00107030568692 108 149 0.0 20.0 20.2625007629
0.000505973460019 50 76 0.0 20.0 42.8388519287
0.000491018849602 127 156 0.0 20.0 29.5443058014
0.000334314651066 157 238 0.0 20.0 999.9
0.000295671765737 28 84 0.0 20.0 25.7589244843
0.000290256142996 76 151 0.0 20.0 19.0237255096
0.000283857352 106 142 0.0 20.0 19.3040447235
0.00024984646243 1 98 0.0 20.0 35.0280456543
0.000233238392424 5 108 0.0 20.0 26.4145050049
0.00022108376189 46 107 0.0 20.0 19.9207630157
0.000198376023903 85 132 0.0 20.0 39.8947410583
0.000196443134731 145 212 0.0 20.0 22.1080436707
0.000184779675646 42 145 0.0 20.0 14.817027092
0.000178786701864 106 232 0.0 20.0 999.9
0.000135485162568 74 102 0.0 20.0 35.4566116333
