1.0 26 78 0.0 20.0 11.0259475708
0.975983744307 25 78 0.0 20.0 13.0686607361
0.942181161231 1 28 0.0 20.0 8.82511520386
0.896345114198 1 29 0.0 20.0 9.62050628662
0.864045974492 2 28 0.0 20.0 5.02760791779
0.838432170166 2 29 0.0 20.0 6.43213796616
0.836580707979 25 191 0.0 20.0 10.903886795
0.787261042905 7 111 0.0 20.0 18.828874588
0.772419024079 1 84 0.0 20.0 29.4418849945
0.749472014469 2 27 0.0 20.0 6.10310077667
0.726411092511 8 111 0.0 20.0 16.5157527924
0.725371585803 7 113 0.0 20.0 25.2663230896
0.714776644988 26 191 0.0 20.0 13.8628749847
0.693636297398 25 192 0.0 20.0 10.0483703613
0.68698887649 23 78 0.0 20.0 13.7533121109
0.659421874984 1 78 0.0 20.0 16.4614830017
0.658835928378 26 192 0.0 20.0 12.2233934402
0.654159118935 24 191 0.0 20.0 12.6409893036
0.64635577465 1 30 0.0 20.0 12.8116283417
0.620411850096 22 78 0.0 20.0 14.5227899551
0.619421952618 24 192 0.0 20.0 11.6502990723
0.602121941839 4 28 0.0 20.0 5.86040735245
0.578395446998 6 113 0.0 20.0 29.0136089325
0.55675090574 2 81 0.0 20.0 20.7959117889
0.539424686644 2 33 0.0 20.0 18.6139469147
0.532279505921 1 77 0.0 20.0 19.633058548
0.531809102896 23 193 0.0 20.0 11.215054512
0.525749305152 22 192 0.0 20.0 6.76649141312
0.521909577763 24 78 0.0 20.0 10.6476993561
0.519220317807 8 113 0.0 20.0 22.6043720245
0.518707018301 27 191 0.0 20.0 14.564789772
0.518469976077 1 25 0.0 20.0 15.5308103561
0.508679194633 23 79 0.0 20.0 11.6301584244
0.506398925074 23 191 0.0 20.0 9.73156166077
0.504566747395 1 27 0.0 20.0 9.4824962616
0.490236842948 22 191 0.0 20.0 8.86793804169
0.48942731697 109 125 0.0 20.0 13.4083042145
0.48615300683 21 78 0.0 20.0 11.3425188065
0.485565974931 7 112 0.0 20.0 22.5866355896
0.483719018616 110 125 0.0 20.0 15.7301616669
0.481390252612 2 32 0.0 20.0 15.3381910324
0.480855089977 29 78 0.0 20.0 17.7476387024
0.476387377724 2 26 0.0 20.0 8.93469238281
0.476131434826 1 26 0.0 20.0 12.1192903519
0.474120618338 20 192 0.0 20.0 10.8281373978
0.473258988455 20 191 0.0 20.0 13.1022520065
0.464870262604 1 81 0.0 20.0 23.1351909637
0.46296421672 101 125 0.0 20.0 10.9861221313
0.455145331448 2 30 0.0 20.0 9.80385684967
0.446776948772 112 125 0.0 20.0 18.2310619354
0.443915580885 23 81 0.0 20.0 12.4461278915
0.437039912113 1 34 0.0 20.0 23.9927253723
0.412633459335 23 77 0.0 20.0 14.3406705856
0.410283673096 27 80 0.0 20.0 17.6260108948
0.409442857328 23 188 0.0 20.0 5.21353340149
0.409373535028 23 80 0.0 20.0 14.2348995209
0.408255166064 20 78 0.0 20.0 11.885761261
0.406133011647 11 36 0.0 20.0 16.3679199219
0.405513817416 23 192 0.0 20.0 8.76269721985
0.40544117507 2 78 0.0 20.0 14.8325185776
0.402878281643 2 34 0.0 20.0 21.5644054413
0.402105964293 26 74 0.0 20.0 12.9408979416
0.399553171979 1 23 0.0 20.0 19.8075294495
0.390262053098 23 189 0.0 20.0 6.14079093933
0.388099777316 108 125 0.0 20.0 13.9437065125
0.386184975674 6 111 0.0 20.0 22.5360946655
0.382402531256 21 192 0.0 20.0 10.18633461
0.381106288766 100 125 0.0 20.0 14.2975711823
0.379465074708 27 193 0.0 20.0 16.1842250824
0.375484330241 2 86 0.0 20.0 31.3928012848
0.37310088902 11 37 0.0 20.0 16.3258838654
0.372865314224 27 78 0.0 20.0 13.6994447708
0.370276511104 23 190 0.0 20.0 9.70204257965
0.365589003718 34 78 0.0 20.0 29.6535587311
0.364494372925 4 78 0.0 20.0 15.6199378967
0.351963148173 2 25 0.0 20.0 12.3557519913
0.345457837755 111 125 0.0 20.0 18.8439865112
0.337870207147 19 78 0.0 20.0 15.5391492844
0.327031354208 19 180 0.0 20.0 13.0535774231
0.325100627949 22 74 0.0 20.0 14.9064264297
0.324352289819 28 71 0.0 20.0 13.274597168
0.321834842199 1 33 0.0 20.0 20.9252185822
0.314471615485 8 112 0.0 20.0 20.2782535553
0.309438458419 100 124 0.0 20.0 17.2072486877
0.304787441629 1 79 0.0 20.0 18.3617401123
0.296771933594 19 74 0.0 20.0 14.1381235123
0.291470232452 32 78 0.0 20.0 23.811170578
0.286445921172 1 83 0.0 20.0 27.946187973
0.2846613501 7 114 0.0 20.0 27.3953304291
0.27575941282 33 81 0.0 20.0 29.4958572388
0.275596499321 102 125 0.0 20.0 9.68561172485
0.274057127624 74 89 0.0 20.0 13.2791013718
0.271837885525 5 28 0.0 20.0 7.06102323532
0.271597922054 1 32 0.0 20.0 17.9483203888
0.268151603417 33 78 0.0 20.0 26.5655021667
0.2629267605 7 84 0.0 20.0 30.7105731964
0.261790128586 27 192 0.0 20.0 12.6749305725
0.260079601937 2 36 0.0 20.0 26.10887146
0.259906456624 21 191 0.0 20.0 12.6349010468
0.251927256127 99 125 0.0 20.0 13.8254299164
0.248482880555 1 86 0.0 20.0 33.1128921509
0.243533032723 27 189 0.0 20.0 14.4286136627
0.240495025951 27 75 0.0 20.0 11.7790145874
0.240167806319 23 76 0.0 20.0 10.8492040634
0.236818356135 107 124 0.0 20.0 15.9798088074
0.232358380205 95 125 0.0 20.0 17.9819736481
0.230810268645 27 39 0.0 20.0 27.7412033081
0.227165090266 1 80 0.0 20.0 21.7579364777
0.223526213436 2 80 0.0 20.0 19.9422283173
0.21845203262 74 133 0.0 20.0 24.2910995483
0.218149306113 1 37 0.0 20.0 25.0276565552
0.217236248063 1 24 0.0 20.0 17.3187351227
0.214205241225 7 82 0.0 20.0 23.670665741
0.21341920474 5 27 0.0 20.0 10.5827331543
0.212620059826 5 113 0.0 20.0 31.7107086182
0.210294681808 4 33 0.0 20.0 13.0452985764
0.210072698724 68 128 0.0 20.0 25.9123859406
0.206392992314 28 191 0.0 20.0 15.9347410202
0.204738048622 28 40 0.0 20.0 20.8644580841
0.20078427072 23 82 0.0 20.0 15.3257656097
0.200147164288 28 41 0.0 20.0 19.404964447
0.198898006827 2 76 0.0 20.0 16.6924648285
0.198451287734 28 70 0.0 20.0 17.0324459076
0.197734858498 2 82 0.0 20.0 22.5359363556
0.197426934681 29 191 0.0 20.0 17.2190494537
0.195547718424 6 112 0.0 20.0 26.2744865417
0.192639376722 3 33 0.0 20.0 16.7600078583
0.192298666451 27 77 0.0 20.0 16.3159999847
0.191340555804 33 193 0.0 20.0 20.2500457764
0.191203682993 33 79 0.0 20.0 28.1691799164
0.190709199187 31 191 0.0 20.0 21.1752510071
0.189941058636 1 126 0.0 20.0 42.3549346924
0.185714097813 82 113 0.0 20.0 38.9441947937
0.183858858499 36 68 0.0 20.0 22.042755127
0.18269754497 27 82 0.0 20.0 20.2523326874
0.17993789599 78 109 0.0 20.0 34.283290863
0.179306452234 7 28 0.0 20.0 13.1821374893
0.179190536735 29 192 0.0 20.0 14.2421245575
0.178282448561 23 83 0.0 20.0 17.7442398071
0.177489885318 37 191 0.0 20.0 28.7699680328
0.177485059414 93 122 0.0 20.0 23.5445766449
0.175068517447 33 83 0.0 20.0 33.4176635742
0.174658935489 28 190 0.0 20.0 18.1492080688
0.168221202552 3 28 0.0 20.0 4.88637590408
0.167549852337 32 192 0.0 20.0 16.8803272247
0.166505615112 31 78 0.0 20.0 21.6855316162
0.166190956204 33 84 0.0 20.0 36.6884727478
0.161216500049 34 192 0.0 20.0 20.5457515717
0.161024972812 72 125 0.0 20.0 27.2187042236
0.161024972812 72 124 0.0 20.0 29.8706703186
0.159280782631 1 118 0.0 20.0 45.2310066223
0.158067232357 28 107 0.0 20.0 26.880241394
0.156875409723 10 28 0.0 20.0 17.1258602142
0.154598514067 28 43 0.0 20.0 22.9826774597
0.154054238471 23 36 0.0 20.0 30.3572273254
0.153405193763 23 38 0.0 20.0 29.8744869232
0.152175409249 28 127 0.0 20.0 36.5476799011
0.150498145821 27 79 0.0 20.0 13.8572769165
0.149876417647 40 83 0.0 20.0 38.2909507751
0.148301132846 7 126 0.0 20.0 27.8315200806
0.145803551662 23 86 0.0 20.0 24.8226242065
0.142697378452 6 23 0.0 20.0 18.5230770111
0.139294230071 23 187 0.0 20.0 8.19461345673
0.139181796417 33 121 0.0 20.0 32.876373291
0.137547714327 11 126 0.0 20.0 20.792886734
0.136977493513 65 112 0.0 20.0 30.1060333252
0.136943606472 80 93 0.0 20.0 14.3614788055
0.136603286383 34 191 0.0 20.0 24.0502891541
0.13420475697 78 114 0.0 20.0 42.3370018005
0.129412498113 5 23 0.0 20.0 15.5464429855
0.127556468316 65 87 0.0 20.0 25.9587459564
0.126593380639 29 66 0.0 20.0 15.8340625763
0.126251785528 36 104 0.0 20.0 24.4790000916
0.125849650648 7 218 0.0 20.0 999.9
0.124530783893 36 78 0.0 20.0 34.1552886963
0.123068980269 33 80 0.0 20.0 30.7861194611
0.12156653549 36 107 0.0 20.0 20.8832530975
0.118883925813 36 66 0.0 20.0 21.7225818634
0.118403176392 19 40 0.0 20.0 25.6689376831
0.118142893848 67 112 0.0 20.0 23.9490413666
0.115631737597 11 128 0.0 20.0 25.1091861725
0.115474481107 1 74 0.0 20.0 17.4355449677
0.113941936966 12 74 0.0 20.0 18.4805183411
0.112056815126 41 113 0.0 20.0 26.8194160461
0.11129559451 28 67 0.0 20.0 17.708065033
0.109902753806 40 82 0.0 20.0 34.5165519714
0.109766021506 17 128 0.0 20.0 25.9897613525
0.109697659659 87 133 0.0 20.0 18.7820854187
0.109255411421 74 126 0.0 20.0 29.2007713318
0.106216286735 28 187 0.0 20.0 18.4319572449
0.10574621193 87 127 0.0 20.0 27.3459320068
0.105614993317 17 129 0.0 20.0 22.3174953461
0.105513786285 13 74 0.0 20.0 15.0737390518
0.102459870887 36 131 0.0 20.0 39.6316261292
0.100657638937 10 33 0.0 20.0 8.86365699768
0.100128968195 7 30 0.0 20.0 7.73489904404
0.0989329466507 107 126 0.0 20.0 13.6323413849
0.09680849429 36 87 0.0 20.0 44.7633094788
0.096488331905 39 192 0.0 20.0 29.5911026001
0.0964810181995 32 74 0.0 20.0 20.441362381
0.0956413093497 73 87 0.0 20.0 16.3522605896
0.0944740040586 17 80 0.0 20.0 15.6231832504
0.0941893868874 7 34 0.0 20.0 9.16224479675
0.0937483785179 33 82 0.0 20.0 29.6794719696
0.0935440725594 36 191 0.0 20.0 29.1914825439
0.0928656801741 111 133 0.0 20.0 26.3616886139
0.0924956159397 28 116 0.0 20.0 38.31457901
0.092320347585 5 33 0.0 20.0 11.1300773621
0.0919154903923 107 127 0.0 20.0 17.346075058
0.0917720294039 30 78 0.0 20.0 19.1813907623
0.0917488454528 70 93 0.0 20.0 11.6332607269
0.0914586005919 80 124 0.0 20.0 37.5500450134
