2kjpA L/5 0.833 0.278 15 3 54.0 L/2 0.733 0.611 33 12 54.0 1.0L 0.571 0.963 52 39 54.0 1.5L 0.449 1.13 61 75 54.0 L/5 0.778 0.35 14 4 40.0 L/2 0.667 0.75 30 15 40.0 1.0L 0.363 0.825 33 58 40.0 1.5L 0.257 0.875 35 101 40.0
1se7A L/5 0.25 0.069 4 12 58.0 L/2 0.268 0.19 11 30 58.0 1.0L 0.169 0.241 14 69 58.0 1.5L 0.153 0.328 19 105 58.0 L/5 0.188 0.15 3 13 20.0 L/2 0.122 0.25 5 36 20.0 1.0L 0.06 0.25 5 78 20.0 1.5L 0.04 0.25 5 119 20.0
1couA L/5 0.588 0.082 10 7 122.0 L/2 0.381 0.131 16 26 122.0 1.0L 0.306 0.213 26 59 122.0 1.5L 0.252 0.262 32 95 122.0 L/5 0.176 0.097 3 14 31.0 L/2 0.143 0.194 6 36 31.0 1.0L 0.094 0.258 8 77 31.0 1.5L 0.071 0.29 9 118 31.0
2xuvA L/5 0.308 0.073 4 9 55.0 L/2 0.206 0.127 7 27 55.0 1.0L 0.174 0.218 12 57 55.0 1.5L 0.155 0.291 16 87 55.0 L/5 0.154 0.111 2 11 18.0 L/2 0.118 0.222 4 30 18.0 1.0L 0.101 0.389 7 62 18.0 1.5L 0.087 0.5 9 94 18.0
2da4A L/5 0.25 0.174 4 12 23.0 L/2 0.15 0.261 6 34 23.0 1.0L 0.138 0.478 11 69 23.0 1.5L 0.117 0.609 14 106 23.0 L/5 0.375 0.4 6 10 15.0 L/2 0.225 0.6 9 31 15.0 1.0L 0.125 0.667 10 70 15.0 1.5L 0.1 0.8 12 108 15.0
1luzA L/5 0.824 0.141 14 3 99.0 L/2 0.714 0.303 30 12 99.0 1.0L 0.612 0.525 52 33 99.0 1.5L 0.512 0.657 65 62 99.0 L/5 0.647 0.216 11 6 51.0 L/2 0.524 0.431 22 20 51.0 1.0L 0.412 0.686 35 50 51.0 1.5L 0.315 0.784 40 87 51.0
1u9dA L/5 0.292 0.046 7 17 151.0 L/2 0.328 0.132 20 41 151.0 1.0L 0.336 0.272 41 81 151.0 1.5L 0.306 0.371 56 127 151.0 L/5 0.125 0.176 3 21 17.0 L/2 0.18 0.647 11 50 17.0 1.0L 0.123 0.882 15 107 17.0 1.5L 0.082 0.882 15 168 17.0
2lqlA L/5 0.125 0.061 2 14 33.0 L/2 0.049 0.061 2 39 33.0 1.0L 0.036 0.091 3 80 33.0 1.5L 0.032 0.121 4 120 33.0 L/5 0.125 0.087 2 14 23.0 L/2 0.073 0.13 3 38 23.0 1.0L 0.084 0.304 7 76 23.0 1.5L 0.056 0.304 7 117 23.0
3sxuB L/5 0.85 0.175 17 3 97.0 L/2 0.608 0.32 31 20 97.0 1.0L 0.451 0.474 46 56 97.0 1.5L 0.386 0.608 59 94 97.0 L/5 0.4 0.131 8 12 61.0 L/2 0.373 0.311 19 32 61.0 1.0L 0.275 0.459 28 74 61.0 1.5L 0.216 0.541 33 120 61.0
2lc0A L/5 0.231 0.032 6 20 188.0 L/2 0.212 0.074 14 52 188.0 1.0L 0.22 0.154 29 103 188.0 1.5L 0.192 0.202 38 160 188.0 L/5 0.115 0.111 3 23 27.0 L/2 0.106 0.259 7 59 27.0 1.0L 0.098 0.481 13 119 27.0 1.5L 0.071 0.519 14 184 27.0
2z59A L/5 0.81 0.207 17 4 82.0 L/2 0.63 0.415 34 20 82.0 1.0L 0.468 0.622 51 58 82.0 1.5L 0.393 0.78 64 99 82.0 L/5 0.81 0.183 17 4 93.0 L/2 0.648 0.376 35 19 93.0 1.0L 0.44 0.516 48 61 93.0 1.5L 0.38 0.667 62 101 93.0
3g21A L/5 0.467 0.163 7 8 43.0 L/2 0.316 0.279 12 26 43.0 1.0L 0.221 0.395 17 60 43.0 1.5L 0.183 0.488 21 94 43.0 L/5 0.467 0.212 7 8 33.0 L/2 0.289 0.333 11 27 33.0 1.0L 0.169 0.394 13 64 33.0 1.5L 0.122 0.424 14 101 33.0
1bnoA L/5 0.765 0.265 13 4 49.0 L/2 0.558 0.49 24 19 49.0 1.0L 0.402 0.714 35 52 49.0 1.5L 0.308 0.816 40 90 49.0 L/5 0.706 0.333 12 5 36.0 L/2 0.419 0.5 18 25 36.0 1.0L 0.276 0.667 24 63 36.0 1.5L 0.208 0.75 27 103 36.0
1ywyA L/5 0.5 0.135 7 7 52.0 L/2 0.514 0.365 19 18 52.0 1.0L 0.378 0.538 28 46 52.0 1.5L 0.306 0.654 34 77 52.0 L/5 0.5 0.149 7 7 47.0 L/2 0.486 0.383 18 19 47.0 1.0L 0.351 0.553 26 48 47.0 1.5L 0.261 0.617 29 82 47.0
2fzpA L/5 0.538 0.079 14 12 177.0 L/2 0.284 0.107 19 48 177.0 1.0L 0.216 0.164 29 105 177.0 1.5L 0.169 0.192 34 167 177.0 L/5 0.5 0.317 13 13 41.0 L/2 0.239 0.39 16 51 41.0 1.0L 0.172 0.561 23 111 41.0 1.5L 0.119 0.585 24 177 41.0
2lz0A L/5 0.6 0.129 12 8 93.0 L/2 0.62 0.333 31 19 93.0 1.0L 0.46 0.495 46 54 93.0 1.5L 0.413 0.667 62 88 93.0 L/5 0.65 0.134 13 7 97.0 L/2 0.58 0.299 29 21 97.0 1.0L 0.38 0.392 38 62 97.0 1.5L 0.293 0.454 44 106 97.0
2dirA L/5 0.947 0.164 18 1 110.0 L/2 0.796 0.355 39 10 110.0 1.0L 0.663 0.591 65 33 110.0 1.5L 0.537 0.718 79 68 110.0 L/5 0.684 0.542 13 6 24.0 L/2 0.408 0.833 20 29 24.0 1.0L 0.204 0.833 20 78 24.0 1.5L 0.136 0.833 20 127 24.0
3t7lA L/5 0.5 0.123 7 7 57.0 L/2 0.432 0.281 16 21 57.0 1.0L 0.432 0.561 32 42 57.0 1.5L 0.378 0.737 42 69 57.0 L/5 0.357 0.098 5 9 51.0 L/2 0.351 0.255 13 24 51.0 1.0L 0.284 0.412 21 53 51.0 1.5L 0.243 0.529 27 84 51.0
1yr1A L/5 0.826 0.15 19 4 127.0 L/2 0.661 0.307 39 20 127.0 1.0L 0.622 0.583 74 45 127.0 1.5L 0.517 0.724 92 86 127.0 L/5 0.826 0.235 19 4 81.0 L/2 0.627 0.457 37 22 81.0 1.0L 0.496 0.728 59 60 81.0 1.5L 0.343 0.753 61 117 81.0
1wi9A L/5 0.429 0.273 6 8 22.0 L/2 0.389 0.636 14 22 22.0 1.0L 0.306 1.0 22 50 22.0 1.5L 0.231 1.136 25 83 22.0 L/5 0.429 0.75 6 8 8.0 L/2 0.222 1.0 8 28 8.0 1.0L 0.111 1.0 8 64 8.0 1.5L 0.074 1.0 8 100 8.0
3rfeA L/5 0.87 0.167 20 3 120.0 L/2 0.729 0.358 43 16 120.0 1.0L 0.571 0.567 68 51 120.0 1.5L 0.511 0.758 91 87 120.0 L/5 0.652 0.121 15 8 124.0 L/2 0.542 0.258 32 27 124.0 1.0L 0.42 0.403 50 69 124.0 1.5L 0.348 0.5 62 116 124.0
2ko2A L/5 0.0 0.0 0 13 40.0 L/2 0.0 0.0 0 33 40.0 1.0L 0.0 0.0 0 67 40.0 1.5L 0.0 0.0 0 100 40.0 L/5 0.0 0.0 0 13 13.0 L/2 0.0 0.0 0 33 13.0 1.0L 0.03 0.154 2 65 13.0 1.5L 0.03 0.231 3 97 13.0
3a38A L/5 0.375 0.065 6 10 92.0 L/2 0.293 0.13 12 29 92.0 1.0L 0.253 0.228 21 62 92.0 1.5L 0.218 0.293 27 97 92.0 L/5 0.375 0.194 6 10 31.0 L/2 0.244 0.323 10 31 31.0 1.0L 0.157 0.419 13 70 31.0 1.5L 0.129 0.516 16 108 31.0
3glvA L/5 0.792 0.111 19 5 171.0 L/2 0.803 0.287 49 12 171.0 1.0L 0.639 0.456 78 44 171.0 1.5L 0.607 0.649 111 72 171.0 L/5 0.625 0.455 15 9 33.0 L/2 0.328 0.606 20 41 33.0 1.0L 0.197 0.727 24 98 33.0 1.5L 0.142 0.788 26 157 33.0
1a1xA L/5 0.619 0.134 13 8 97.0 L/2 0.434 0.237 23 30 97.0 1.0L 0.302 0.33 32 74 97.0 1.5L 0.214 0.351 34 125 97.0 L/5 0.619 0.197 13 8 66.0 L/2 0.434 0.348 23 30 66.0 1.0L 0.264 0.424 28 78 66.0 1.5L 0.201 0.485 32 127 66.0
2krkA L/5 0.941 0.242 16 1 66.0 L/2 0.814 0.53 35 8 66.0 1.0L 0.663 0.864 57 29 66.0 1.5L 0.488 0.955 63 66 66.0 L/5 0.765 0.419 13 4 31.0 L/2 0.581 0.806 25 18 31.0 1.0L 0.326 0.903 28 58 31.0 1.5L 0.217 0.903 28 101 31.0
3r87A L/5 0.962 0.132 25 1 190.0 L/2 0.879 0.305 58 8 190.0 1.0L 0.75 0.521 99 33 190.0 1.5L 0.672 0.7 133 65 190.0 L/5 0.769 0.4 20 6 50.0 L/2 0.515 0.68 34 32 50.0 1.0L 0.341 0.9 45 87 50.0 1.5L 0.227 0.9 45 153 50.0
2vlqB L/5 0.731 0.127 19 7 150.0 L/2 0.463 0.207 31 36 150.0 1.0L 0.343 0.307 46 88 150.0 1.5L 0.259 0.347 52 149 150.0 L/5 0.577 0.211 15 11 71.0 L/2 0.373 0.352 25 42 71.0 1.0L 0.246 0.465 33 101 71.0 1.5L 0.199 0.563 40 161 71.0
3lyyA L/5 0.8 0.142 16 4 113.0 L/2 0.588 0.265 30 21 113.0 1.0L 0.529 0.478 54 48 113.0 1.5L 0.431 0.584 66 87 113.0 L/5 0.7 0.2 14 6 70.0 L/2 0.529 0.386 27 24 70.0 1.0L 0.422 0.614 43 59 70.0 1.5L 0.327 0.714 50 103 70.0
2npbA L/5 0.529 0.098 9 8 92.0 L/2 0.432 0.207 19 25 92.0 1.0L 0.398 0.38 35 53 92.0 1.5L 0.348 0.5 46 86 92.0 L/5 0.471 0.381 8 9 21.0 L/2 0.295 0.619 13 31 21.0 1.0L 0.193 0.81 17 71 21.0 1.5L 0.136 0.857 18 114 21.0
2k4nA L/5 0.5 0.131 11 11 84.0 L/2 0.418 0.274 23 32 84.0 1.0L 0.252 0.333 28 83 84.0 1.5L 0.187 0.369 31 135 84.0 L/5 0.409 0.231 9 13 39.0 L/2 0.291 0.41 16 39 39.0 1.0L 0.18 0.513 20 91 39.0 1.5L 0.151 0.641 25 141 39.0
2klqA L/5 0.455 0.13 10 12 77.0 L/2 0.281 0.208 16 41 77.0 1.0L 0.219 0.325 25 89 77.0 1.5L 0.175 0.39 30 141 77.0 L/5 0.318 0.212 7 15 33.0 L/2 0.175 0.303 10 47 33.0 1.0L 0.14 0.485 16 98 33.0 1.5L 0.123 0.636 21 150 33.0
1gh8A L/5 0.765 0.092 13 4 142.0 L/2 0.727 0.225 32 12 142.0 1.0L 0.607 0.38 54 35 142.0 1.5L 0.549 0.514 73 60 142.0 L/5 0.941 0.421 16 1 38.0 L/2 0.659 0.763 29 15 38.0 1.0L 0.337 0.789 30 59 38.0 1.5L 0.233 0.816 31 102 38.0
2lwxA L/5 1.0 0.212 17 0 80.0 L/2 0.795 0.438 35 9 80.0 1.0L 0.625 0.688 55 33 80.0 1.5L 0.492 0.813 65 67 80.0 L/5 0.647 0.393 11 6 28.0 L/2 0.364 0.571 16 28 28.0 1.0L 0.227 0.714 20 68 28.0 1.5L 0.152 0.714 20 112 28.0
1fadA L/5 0.421 0.1 8 11 80.0 L/2 0.532 0.313 25 22 80.0 1.0L 0.358 0.425 34 61 80.0 1.5L 0.31 0.55 44 98 80.0 L/5 0.684 0.722 13 6 18.0 L/2 0.298 0.778 14 33 18.0 1.0L 0.147 0.778 14 81 18.0 1.5L 0.106 0.833 15 127 18.0
2l76A L/5 0.737 0.171 14 5 82.0 L/2 0.532 0.305 25 22 82.0 1.0L 0.432 0.5 41 54 82.0 1.5L 0.366 0.634 52 90 82.0 L/5 0.579 0.256 11 8 43.0 L/2 0.383 0.419 18 29 43.0 1.0L 0.295 0.651 28 67 43.0 1.5L 0.211 0.698 30 112 43.0
2di7A L/5 0.625 0.13 15 9 115.0 L/2 0.484 0.261 30 32 115.0 1.0L 0.355 0.383 44 80 115.0 1.5L 0.274 0.443 51 135 115.0 L/5 0.542 0.217 13 11 60.0 L/2 0.403 0.417 25 37 60.0 1.0L 0.29 0.6 36 88 60.0 1.5L 0.226 0.7 42 144 60.0
2lw6A L/5 0.688 0.136 11 5 81.0 L/2 0.4 0.198 16 24 81.0 1.0L 0.287 0.284 23 57 81.0 1.5L 0.292 0.432 35 85 81.0 L/5 0.688 0.145 11 5 76.0 L/2 0.4 0.211 16 24 76.0 1.0L 0.287 0.303 23 57 76.0 1.5L 0.25 0.395 30 90 76.0
3goeA L/5 0.875 0.175 14 2 80.0 L/2 0.7 0.35 28 12 80.0 1.0L 0.537 0.537 43 37 80.0 1.5L 0.408 0.613 49 71 80.0 L/5 0.875 0.341 14 2 41.0 L/2 0.575 0.561 23 17 41.0 1.0L 0.388 0.756 31 49 41.0 1.5L 0.267 0.78 32 88 41.0
1ucrA L/5 0.929 0.333 13 1 39.0 L/2 0.865 0.821 32 5 39.0 1.0L 0.554 1.051 41 33 39.0 1.5L 0.387 1.103 43 68 39.0 L/5 0.929 0.542 13 1 24.0 L/2 0.568 0.875 21 16 24.0 1.0L 0.311 0.958 23 51 24.0 1.5L 0.207 0.958 23 88 24.0
2kcnA L/5 0.909 0.192 10 1 52.0 L/2 0.778 0.404 21 6 52.0 1.0L 0.6 0.635 33 22 52.0 1.5L 0.476 0.75 39 43 52.0 L/5 0.636 0.206 7 4 34.0 L/2 0.444 0.353 12 15 34.0 1.0L 0.273 0.441 15 40 34.0 1.5L 0.207 0.5 17 65 34.0
1earA L/5 0.714 0.098 20 8 205.0 L/2 0.62 0.215 44 27 205.0 1.0L 0.38 0.263 54 88 205.0 1.5L 0.329 0.341 70 143 205.0 L/5 0.571 0.281 16 12 57.0 L/2 0.394 0.491 28 43 57.0 1.0L 0.246 0.614 35 107 57.0 1.5L 0.188 0.702 40 173 57.0
2jn9A L/5 0.429 0.073 9 12 123.0 L/2 0.385 0.163 20 32 123.0 1.0L 0.324 0.276 34 71 123.0 1.5L 0.255 0.325 40 117 123.0 L/5 0.429 0.184 9 12 49.0 L/2 0.308 0.327 16 36 49.0 1.0L 0.21 0.449 22 83 49.0 1.5L 0.172 0.551 27 130 49.0
2eqkA L/5 0.824 0.264 14 3 53.0 L/2 0.714 0.566 30 12 53.0 1.0L 0.506 0.811 43 42 53.0 1.5L 0.409 0.981 52 75 53.0 L/5 0.882 0.278 15 2 54.0 L/2 0.714 0.556 30 12 54.0 1.0L 0.459 0.722 39 46 54.0 1.5L 0.354 0.833 45 82 54.0
2xppA L/5 0.852 0.17 23 4 135.0 L/2 0.647 0.326 44 24 135.0 1.0L 0.533 0.541 73 64 135.0 1.5L 0.439 0.667 90 115 135.0 L/5 0.593 0.457 16 11 35.0 L/2 0.338 0.657 23 45 35.0 1.0L 0.175 0.686 24 113 35.0 1.5L 0.132 0.771 27 178 35.0
2ktaA L/5 0.214 0.15 3 11 20.0 L/2 0.297 0.55 11 26 20.0 1.0L 0.176 0.65 13 61 20.0 1.5L 0.126 0.7 14 97 20.0 L/5 0.143 0.222 2 12 9.0 L/2 0.108 0.444 4 33 9.0 1.0L 0.068 0.556 5 69 9.0 1.5L 0.045 0.556 5 106 9.0
2eapA L/5 0.389 0.106 7 11 66.0 L/2 0.289 0.197 13 32 66.0 1.0L 0.244 0.333 22 68 66.0 1.5L 0.193 0.394 26 109 66.0 L/5 0.278 0.143 5 13 35.0 L/2 0.222 0.286 10 35 35.0 1.0L 0.189 0.486 17 73 35.0 1.5L 0.148 0.571 20 115 35.0
1wpiA L/5 0.577 0.081 15 11 186.0 L/2 0.424 0.151 28 38 186.0 1.0L 0.316 0.226 42 91 186.0 1.5L 0.261 0.28 52 147 186.0 L/5 0.346 0.2 9 17 45.0 L/2 0.227 0.333 15 51 45.0 1.0L 0.135 0.4 18 115 45.0 1.5L 0.126 0.556 25 174 45.0
2k8oA L/5 0.0 0.0 0 12 84.0 L/2 0.1 0.036 3 27 84.0 1.0L 0.083 0.06 5 55 84.0 1.5L 0.056 0.06 5 85 84.0 L/5 0.0 0.0 0 12 15.0 L/2 0.033 0.067 1 29 15.0 1.0L 0.017 0.067 1 59 15.0 1.5L 0.044 0.267 4 86 15.0
2lfvA L/5 0.667 0.165 14 7 85.0 L/2 0.623 0.388 33 20 85.0 1.0L 0.358 0.447 38 68 85.0 1.5L 0.296 0.553 47 112 85.0 L/5 0.524 0.55 11 10 20.0 L/2 0.283 0.75 15 38 20.0 1.0L 0.16 0.85 17 89 20.0 1.5L 0.119 0.95 19 140 20.0
2jmlA L/5 0.563 0.176 9 7 51.0 L/2 0.5 0.392 20 20 51.0 1.0L 0.457 0.725 37 44 51.0 1.5L 0.347 0.824 42 79 51.0 L/5 0.313 0.263 5 11 19.0 L/2 0.25 0.526 10 30 19.0 1.0L 0.148 0.632 12 69 19.0 1.5L 0.107 0.684 13 108 19.0
1kn6A L/5 0.714 0.102 10 4 98.0 L/2 0.639 0.235 23 13 98.0 1.0L 0.493 0.367 36 37 98.0 1.5L 0.431 0.48 47 62 98.0 L/5 0.786 0.393 11 3 28.0 L/2 0.472 0.607 17 19 28.0 1.0L 0.301 0.786 22 51 28.0 1.5L 0.202 0.786 22 87 28.0
1g03A L/5 0.308 0.082 8 18 98.0 L/2 0.224 0.153 15 52 98.0 1.0L 0.164 0.224 22 112 98.0 1.5L 0.149 0.306 30 171 98.0 L/5 0.231 0.273 6 20 22.0 L/2 0.164 0.5 11 56 22.0 1.0L 0.097 0.591 13 121 22.0 1.5L 0.075 0.682 15 186 22.0
1eaqA L/5 0.375 0.046 9 15 196.0 L/2 0.258 0.082 16 46 196.0 1.0L 0.177 0.112 22 102 196.0 1.5L 0.156 0.148 29 157 196.0 L/5 0.333 0.093 8 16 86.0 L/2 0.258 0.186 16 46 86.0 1.0L 0.202 0.291 25 99 86.0 1.5L 0.172 0.372 32 154 86.0
2dy8A L/5 0.769 0.278 10 3 36.0 L/2 0.647 0.611 22 12 36.0 1.0L 0.536 1.028 37 32 36.0 1.5L 0.456 1.306 47 56 36.0 L/5 0.923 0.273 12 1 44.0 L/2 0.647 0.5 22 12 44.0 1.0L 0.435 0.682 30 39 44.0 1.5L 0.32 0.75 33 70 44.0
2l3bA L/5 0.462 0.083 12 14 145.0 L/2 0.369 0.166 24 41 145.0 1.0L 0.3 0.269 39 91 145.0 1.5L 0.256 0.345 50 145 145.0 L/5 0.462 0.167 12 14 72.0 L/2 0.369 0.333 24 41 72.0 1.0L 0.292 0.528 38 92 72.0 1.5L 0.236 0.639 46 149 72.0
1xn6A L/5 0.857 0.209 24 4 115.0 L/2 0.789 0.487 56 15 115.0 1.0L 0.629 0.783 90 53 115.0 1.5L 0.528 0.983 113 101 115.0 L/5 0.893 0.294 25 3 85.0 L/2 0.704 0.588 50 21 85.0 1.0L 0.476 0.8 68 75 85.0 1.5L 0.341 0.859 73 141 85.0
2lkgA L/5 0.071 0.023 2 26 87.0 L/2 0.071 0.057 5 65 87.0 1.0L 0.071 0.115 10 130 87.0 1.5L 0.057 0.138 12 198 87.0 L/5 0.107 0.273 3 25 11.0 L/2 0.071 0.455 5 65 11.0 1.0L 0.043 0.545 6 134 11.0 1.5L 0.033 0.636 7 203 11.0
3cptA L/5 0.739 0.147 17 6 116.0 L/2 0.424 0.216 25 34 116.0 1.0L 0.311 0.319 37 82 116.0 1.5L 0.242 0.371 43 135 116.0 L/5 0.783 0.247 18 5 73.0 L/2 0.475 0.384 28 31 73.0 1.0L 0.336 0.548 40 79 73.0 1.5L 0.247 0.603 44 134 73.0
3nzlA L/5 0.286 0.07 4 10 57.0 L/2 0.25 0.158 9 27 57.0 1.0L 0.178 0.228 13 60 57.0 1.5L 0.156 0.298 17 92 57.0 L/5 0.429 0.462 6 8 13.0 L/2 0.194 0.538 7 29 13.0 1.0L 0.137 0.769 10 63 13.0 1.5L 0.092 0.769 10 99 13.0
1qklA L/5 0.52 0.103 13 12 126.0 L/2 0.317 0.159 20 43 126.0 1.0L 0.173 0.175 22 105 126.0 1.5L 0.137 0.206 26 164 126.0 L/5 0.52 0.255 13 12 51.0 L/2 0.254 0.314 16 47 51.0 1.0L 0.157 0.392 20 107 51.0 1.5L 0.111 0.412 21 169 51.0
1nz9A L/5 1.0 0.44 11 0 25.0 L/2 0.966 1.12 28 1 25.0 1.0L 0.741 1.72 43 15 25.0 1.5L 0.598 2.08 52 35 25.0 L/5 1.0 0.229 11 0 48.0 L/2 0.966 0.583 28 1 48.0 1.0L 0.707 0.854 41 17 48.0 1.5L 0.494 0.896 43 44 48.0
2ai6A L/5 0.76 0.094 19 6 202.0 L/2 0.597 0.183 37 25 202.0 1.0L 0.496 0.307 62 63 202.0 1.5L 0.412 0.381 77 110 202.0 L/5 0.68 0.239 17 8 71.0 L/2 0.484 0.423 30 32 71.0 1.0L 0.4 0.704 50 75 71.0 1.5L 0.299 0.789 56 131 71.0
1s7iA L/5 0.667 0.107 16 8 150.0 L/2 0.532 0.22 33 29 150.0 1.0L 0.46 0.38 57 67 150.0 1.5L 0.355 0.44 66 120 150.0 L/5 0.583 0.5 14 10 28.0 L/2 0.274 0.607 17 45 28.0 1.0L 0.177 0.786 22 102 28.0 1.5L 0.129 0.857 24 162 28.0
2cwrA L/5 0.842 0.094 16 3 170.0 L/2 0.667 0.188 32 16 170.0 1.0L 0.536 0.306 52 45 170.0 1.5L 0.448 0.382 65 80 170.0 L/5 0.579 0.208 11 8 53.0 L/2 0.458 0.415 22 26 53.0 1.0L 0.278 0.509 27 70 53.0 1.5L 0.228 0.623 33 112 53.0
2v1nA L/5 0.545 0.162 12 10 74.0 L/2 0.345 0.257 19 36 74.0 1.0L 0.279 0.419 31 80 74.0 1.5L 0.235 0.527 39 127 74.0 L/5 0.545 0.364 12 10 33.0 L/2 0.345 0.576 19 36 33.0 1.0L 0.225 0.758 25 86 33.0 1.5L 0.163 0.818 27 139 33.0
2ltlA L/5 0.739 0.131 17 6 130.0 L/2 0.424 0.192 25 34 130.0 1.0L 0.336 0.308 40 79 130.0 1.5L 0.287 0.392 51 127 130.0 L/5 0.565 0.289 13 10 45.0 L/2 0.305 0.4 18 41 45.0 1.0L 0.227 0.6 27 92 45.0 1.5L 0.174 0.689 31 147 45.0
2jx0A L/5 0.615 0.119 16 10 134.0 L/2 0.446 0.216 29 36 134.0 1.0L 0.359 0.351 47 84 134.0 1.5L 0.327 0.478 64 132 134.0 L/5 0.423 0.407 11 15 27.0 L/2 0.292 0.704 19 46 27.0 1.0L 0.176 0.852 23 108 27.0 1.5L 0.117 0.852 23 173 27.0
1oo0A L/5 0.571 0.12 16 12 133.0 L/2 0.556 0.301 40 32 133.0 1.0L 0.368 0.398 53 91 133.0 1.5L 0.287 0.466 62 154 133.0 L/5 0.607 0.173 17 11 98.0 L/2 0.556 0.408 40 32 98.0 1.0L 0.41 0.602 59 85 98.0 1.5L 0.315 0.694 68 148 98.0
2k2bA L/5 0.091 0.016 2 20 127.0 L/2 0.055 0.024 3 52 127.0 1.0L 0.045 0.039 5 106 127.0 1.5L 0.06 0.079 10 156 127.0 L/5 0.0 0.0 0 22 43.0 L/2 0.018 0.023 1 54 43.0 1.0L 0.009 0.023 1 110 43.0 1.5L 0.012 0.047 2 164 43.0
2owaA L/5 0.72 0.157 18 7 115.0 L/2 0.438 0.243 28 36 115.0 1.0L 0.313 0.348 40 88 115.0 1.5L 0.25 0.417 48 144 115.0 L/5 0.6 0.273 15 10 55.0 L/2 0.328 0.382 21 43 55.0 1.0L 0.227 0.527 29 99 55.0 1.5L 0.177 0.618 34 158 55.0
1wijA L/5 0.24 0.065 6 19 93.0 L/2 0.206 0.14 13 50 93.0 1.0L 0.157 0.215 20 107 93.0 1.5L 0.126 0.258 24 166 93.0 L/5 0.28 0.25 7 18 28.0 L/2 0.19 0.429 12 51 28.0 1.0L 0.102 0.464 13 114 28.0 1.5L 0.105 0.714 20 170 28.0
1lmiA L/5 0.615 0.069 16 10 232.0 L/2 0.354 0.099 23 42 232.0 1.0L 0.275 0.155 36 95 232.0 1.5L 0.245 0.207 48 148 232.0 L/5 0.577 0.203 15 11 74.0 L/2 0.323 0.284 21 44 74.0 1.0L 0.229 0.405 30 101 74.0 1.5L 0.179 0.473 35 161 74.0
1xc5A L/5 0.692 0.243 9 4 37.0 L/2 0.353 0.324 12 22 37.0 1.0L 0.235 0.432 16 52 37.0 1.5L 0.176 0.486 18 84 37.0 L/5 0.462 0.429 6 7 14.0 L/2 0.235 0.571 8 26 14.0 1.0L 0.132 0.643 9 59 14.0 1.5L 0.098 0.714 10 92 14.0
1ezgA L/5 0.625 2.5 10 6 4.0 L/2 0.512 5.25 21 20 4.0 1.0L 0.378 7.75 31 51 4.0 1.5L 0.309 9.5 38 85 4.0 L/5 0.688 0.071 11 5 155.0 L/2 0.683 0.181 28 13 155.0 1.0L 0.476 0.252 39 43 155.0 1.5L 0.431 0.342 53 70 155.0
2p9xA L/5 0.474 0.143 9 10 63.0 L/2 0.367 0.286 18 31 63.0 1.0L 0.235 0.365 23 75 63.0 1.5L 0.19 0.444 28 119 63.0 L/5 0.263 0.185 5 14 27.0 L/2 0.204 0.37 10 39 27.0 1.0L 0.163 0.593 16 82 27.0 1.5L 0.122 0.667 18 129 27.0
1r26A L/5 0.727 0.111 16 6 144.0 L/2 0.839 0.326 47 9 144.0 1.0L 0.788 0.618 89 24 144.0 1.5L 0.716 0.84 121 48 144.0 L/5 0.636 0.583 14 8 24.0 L/2 0.393 0.917 22 34 24.0 1.0L 0.204 0.958 23 90 24.0 1.5L 0.136 0.958 23 146 24.0
1pucA L/5 0.35 0.189 7 13 37.0 L/2 0.22 0.297 11 39 37.0 1.0L 0.158 0.432 16 85 37.0 1.5L 0.126 0.514 19 132 37.0 L/5 0.4 0.286 8 12 28.0 L/2 0.3 0.536 15 35 28.0 1.0L 0.149 0.536 15 86 28.0 1.5L 0.106 0.571 16 135 28.0
2nqwA L/5 0.941 0.291 16 1 55.0 L/2 0.814 0.636 35 8 55.0 1.0L 0.678 1.073 59 28 55.0 1.5L 0.492 1.164 64 66 55.0 L/5 0.882 0.254 15 2 59.0 L/2 0.767 0.559 33 10 59.0 1.0L 0.448 0.661 39 48 59.0 1.5L 0.346 0.763 45 85 59.0
2ccqA L/5 0.684 0.115 13 6 113.0 L/2 0.429 0.186 21 28 113.0 1.0L 0.354 0.31 35 64 113.0 1.5L 0.284 0.372 42 106 113.0 L/5 0.263 0.278 5 14 18.0 L/2 0.122 0.333 6 43 18.0 1.0L 0.061 0.333 6 93 18.0 1.5L 0.061 0.5 9 139 18.0
2qycA L/5 0.85 0.121 17 3 140.0 L/2 0.784 0.286 40 11 140.0 1.0L 0.618 0.45 63 39 140.0 1.5L 0.516 0.564 79 74 140.0 L/5 0.7 0.467 14 6 30.0 L/2 0.451 0.767 23 28 30.0 1.0L 0.265 0.9 27 75 30.0 1.5L 0.183 0.933 28 125 30.0
2rhkA L/5 0.0 0.0 0 23 177.0 L/2 0.068 0.023 4 55 177.0 1.0L 0.109 0.073 13 106 177.0 1.5L 0.112 0.113 20 158 177.0 L/5 0.043 0.016 1 22 61.0 L/2 0.102 0.098 6 53 61.0 1.0L 0.076 0.148 9 110 61.0 1.5L 0.079 0.23 14 164 61.0
3ffyA L/5 0.818 0.105 18 4 171.0 L/2 0.821 0.269 46 10 171.0 1.0L 0.634 0.415 71 41 171.0 1.5L 0.524 0.515 88 80 171.0 L/5 0.727 0.34 16 6 47.0 L/2 0.375 0.447 21 35 47.0 1.0L 0.25 0.596 28 84 47.0 1.5L 0.19 0.681 32 136 47.0
2pspA L/5 0.714 0.122 15 6 123.0 L/2 0.453 0.195 24 29 123.0 1.0L 0.283 0.244 30 76 123.0 1.5L 0.22 0.285 35 124 123.0 L/5 0.619 0.295 13 8 44.0 L/2 0.321 0.386 17 36 44.0 1.0L 0.217 0.523 23 83 44.0 1.5L 0.17 0.614 27 132 44.0
2loeA L/5 0.12 0.018 3 22 167.0 L/2 0.111 0.042 7 56 167.0 1.0L 0.102 0.078 13 114 167.0 1.5L 0.1 0.114 19 171 167.0 L/5 0.08 0.029 2 23 70.0 L/2 0.048 0.043 3 60 70.0 1.0L 0.079 0.143 10 117 70.0 1.5L 0.068 0.186 13 177 70.0
1pcnA L/5 0.278 0.077 5 13 65.0 L/2 0.217 0.154 10 36 65.0 1.0L 0.129 0.185 12 81 65.0 1.5L 0.122 0.262 17 122 65.0 L/5 0.278 0.055 5 13 91.0 L/2 0.174 0.088 8 38 91.0 1.0L 0.129 0.132 12 81 91.0 1.5L 0.122 0.187 17 122 91.0
2lq7A L/5 0.632 0.125 12 7 96.0 L/2 0.479 0.24 23 25 96.0 1.0L 0.34 0.344 33 64 96.0 1.5L 0.262 0.396 38 107 96.0 L/5 0.579 0.262 11 8 42.0 L/2 0.375 0.429 18 30 42.0 1.0L 0.227 0.524 22 75 42.0 1.5L 0.159 0.548 23 122 42.0
2khqA L/5 0.727 0.143 16 6 112.0 L/2 0.636 0.313 35 20 112.0 1.0L 0.509 0.5 56 54 112.0 1.5L 0.418 0.616 69 96 112.0 L/5 0.636 0.438 14 8 32.0 L/2 0.382 0.656 21 34 32.0 1.0L 0.218 0.75 24 86 32.0 1.5L 0.152 0.781 25 140 32.0
2kp6A L/5 0.4 0.105 6 9 57.0 L/2 0.256 0.175 10 29 57.0 1.0L 0.19 0.263 15 64 57.0 1.5L 0.153 0.316 18 100 57.0 L/5 0.467 0.35 7 8 20.0 L/2 0.256 0.5 10 29 20.0 1.0L 0.165 0.65 13 66 20.0 1.5L 0.119 0.7 14 104 20.0
1uj8A L/5 0.571 0.136 8 6 59.0 L/2 0.389 0.237 14 22 59.0 1.0L 0.26 0.322 19 54 59.0 1.5L 0.22 0.407 24 85 59.0 L/5 0.143 0.091 2 12 22.0 L/2 0.139 0.227 5 31 22.0 1.0L 0.137 0.455 10 63 22.0 1.5L 0.092 0.455 10 99 22.0
3ldcA L/5 0.563 0.164 9 7 55.0 L/2 0.512 0.382 21 20 55.0 1.0L 0.341 0.509 28 54 55.0 1.5L 0.276 0.618 34 89 55.0 L/5 0.688 0.407 11 5 27.0 L/2 0.366 0.556 15 26 27.0 1.0L 0.232 0.704 19 63 27.0 1.5L 0.171 0.778 21 102 27.0
2l3uA L/5 0.526 0.119 10 9 84.0 L/2 0.388 0.226 19 30 84.0 1.0L 0.306 0.357 30 68 84.0 1.5L 0.238 0.417 35 112 84.0 L/5 0.316 0.2 6 13 30.0 L/2 0.265 0.433 13 36 30.0 1.0L 0.153 0.5 15 83 30.0 1.5L 0.129 0.633 19 128 30.0
2h3jA L/5 0.867 0.173 13 2 75.0 L/2 0.73 0.36 27 10 75.0 1.0L 0.493 0.493 37 38 75.0 1.5L 0.42 0.627 47 65 75.0 L/5 0.8 0.343 12 3 35.0 L/2 0.568 0.6 21 16 35.0 1.0L 0.347 0.743 26 49 35.0 1.5L 0.259 0.829 29 83 35.0
2e7mA L/5 0.636 0.1 14 8 140.0 L/2 0.429 0.171 24 32 140.0 1.0L 0.425 0.343 48 65 140.0 1.5L 0.355 0.429 60 109 140.0 L/5 0.5 0.153 11 11 72.0 L/2 0.464 0.361 26 30 72.0 1.0L 0.336 0.528 38 75 72.0 1.5L 0.254 0.597 43 126 72.0
1c7kA L/5 0.615 0.092 16 10 174.0 L/2 0.409 0.155 27 39 174.0 1.0L 0.288 0.218 38 94 174.0 1.5L 0.232 0.264 46 152 174.0 L/5 0.462 0.143 12 14 84.0 L/2 0.288 0.226 19 47 84.0 1.0L 0.197 0.31 26 106 84.0 1.5L 0.172 0.405 34 164 84.0
2f9hA L/5 0.833 0.103 20 4 195.0 L/2 0.567 0.174 34 26 195.0 1.0L 0.372 0.231 45 76 195.0 1.5L 0.365 0.338 66 115 195.0 L/5 0.792 0.247 19 5 77.0 L/2 0.55 0.429 33 27 77.0 1.0L 0.397 0.623 48 73 77.0 1.5L 0.287 0.675 52 129 77.0
2cxyA L/5 0.864 0.211 19 3 90.0 L/2 0.596 0.378 34 23 90.0 1.0L 0.474 0.6 54 60 90.0 1.5L 0.357 0.678 61 110 90.0 L/5 0.591 0.565 13 9 23.0 L/2 0.298 0.739 17 40 23.0 1.0L 0.158 0.783 18 96 23.0 1.5L 0.117 0.87 20 151 23.0
3ov5A L/5 0.563 0.118 9 7 76.0 L/2 0.366 0.197 15 26 76.0 1.0L 0.313 0.342 26 57 76.0 1.5L 0.258 0.421 32 92 76.0 L/5 0.5 0.2 8 8 40.0 L/2 0.268 0.275 11 30 40.0 1.0L 0.157 0.325 13 70 40.0 1.5L 0.121 0.375 15 109 40.0
4gioA L/5 0.158 0.02 3 16 151.0 L/2 0.208 0.066 10 38 151.0 1.0L 0.167 0.106 16 80 151.0 1.5L 0.16 0.152 23 121 151.0 L/5 0.211 0.105 4 15 38.0 L/2 0.188 0.237 9 39 38.0 1.0L 0.167 0.421 16 80 38.0 1.5L 0.125 0.474 18 126 38.0
1wnaA L/5 0.4 0.054 10 15 185.0 L/2 0.302 0.103 19 44 185.0 1.0L 0.236 0.162 30 97 185.0 1.5L 0.189 0.195 36 154 185.0 L/5 0.36 0.153 9 16 59.0 L/2 0.333 0.356 21 42 59.0 1.0L 0.22 0.475 28 99 59.0 1.5L 0.184 0.593 35 155 59.0
2jspA L/5 0.588 0.286 10 7 35.0 L/2 0.395 0.486 17 26 35.0 1.0L 0.253 0.629 22 65 35.0 1.5L 0.192 0.714 25 105 35.0 L/5 0.529 0.3 9 8 30.0 L/2 0.256 0.367 11 32 30.0 1.0L 0.149 0.433 13 74 30.0 1.5L 0.123 0.533 16 114 30.0
2d58A L/5 0.81 0.266 17 4 64.0 L/2 0.528 0.438 28 25 64.0 1.0L 0.29 0.484 31 76 64.0 1.5L 0.237 0.594 38 122 64.0 L/5 0.619 0.394 13 8 33.0 L/2 0.358 0.576 19 34 33.0 1.0L 0.215 0.697 23 84 33.0 1.5L 0.156 0.758 25 135 33.0
1pa4A L/5 0.895 0.2 17 2 85.0 L/2 0.75 0.424 36 12 85.0 1.0L 0.615 0.694 59 37 85.0 1.5L 0.486 0.824 70 74 85.0 L/5 0.842 0.471 16 3 34.0 L/2 0.542 0.765 26 22 34.0 1.0L 0.313 0.882 30 66 34.0 1.5L 0.215 0.912 31 113 34.0
2o37A L/5 0.75 0.286 12 4 42.0 L/2 0.775 0.738 31 9 42.0 1.0L 0.457 0.881 37 44 42.0 1.5L 0.355 1.024 43 78 42.0 L/5 0.813 0.565 13 3 23.0 L/2 0.425 0.739 17 23 23.0 1.0L 0.247 0.87 20 61 23.0 1.5L 0.174 0.913 21 100 23.0
2z4dA L/5 0.842 0.213 16 3 75.0 L/2 0.646 0.413 31 17 75.0 1.0L 0.458 0.587 44 52 75.0 1.5L 0.354 0.68 51 93 75.0 L/5 0.842 0.158 16 3 101.0 L/2 0.646 0.307 31 17 101.0 1.0L 0.427 0.406 41 55 101.0 1.5L 0.354 0.505 51 93 101.0
1v66A L/5 0.769 0.278 10 3 36.0 L/2 0.469 0.417 15 17 36.0 1.0L 0.415 0.75 27 38 36.0 1.5L 0.361 0.972 35 62 36.0 L/5 0.385 0.227 5 8 22.0 L/2 0.313 0.455 10 22 22.0 1.0L 0.215 0.636 14 51 22.0 1.5L 0.155 0.682 15 82 22.0
3nswA L/5 0.619 0.096 13 8 135.0 L/2 0.472 0.185 25 28 135.0 1.0L 0.274 0.215 29 77 135.0 1.5L 0.195 0.23 31 128 135.0 L/5 0.619 0.213 13 8 61.0 L/2 0.472 0.41 25 28 61.0 1.0L 0.264 0.459 28 78 61.0 1.5L 0.195 0.508 31 128 61.0
1ijyA L/5 0.25 0.042 6 18 143.0 L/2 0.311 0.133 19 42 143.0 1.0L 0.262 0.224 32 90 143.0 1.5L 0.24 0.308 44 139 143.0 L/5 0.167 0.089 4 20 45.0 L/2 0.164 0.222 10 51 45.0 1.0L 0.139 0.378 17 105 45.0 1.5L 0.109 0.444 20 163 45.0
3mazA L/5 0.632 0.176 12 7 68.0 L/2 0.429 0.309 21 28 68.0 1.0L 0.374 0.544 37 62 68.0 1.5L 0.304 0.662 45 103 68.0 L/5 0.684 0.186 13 6 70.0 L/2 0.449 0.314 22 27 70.0 1.0L 0.343 0.486 34 65 70.0 1.5L 0.27 0.571 40 108 70.0
2hqsC L/5 0.857 0.106 18 3 170.0 L/2 0.906 0.282 48 5 170.0 1.0L 0.748 0.471 80 27 170.0 1.5L 0.656 0.618 105 55 170.0 L/5 0.762 0.457 16 5 35.0 L/2 0.453 0.686 24 29 35.0 1.0L 0.243 0.743 26 81 35.0 1.5L 0.181 0.829 29 131 35.0
3ushA L/5 0.696 0.096 16 7 167.0 L/2 0.593 0.21 35 24 167.0 1.0L 0.373 0.263 44 74 167.0 1.5L 0.299 0.317 53 124 167.0 L/5 0.391 0.176 9 14 51.0 L/2 0.254 0.294 15 44 51.0 1.0L 0.153 0.353 18 100 51.0 1.5L 0.119 0.412 21 156 51.0
3c9pA L/5 0.417 0.081 10 14 124.0 L/2 0.311 0.153 19 42 124.0 1.0L 0.246 0.242 30 92 124.0 1.5L 0.191 0.282 35 148 124.0 L/5 0.375 0.3 9 15 30.0 L/2 0.164 0.333 10 51 30.0 1.0L 0.131 0.533 16 106 30.0 1.5L 0.098 0.6 18 165 30.0
2olmA L/5 0.577 0.123 15 11 122.0 L/2 0.424 0.23 28 38 122.0 1.0L 0.271 0.295 36 97 122.0 1.5L 0.246 0.402 49 150 122.0 L/5 0.462 0.267 12 14 45.0 L/2 0.273 0.4 18 48 45.0 1.0L 0.188 0.556 25 108 45.0 1.5L 0.151 0.667 30 169 45.0
1zmaA L/5 0.739 0.104 17 6 163.0 L/2 0.746 0.27 44 15 163.0 1.0L 0.593 0.429 70 48 163.0 1.5L 0.508 0.552 90 87 163.0 L/5 0.435 0.286 10 13 35.0 L/2 0.339 0.571 20 39 35.0 1.0L 0.195 0.657 23 95 35.0 1.5L 0.153 0.771 27 150 35.0
1yd0A L/5 0.882 0.128 15 2 117.0 L/2 0.659 0.248 29 15 117.0 1.0L 0.539 0.41 48 41 117.0 1.5L 0.421 0.479 56 77 117.0 L/5 0.529 0.281 9 8 32.0 L/2 0.386 0.531 17 27 32.0 1.0L 0.247 0.688 22 67 32.0 1.5L 0.18 0.75 24 109 32.0
2lepA L/5 0.75 0.167 9 3 54.0 L/2 0.548 0.315 17 14 54.0 1.0L 0.603 0.704 38 25 54.0 1.5L 0.489 0.852 46 48 54.0 L/5 0.75 0.265 9 3 34.0 L/2 0.613 0.559 19 12 34.0 1.0L 0.397 0.735 25 38 34.0 1.5L 0.277 0.765 26 68 34.0
1kafA L/5 0.714 0.155 15 6 97.0 L/2 0.685 0.381 37 17 97.0 1.0L 0.556 0.619 60 48 97.0 1.5L 0.426 0.711 69 93 97.0 L/5 0.714 0.211 15 6 71.0 L/2 0.593 0.451 32 22 71.0 1.0L 0.389 0.592 42 66 71.0 1.5L 0.29 0.662 47 115 71.0
2dstA L/5 0.792 0.131 19 5 145.0 L/2 0.803 0.338 49 12 145.0 1.0L 0.721 0.607 88 34 145.0 1.5L 0.607 0.766 111 72 145.0 L/5 0.833 0.196 20 4 102.0 L/2 0.607 0.363 37 24 102.0 1.0L 0.484 0.578 59 63 102.0 1.5L 0.377 0.676 69 114 102.0
1t0yA L/5 0.944 0.142 17 1 120.0 L/2 0.844 0.317 38 7 120.0 1.0L 0.7 0.525 63 27 120.0 1.5L 0.6 0.675 81 54 120.0 L/5 0.722 0.302 13 5 43.0 L/2 0.422 0.442 19 26 43.0 1.0L 0.311 0.651 28 62 43.0 1.5L 0.252 0.791 34 101 43.0
2jobA L/5 0.35 0.085 7 13 82.0 L/2 0.333 0.207 17 34 82.0 1.0L 0.206 0.256 21 81 82.0 1.5L 0.176 0.329 27 126 82.0 L/5 0.35 0.104 7 13 67.0 L/2 0.275 0.209 14 37 67.0 1.0L 0.186 0.284 19 83 67.0 1.5L 0.203 0.463 31 122 67.0
2knjA L/5 0.444 0.101 8 10 79.0 L/2 0.4 0.228 18 27 79.0 1.0L 0.278 0.316 25 65 79.0 1.5L 0.222 0.38 30 105 79.0 L/5 0.389 0.219 7 11 32.0 L/2 0.178 0.25 8 37 32.0 1.0L 0.089 0.25 8 82 32.0 1.5L 0.067 0.281 9 126 32.0
2y78A L/5 1.0 0.136 24 0 177.0 L/2 0.902 0.311 55 6 177.0 1.0L 0.77 0.531 94 28 177.0 1.5L 0.601 0.621 110 73 177.0 L/5 0.917 0.4 22 2 55.0 L/2 0.508 0.564 31 30 55.0 1.0L 0.295 0.655 36 86 55.0 1.5L 0.208 0.691 38 145 55.0
2jw5A L/5 0.857 0.137 18 3 131.0 L/2 0.717 0.29 38 15 131.0 1.0L 0.547 0.443 58 48 131.0 1.5L 0.44 0.534 70 89 131.0 L/5 0.571 0.267 12 9 45.0 L/2 0.34 0.4 18 35 45.0 1.0L 0.179 0.422 19 87 45.0 1.5L 0.132 0.467 21 138 45.0
2kbiA L/5 0.579 0.196 11 8 56.0 L/2 0.5 0.429 24 24 56.0 1.0L 0.32 0.554 31 66 56.0 1.5L 0.255 0.661 37 108 56.0 L/5 0.474 0.333 9 10 27.0 L/2 0.271 0.481 13 35 27.0 1.0L 0.186 0.667 18 79 27.0 1.5L 0.159 0.852 23 122 27.0
2l5vA L/5 0.533 0.19 16 14 84.0 L/2 0.333 0.298 25 50 84.0 1.0L 0.207 0.369 31 119 84.0 1.5L 0.164 0.44 37 188 84.0 L/5 0.433 0.283 13 17 46.0 L/2 0.267 0.435 20 55 46.0 1.0L 0.16 0.522 24 126 46.0 1.5L 0.129 0.63 29 196 46.0
2wgoA L/5 0.842 0.184 16 3 87.0 L/2 0.469 0.264 23 26 87.0 1.0L 0.316 0.356 31 67 87.0 1.5L 0.245 0.414 36 111 87.0 L/5 0.842 0.213 16 3 75.0 L/2 0.551 0.36 27 22 75.0 1.0L 0.388 0.507 38 60 75.0 1.5L 0.286 0.56 42 105 75.0
2xfvA L/5 0.429 0.134 9 12 67.0 L/2 0.222 0.179 12 42 67.0 1.0L 0.148 0.239 16 92 67.0 1.5L 0.123 0.299 20 142 67.0 L/5 0.429 0.184 9 12 49.0 L/2 0.204 0.224 11 43 49.0 1.0L 0.148 0.327 16 92 49.0 1.5L 0.105 0.347 17 145 49.0
2kkxA L/5 0.05 0.01 1 19 104.0 L/2 0.098 0.048 5 46 104.0 1.0L 0.088 0.087 9 93 104.0 1.5L 0.078 0.115 12 141 104.0 L/5 0.05 0.021 1 19 47.0 L/2 0.078 0.085 4 47 47.0 1.0L 0.088 0.191 9 93 47.0 1.5L 0.085 0.277 13 140 47.0
3fymA L/5 0.75 0.179 12 4 67.0 L/2 0.707 0.433 29 12 67.0 1.0L 0.5 0.612 41 41 67.0 1.5L 0.358 0.657 44 79 67.0 L/5 0.5 0.533 8 8 15.0 L/2 0.293 0.8 12 29 15.0 1.0L 0.146 0.8 12 70 15.0 1.5L 0.098 0.8 12 111 15.0
2gu3A L/5 1.0 0.245 25 0 102.0 L/2 0.953 0.598 61 3 102.0 1.0L 0.797 1.0 102 26 102.0 1.5L 0.63 1.186 121 71 102.0 L/5 1.0 0.179 25 0 140.0 L/2 0.953 0.436 61 3 140.0 1.0L 0.727 0.664 93 35 140.0 1.5L 0.547 0.75 105 87 140.0
2cokA L/5 0.773 0.123 17 5 138.0 L/2 0.732 0.297 41 15 138.0 1.0L 0.566 0.464 64 49 138.0 1.5L 0.438 0.536 74 95 138.0 L/5 0.455 0.167 10 12 60.0 L/2 0.268 0.25 15 41 60.0 1.0L 0.195 0.367 22 91 60.0 1.5L 0.16 0.45 27 142 60.0
3ndqA L/5 0.368 0.08 7 12 88.0 L/2 0.375 0.205 18 30 88.0 1.0L 0.227 0.25 22 75 88.0 1.5L 0.172 0.284 25 120 88.0 L/5 0.263 0.217 5 14 23.0 L/2 0.167 0.348 8 40 23.0 1.0L 0.134 0.565 13 84 23.0 1.5L 0.097 0.609 14 131 23.0
