2kjpA L/5 0.556 0.227 10 8 44.0 L/2 0.444 0.455 20 25 44.0 1.0L 0.275 0.568 25 66 44.0 1.5L 0.206 0.636 28 108 44.0 L/5 0.667 0.261 12 6 46.0 L/2 0.6 0.587 27 18 46.0 1.0L 0.363 0.717 33 58 46.0 1.5L 0.265 0.783 36 100 46.0
1se7A L/5 0.563 0.176 9 7 51.0 L/2 0.244 0.196 10 31 51.0 1.0L 0.205 0.333 17 66 51.0 1.5L 0.161 0.392 20 104 51.0 L/5 0.125 0.125 2 14 16.0 L/2 0.098 0.25 4 37 16.0 1.0L 0.06 0.313 5 78 16.0 1.5L 0.048 0.375 6 118 16.0
1couA L/5 0.471 0.069 8 9 116.0 L/2 0.405 0.147 17 25 116.0 1.0L 0.271 0.198 23 62 116.0 1.5L 0.189 0.207 24 103 116.0 L/5 0.176 0.12 3 14 25.0 L/2 0.143 0.24 6 36 25.0 1.0L 0.082 0.28 7 78 25.0 1.5L 0.063 0.32 8 119 25.0
2xuvA L/5 0.231 0.081 3 10 37.0 L/2 0.176 0.162 6 28 37.0 1.0L 0.116 0.216 8 61 37.0 1.5L 0.155 0.432 16 87 37.0 L/5 0.077 0.143 1 12 7.0 L/2 0.059 0.286 2 32 7.0 1.0L 0.043 0.429 3 66 7.0 1.5L 0.029 0.429 3 100 7.0
2da4A L/5 0.0 0.0 0 16 20.0 L/2 0.025 0.05 1 39 20.0 1.0L 0.05 0.2 4 76 20.0 1.5L 0.05 0.3 6 114 20.0 L/5 0.313 0.625 5 11 8.0 L/2 0.15 0.75 6 34 8.0 1.0L 0.075 0.75 6 74 8.0 1.5L 0.058 0.875 7 113 8.0
1luzA L/5 0.706 0.148 12 5 81.0 L/2 0.5 0.259 21 21 81.0 1.0L 0.341 0.358 29 56 81.0 1.5L 0.268 0.42 34 93 81.0 L/5 0.706 0.261 12 5 46.0 L/2 0.548 0.5 23 19 46.0 1.0L 0.4 0.739 34 51 46.0 1.5L 0.299 0.826 38 89 46.0
1u9dA L/5 0.625 0.119 15 9 126.0 L/2 0.41 0.198 25 36 126.0 1.0L 0.328 0.317 40 82 126.0 1.5L 0.29 0.421 53 130 126.0 L/5 0.083 0.333 2 22 6.0 L/2 0.098 1.0 6 55 6.0 1.0L 0.049 1.0 6 116 6.0 1.5L 0.033 1.0 6 177 6.0
2lqlA L/5 0.0 0.0 0 16 27.0 L/2 0.0 0.0 0 41 27.0 1.0L 0.012 0.037 1 82 27.0 1.5L 0.008 0.037 1 123 27.0 L/5 0.125 0.143 2 14 14.0 L/2 0.073 0.214 3 38 14.0 1.0L 0.048 0.286 4 79 14.0 1.5L 0.032 0.286 4 120 14.0
3sxuB L/5 0.6 0.162 12 8 74.0 L/2 0.451 0.311 23 28 74.0 1.0L 0.333 0.459 34 68 74.0 1.5L 0.268 0.554 41 112 74.0 L/5 0.25 0.093 5 15 54.0 L/2 0.294 0.278 15 36 54.0 1.0L 0.225 0.426 23 79 54.0 1.5L 0.19 0.537 29 124 54.0
2lc0A L/5 0.269 0.041 7 19 170.0 L/2 0.227 0.088 15 51 170.0 1.0L 0.189 0.147 25 107 170.0 1.5L 0.182 0.212 36 162 170.0 L/5 0.077 0.125 2 24 16.0 L/2 0.061 0.25 4 62 16.0 1.0L 0.068 0.563 9 123 16.0 1.5L 0.051 0.625 10 188 16.0
2z59A L/5 0.143 0.048 3 18 62.0 L/2 0.074 0.065 4 50 62.0 1.0L 0.083 0.145 9 100 62.0 1.5L 0.067 0.177 11 152 62.0 L/5 0.905 0.196 19 2 97.0 L/2 0.685 0.381 37 17 97.0 1.0L 0.45 0.505 49 60 97.0 1.5L 0.393 0.66 64 99 97.0
3g21A L/5 0.133 0.071 2 13 28.0 L/2 0.105 0.143 4 34 28.0 1.0L 0.091 0.25 7 70 28.0 1.5L 0.087 0.357 10 105 28.0 L/5 0.267 0.19 4 11 21.0 L/2 0.158 0.286 6 32 21.0 1.0L 0.078 0.286 6 71 21.0 1.5L 0.061 0.333 7 108 21.0
1bnoA L/5 0.353 0.188 6 11 32.0 L/2 0.233 0.313 10 33 32.0 1.0L 0.149 0.406 13 74 32.0 1.5L 0.1 0.406 13 117 32.0 L/5 0.647 0.333 11 6 33.0 L/2 0.372 0.485 16 27 33.0 1.0L 0.264 0.697 23 64 33.0 1.5L 0.2 0.788 26 104 33.0
1ywyA L/5 0.143 0.045 2 12 44.0 L/2 0.108 0.091 4 33 44.0 1.0L 0.135 0.227 10 64 44.0 1.5L 0.144 0.364 16 95 44.0 L/5 0.571 0.229 8 6 35.0 L/2 0.486 0.514 18 19 35.0 1.0L 0.297 0.629 22 52 35.0 1.5L 0.216 0.686 24 87 35.0
2fzpA L/5 0.231 0.043 6 20 141.0 L/2 0.104 0.05 7 60 141.0 1.0L 0.082 0.078 11 123 141.0 1.5L 0.065 0.092 13 188 141.0 L/5 0.462 0.279 12 14 43.0 L/2 0.239 0.372 16 51 43.0 1.0L 0.194 0.605 26 108 43.0 1.5L 0.139 0.651 28 173 43.0
2lz0A L/5 0.45 0.095 9 11 95.0 L/2 0.4 0.211 20 30 95.0 1.0L 0.31 0.326 31 69 95.0 1.5L 0.267 0.421 40 110 95.0 L/5 0.65 0.124 13 7 105.0 L/2 0.56 0.267 28 22 105.0 1.0L 0.4 0.381 40 60 105.0 1.5L 0.3 0.429 45 105 105.0
2dirA L/5 0.737 0.169 14 5 83.0 L/2 0.612 0.361 30 19 83.0 1.0L 0.418 0.494 41 57 83.0 1.5L 0.354 0.627 52 95 83.0 L/5 0.684 0.565 13 6 23.0 L/2 0.408 0.87 20 29 23.0 1.0L 0.214 0.913 21 77 23.0 1.5L 0.143 0.913 21 126 23.0
3t7lA L/5 0.357 0.094 5 9 53.0 L/2 0.432 0.302 16 21 53.0 1.0L 0.311 0.434 23 51 53.0 1.5L 0.207 0.434 23 88 53.0 L/5 0.5 0.149 7 7 47.0 L/2 0.378 0.298 14 23 47.0 1.0L 0.338 0.532 25 49 47.0 1.5L 0.27 0.638 30 81 47.0
1yr1A L/5 0.652 0.127 15 8 118.0 L/2 0.475 0.237 28 31 118.0 1.0L 0.319 0.322 38 81 118.0 1.5L 0.253 0.381 45 133 118.0 L/5 0.783 0.265 18 5 68.0 L/2 0.559 0.485 33 26 68.0 1.0L 0.429 0.75 51 68 68.0 1.5L 0.303 0.794 54 124 68.0
1wi9A L/5 0.357 0.263 5 9 19.0 L/2 0.306 0.579 11 25 19.0 1.0L 0.208 0.789 15 57 19.0 1.5L 0.148 0.842 16 92 19.0 L/5 0.214 1.0 3 11 3.0 L/2 0.083 1.0 3 33 3.0 1.0L 0.042 1.0 3 69 3.0 1.5L 0.028 1.0 3 105 3.0
3rfeA L/5 0.87 0.18 20 3 111.0 L/2 0.627 0.333 37 22 111.0 1.0L 0.37 0.396 44 75 111.0 1.5L 0.303 0.486 54 124 111.0 L/5 0.609 0.131 14 9 107.0 L/2 0.424 0.234 25 34 107.0 1.0L 0.311 0.346 37 82 107.0 1.5L 0.27 0.449 48 130 107.0
2ko2A L/5 0.0 0.0 0 13 32.0 L/2 0.0 0.0 0 33 32.0 1.0L 0.045 0.094 3 64 32.0 1.5L 0.03 0.094 3 97 32.0 L/5 0.0 0.0 0 13 6.0 L/2 0.0 0.0 0 33 6.0 1.0L 0.03 0.333 2 65 6.0 1.5L 0.02 0.333 2 98 6.0
3a38A L/5 0.375 0.069 6 10 87.0 L/2 0.268 0.126 11 30 87.0 1.0L 0.181 0.172 15 68 87.0 1.5L 0.121 0.172 15 109 87.0 L/5 0.125 0.118 2 14 17.0 L/2 0.122 0.294 5 36 17.0 1.0L 0.084 0.412 7 76 17.0 1.5L 0.073 0.529 9 115 17.0
3glvA L/5 0.625 0.101 15 9 148.0 L/2 0.59 0.243 36 25 148.0 1.0L 0.557 0.459 68 54 148.0 1.5L 0.486 0.601 89 94 148.0 L/5 0.417 0.385 10 14 26.0 L/2 0.23 0.538 14 47 26.0 1.0L 0.148 0.692 18 104 26.0 1.5L 0.104 0.731 19 164 26.0
1a1xA L/5 0.143 0.045 3 18 67.0 L/2 0.057 0.045 3 50 67.0 1.0L 0.057 0.09 6 100 67.0 1.5L 0.038 0.09 6 153 67.0 L/5 0.714 0.259 15 6 58.0 L/2 0.472 0.431 25 28 58.0 1.0L 0.264 0.483 28 78 58.0 1.5L 0.176 0.483 28 131 58.0
2krkA L/5 0.765 0.255 13 4 51.0 L/2 0.535 0.451 23 20 51.0 1.0L 0.326 0.549 28 58 51.0 1.5L 0.264 0.667 34 95 51.0 L/5 0.706 0.48 12 5 25.0 L/2 0.465 0.8 20 23 25.0 1.0L 0.244 0.84 21 65 25.0 1.5L 0.163 0.84 21 108 25.0
3r87A L/5 0.692 0.12 18 8 150.0 L/2 0.682 0.3 45 21 150.0 1.0L 0.538 0.473 71 61 150.0 1.5L 0.419 0.553 83 115 150.0 L/5 0.808 0.412 21 5 51.0 L/2 0.576 0.745 38 28 51.0 1.0L 0.364 0.941 48 84 51.0 1.5L 0.242 0.941 48 150 51.0
2vlqB L/5 0.231 0.044 6 20 135.0 L/2 0.149 0.074 10 57 135.0 1.0L 0.127 0.126 17 117 135.0 1.5L 0.095 0.141 19 182 135.0 L/5 0.577 0.221 15 11 68.0 L/2 0.313 0.309 21 46 68.0 1.0L 0.231 0.456 31 103 68.0 1.5L 0.179 0.529 36 165 68.0
3lyyA L/5 0.6 0.122 12 8 98.0 L/2 0.431 0.224 22 29 98.0 1.0L 0.304 0.316 31 71 98.0 1.5L 0.216 0.337 33 120 98.0 L/5 0.7 0.177 14 6 79.0 L/2 0.529 0.342 27 24 79.0 1.0L 0.422 0.544 43 59 79.0 1.5L 0.333 0.646 51 102 79.0
2npbA L/5 0.353 0.075 6 11 80.0 L/2 0.318 0.175 14 30 80.0 1.0L 0.284 0.313 25 63 80.0 1.5L 0.25 0.412 33 99 80.0 L/5 0.471 0.727 8 9 11.0 L/2 0.227 0.909 10 34 11.0 1.0L 0.114 0.909 10 78 11.0 1.5L 0.076 0.909 10 122 11.0
2k4nA L/5 0.364 0.118 8 14 68.0 L/2 0.164 0.132 9 46 68.0 1.0L 0.09 0.147 10 101 68.0 1.5L 0.078 0.191 13 153 68.0 L/5 0.409 0.243 9 13 37.0 L/2 0.273 0.405 15 40 37.0 1.0L 0.153 0.459 17 94 37.0 1.5L 0.133 0.595 22 144 37.0
2klqA L/5 0.182 0.08 4 18 50.0 L/2 0.158 0.18 9 48 50.0 1.0L 0.114 0.26 13 101 50.0 1.5L 0.094 0.32 16 155 50.0 L/5 0.136 0.1 3 19 30.0 L/2 0.14 0.267 8 49 30.0 1.0L 0.14 0.533 16 98 30.0 1.5L 0.117 0.667 20 151 30.0
1gh8A L/5 0.588 0.078 10 7 129.0 L/2 0.455 0.155 20 24 129.0 1.0L 0.36 0.248 32 57 129.0 1.5L 0.346 0.357 46 87 129.0 L/5 0.824 0.56 14 3 25.0 L/2 0.523 0.92 23 21 25.0 1.0L 0.27 0.96 24 65 25.0 1.5L 0.18 0.96 24 109 25.0
2lwxA L/5 0.882 0.294 15 2 51.0 L/2 0.636 0.549 28 16 51.0 1.0L 0.409 0.706 36 52 51.0 1.5L 0.288 0.745 38 94 51.0 L/5 0.471 0.421 8 9 19.0 L/2 0.273 0.632 12 32 19.0 1.0L 0.159 0.737 14 74 19.0 1.5L 0.106 0.737 14 118 19.0
1fadA L/5 0.263 0.088 5 14 57.0 L/2 0.255 0.211 12 35 57.0 1.0L 0.189 0.316 18 77 57.0 1.5L 0.155 0.386 22 120 57.0 L/5 0.316 0.545 6 13 11.0 L/2 0.149 0.636 7 40 11.0 1.0L 0.084 0.727 8 87 11.0 1.5L 0.056 0.727 8 134 11.0
2l76A L/5 0.474 0.114 9 10 79.0 L/2 0.404 0.241 19 28 79.0 1.0L 0.284 0.342 27 68 79.0 1.5L 0.218 0.392 31 111 79.0 L/5 0.526 0.333 10 9 30.0 L/2 0.298 0.467 14 33 30.0 1.0L 0.221 0.7 21 74 30.0 1.5L 0.162 0.767 23 119 30.0
2di7A L/5 0.292 0.067 7 17 105.0 L/2 0.21 0.124 13 49 105.0 1.0L 0.153 0.181 19 105 105.0 1.5L 0.124 0.219 23 163 105.0 L/5 0.5 0.203 12 12 59.0 L/2 0.355 0.373 22 40 59.0 1.0L 0.234 0.492 29 95 59.0 1.5L 0.204 0.644 38 148 59.0
2lw6A L/5 0.188 0.046 3 13 65.0 L/2 0.15 0.092 6 34 65.0 1.0L 0.087 0.108 7 73 65.0 1.5L 0.092 0.169 11 109 65.0 L/5 0.75 0.16 12 4 75.0 L/2 0.5 0.267 20 20 75.0 1.0L 0.338 0.36 27 53 75.0 1.5L 0.292 0.467 35 85 75.0
3goeA L/5 0.375 0.088 6 10 68.0 L/2 0.325 0.191 13 27 68.0 1.0L 0.2 0.235 16 64 68.0 1.5L 0.158 0.279 19 101 68.0 L/5 0.625 0.286 10 6 35.0 L/2 0.5 0.571 20 20 35.0 1.0L 0.313 0.714 25 55 35.0 1.5L 0.225 0.771 27 93 35.0
1ucrA L/5 0.429 0.25 6 8 24.0 L/2 0.27 0.417 10 27 24.0 1.0L 0.162 0.5 12 62 24.0 1.5L 0.144 0.667 16 95 24.0 L/5 0.643 0.75 9 5 12.0 L/2 0.324 1.0 12 25 12.0 1.0L 0.162 1.0 12 62 12.0 1.5L 0.108 1.0 12 99 12.0
2kcnA L/5 0.909 0.185 10 1 54.0 L/2 0.704 0.352 19 8 54.0 1.0L 0.491 0.5 27 28 54.0 1.5L 0.354 0.537 29 53 54.0 L/5 0.636 0.269 7 4 26.0 L/2 0.333 0.346 9 18 26.0 1.0L 0.2 0.423 11 44 26.0 1.5L 0.159 0.5 13 69 26.0
1earA L/5 0.607 0.091 17 11 186.0 L/2 0.38 0.145 27 44 186.0 1.0L 0.246 0.188 35 107 186.0 1.5L 0.188 0.215 40 173 186.0 L/5 0.571 0.364 16 12 44.0 L/2 0.324 0.523 23 48 44.0 1.0L 0.197 0.636 28 114 44.0 1.5L 0.146 0.705 31 182 44.0
2jn9A L/5 0.476 0.084 10 11 119.0 L/2 0.327 0.143 17 35 119.0 1.0L 0.324 0.286 34 71 119.0 1.5L 0.287 0.378 45 112 119.0 L/5 0.476 0.208 10 11 48.0 L/2 0.327 0.354 17 35 48.0 1.0L 0.19 0.417 20 85 48.0 1.5L 0.172 0.563 27 130 48.0
2eqkA L/5 0.176 0.097 3 14 31.0 L/2 0.095 0.129 4 38 31.0 1.0L 0.094 0.258 8 77 31.0 1.5L 0.087 0.355 11 116 31.0 L/5 0.706 0.245 12 5 49.0 L/2 0.667 0.571 28 14 49.0 1.0L 0.447 0.776 38 47 49.0 1.5L 0.346 0.898 44 83 49.0
2xppA L/5 0.37 0.137 10 17 73.0 L/2 0.265 0.247 18 50 73.0 1.0L 0.234 0.438 32 105 73.0 1.5L 0.2 0.562 41 164 73.0 L/5 0.444 0.48 12 15 25.0 L/2 0.25 0.68 17 51 25.0 1.0L 0.131 0.72 18 119 25.0 1.5L 0.098 0.8 20 185 25.0
2ktaA L/5 0.143 0.133 2 12 15.0 L/2 0.162 0.4 6 31 15.0 1.0L 0.081 0.4 6 68 15.0 1.5L 0.063 0.467 7 104 15.0 L/5 0.071 0.25 1 13 4.0 L/2 0.054 0.5 2 35 4.0 1.0L 0.041 0.75 3 71 4.0 1.5L 0.027 0.75 3 108 4.0
2eapA L/5 0.222 0.075 4 14 53.0 L/2 0.111 0.094 5 40 53.0 1.0L 0.111 0.189 10 80 53.0 1.5L 0.089 0.226 12 123 53.0 L/5 0.278 0.156 5 13 32.0 L/2 0.222 0.313 10 35 32.0 1.0L 0.189 0.531 17 73 32.0 1.5L 0.148 0.625 20 115 32.0
1wpiA L/5 0.423 0.067 11 15 165.0 L/2 0.318 0.127 21 45 165.0 1.0L 0.256 0.206 34 99 165.0 1.5L 0.201 0.242 40 159 165.0 L/5 0.308 0.308 8 18 26.0 L/2 0.167 0.423 11 55 26.0 1.0L 0.09 0.462 12 121 26.0 1.5L 0.07 0.538 14 185 26.0
2k8oA L/5 0.333 0.049 4 8 81.0 L/2 0.167 0.062 5 25 81.0 1.0L 0.133 0.099 8 52 81.0 1.5L 0.156 0.173 14 76 81.0 L/5 0.0 0.0 0 12 8.0 L/2 0.033 0.125 1 29 8.0 1.0L 0.017 0.125 1 59 8.0 1.5L 0.033 0.375 3 87 8.0
2lfvA L/5 0.667 0.173 14 7 81.0 L/2 0.472 0.309 25 28 81.0 1.0L 0.311 0.407 33 73 81.0 1.5L 0.22 0.432 35 124 81.0 L/5 0.476 0.769 10 11 13.0 L/2 0.226 0.923 12 41 13.0 1.0L 0.123 1.0 13 93 13.0 1.5L 0.082 1.0 13 146 13.0
2jmlA L/5 0.438 0.25 7 9 28.0 L/2 0.3 0.429 12 28 28.0 1.0L 0.247 0.714 20 61 28.0 1.5L 0.182 0.786 22 99 28.0 L/5 0.188 0.3 3 13 10.0 L/2 0.175 0.7 7 33 10.0 1.0L 0.086 0.7 7 74 10.0 1.5L 0.058 0.7 7 114 10.0
1kn6A L/5 0.786 0.121 11 3 91.0 L/2 0.556 0.22 20 16 91.0 1.0L 0.411 0.33 30 43 91.0 1.5L 0.321 0.385 35 74 91.0 L/5 0.643 0.45 9 5 20.0 L/2 0.389 0.7 14 22 20.0 1.0L 0.247 0.9 18 55 20.0 1.5L 0.165 0.9 18 91 20.0
1g03A L/5 0.154 0.056 4 22 71.0 L/2 0.075 0.07 5 62 71.0 1.0L 0.06 0.113 8 126 71.0 1.5L 0.06 0.169 12 189 71.0 L/5 0.192 0.417 5 21 12.0 L/2 0.09 0.5 6 61 12.0 1.0L 0.052 0.583 7 127 12.0 1.5L 0.035 0.583 7 194 12.0
1eaqA L/5 0.083 0.012 2 22 161.0 L/2 0.032 0.012 2 60 161.0 1.0L 0.04 0.031 5 119 161.0 1.5L 0.043 0.05 8 178 161.0 L/5 0.375 0.099 9 15 91.0 L/2 0.274 0.187 17 45 91.0 1.0L 0.234 0.319 29 95 91.0 1.5L 0.194 0.396 36 150 91.0
2dy8A L/5 0.308 0.16 4 9 25.0 L/2 0.265 0.36 9 25 25.0 1.0L 0.159 0.44 11 58 25.0 1.5L 0.117 0.48 12 91 25.0 L/5 1.0 0.271 13 0 48.0 L/2 0.735 0.521 25 9 48.0 1.0L 0.478 0.688 33 36 48.0 1.5L 0.359 0.771 37 66 48.0
2l3bA L/5 0.038 0.007 1 25 138.0 L/2 0.154 0.072 10 55 138.0 1.0L 0.1 0.094 13 117 138.0 1.5L 0.087 0.123 17 178 138.0 L/5 0.462 0.167 12 14 72.0 L/2 0.385 0.347 25 40 72.0 1.0L 0.315 0.569 41 89 72.0 1.5L 0.246 0.667 48 147 72.0
1xn6A L/5 0.714 0.198 20 8 101.0 L/2 0.493 0.347 35 36 101.0 1.0L 0.322 0.455 46 97 101.0 1.5L 0.234 0.495 50 164 101.0 L/5 0.893 0.291 25 3 86.0 L/2 0.732 0.605 52 19 86.0 1.0L 0.503 0.837 72 71 86.0 1.5L 0.346 0.86 74 140 86.0
2lkgA L/5 0.071 0.047 2 26 43.0 L/2 0.057 0.093 4 66 43.0 1.0L 0.05 0.163 7 133 43.0 1.5L 0.033 0.163 7 203 43.0 L/5 0.0 0.0 0 28 5.0 L/2 0.014 0.2 1 69 5.0 1.0L 0.007 0.2 1 139 5.0 1.5L 0.01 0.4 2 208 5.0
3cptA L/5 0.043 0.015 1 22 65.0 L/2 0.051 0.046 3 56 65.0 1.0L 0.042 0.077 5 114 65.0 1.5L 0.051 0.138 9 169 65.0 L/5 0.739 0.279 17 6 61.0 L/2 0.458 0.443 27 32 61.0 1.0L 0.311 0.607 37 82 61.0 1.5L 0.225 0.656 40 138 61.0
3nzlA L/5 0.071 0.024 1 13 42.0 L/2 0.083 0.071 3 33 42.0 1.0L 0.055 0.095 4 69 42.0 1.5L 0.073 0.19 8 101 42.0 L/5 0.143 0.5 2 12 4.0 L/2 0.083 0.75 3 33 4.0 1.0L 0.055 1.0 4 69 4.0 1.5L 0.037 1.0 4 105 4.0
1qklA L/5 0.12 0.025 3 22 122.0 L/2 0.079 0.041 5 58 122.0 1.0L 0.094 0.098 12 115 122.0 1.5L 0.074 0.115 14 176 122.0 L/5 0.52 0.289 13 12 45.0 L/2 0.238 0.333 15 48 45.0 1.0L 0.142 0.4 18 109 45.0 1.5L 0.095 0.4 18 172 45.0
1nz9A L/5 0.455 0.25 5 6 20.0 L/2 0.207 0.3 6 23 20.0 1.0L 0.138 0.4 8 50 20.0 1.5L 0.103 0.45 9 78 20.0 L/5 0.818 0.176 9 2 51.0 L/2 0.828 0.471 24 5 51.0 1.0L 0.707 0.804 41 17 51.0 1.5L 0.506 0.863 44 43 51.0
2ai6A L/5 0.56 0.08 14 11 174.0 L/2 0.403 0.144 25 37 174.0 1.0L 0.28 0.201 35 90 174.0 1.5L 0.23 0.247 43 144 174.0 L/5 0.72 0.265 18 7 68.0 L/2 0.516 0.471 32 30 68.0 1.0L 0.408 0.75 51 74 68.0 1.5L 0.299 0.824 56 131 68.0
1s7iA L/5 0.375 0.061 9 15 147.0 L/2 0.355 0.15 22 40 147.0 1.0L 0.306 0.259 38 86 147.0 1.5L 0.253 0.32 47 139 147.0 L/5 0.458 0.5 11 13 22.0 L/2 0.21 0.591 13 49 22.0 1.0L 0.121 0.682 15 109 22.0 1.5L 0.081 0.682 15 171 22.0
2cwrA L/5 0.895 0.107 17 2 159.0 L/2 0.583 0.176 28 20 159.0 1.0L 0.433 0.264 42 55 159.0 1.5L 0.379 0.346 55 90 159.0 L/5 0.368 0.146 7 12 48.0 L/2 0.333 0.333 16 32 48.0 1.0L 0.237 0.479 23 74 48.0 1.5L 0.2 0.604 29 116 48.0
2v1nA L/5 0.091 0.03 2 20 66.0 L/2 0.145 0.121 8 47 66.0 1.0L 0.144 0.242 16 95 66.0 1.5L 0.108 0.273 18 148 66.0 L/5 0.545 0.545 12 10 22.0 L/2 0.309 0.773 17 38 22.0 1.0L 0.189 0.955 21 90 22.0 1.5L 0.133 1.0 22 144 22.0
2ltlA L/5 0.391 0.081 9 14 111.0 L/2 0.305 0.162 18 41 111.0 1.0L 0.244 0.261 29 90 111.0 1.5L 0.208 0.333 37 141 111.0 L/5 0.478 0.306 11 12 36.0 L/2 0.237 0.389 14 45 36.0 1.0L 0.176 0.583 21 98 36.0 1.5L 0.14 0.694 25 153 36.0
2jx0A L/5 0.231 0.058 6 20 104.0 L/2 0.262 0.163 17 48 104.0 1.0L 0.275 0.346 36 95 104.0 1.5L 0.245 0.462 48 148 104.0 L/5 0.385 0.455 10 16 22.0 L/2 0.231 0.682 15 50 22.0 1.0L 0.145 0.864 19 112 22.0 1.5L 0.097 0.864 19 177 22.0
1oo0A L/5 0.036 0.011 1 27 88.0 L/2 0.028 0.023 2 70 88.0 1.0L 0.021 0.034 3 141 88.0 1.5L 0.023 0.057 5 211 88.0 L/5 0.679 0.207 19 9 92.0 L/2 0.583 0.457 42 30 92.0 1.0L 0.396 0.62 57 87 92.0 1.5L 0.296 0.696 64 152 92.0
2k2bA L/5 0.136 0.026 3 19 117.0 L/2 0.127 0.06 7 48 117.0 1.0L 0.117 0.111 13 98 117.0 1.5L 0.096 0.137 16 150 117.0 L/5 0.0 0.0 0 22 35.0 L/2 0.018 0.029 1 54 35.0 1.0L 0.009 0.029 1 110 35.0 1.5L 0.006 0.029 1 165 35.0
2owaA L/5 0.36 0.097 9 16 93.0 L/2 0.281 0.194 18 46 93.0 1.0L 0.188 0.258 24 104 93.0 1.5L 0.151 0.312 29 163 93.0 L/5 0.4 0.244 10 15 41.0 L/2 0.25 0.39 16 48 41.0 1.0L 0.172 0.537 22 106 41.0 1.5L 0.125 0.585 24 168 41.0
1wijA L/5 0.0 0.0 0 25 55.0 L/2 0.048 0.055 3 60 55.0 1.0L 0.031 0.073 4 123 55.0 1.5L 0.026 0.091 5 185 55.0 L/5 0.2 0.217 5 20 23.0 L/2 0.127 0.348 8 55 23.0 1.0L 0.079 0.435 10 117 23.0 1.5L 0.084 0.696 16 174 23.0
1lmiA L/5 0.231 0.03 6 20 201.0 L/2 0.185 0.06 12 53 201.0 1.0L 0.214 0.139 28 103 201.0 1.5L 0.204 0.199 40 156 201.0 L/5 0.654 0.212 17 9 80.0 L/2 0.369 0.3 24 41 80.0 1.0L 0.244 0.4 32 99 80.0 1.5L 0.194 0.475 38 158 80.0
1xc5A L/5 0.154 0.071 2 11 28.0 L/2 0.088 0.107 3 31 28.0 1.0L 0.074 0.179 5 63 28.0 1.5L 0.059 0.214 6 96 28.0 L/5 0.154 0.4 2 11 5.0 L/2 0.088 0.6 3 31 5.0 1.0L 0.059 0.8 4 64 5.0 1.5L 0.039 0.8 4 98 5.0
1ezgA L/5 0 0 0 0 0 L/2 0 0 0 0 0 1.0L 0 0 0 0 0 1.5L 0 0 0 0 0 L/5 0.688 0.07 11 5 158.0 L/2 0.61 0.158 25 16 158.0 1.0L 0.415 0.215 34 48 158.0 1.5L 0.366 0.285 45 78 158.0
2p9xA L/5 0.211 0.108 4 15 37.0 L/2 0.204 0.27 10 39 37.0 1.0L 0.122 0.324 12 86 37.0 1.5L 0.088 0.351 13 134 37.0 L/5 0.211 0.308 4 15 13.0 L/2 0.102 0.385 5 44 13.0 1.0L 0.102 0.769 10 88 13.0 1.5L 0.068 0.769 10 137 13.0
1r26A L/5 0.682 0.121 15 7 124.0 L/2 0.625 0.282 35 21 124.0 1.0L 0.602 0.548 68 45 124.0 1.5L 0.515 0.702 87 82 124.0 L/5 0.364 0.471 8 14 17.0 L/2 0.25 0.824 14 42 17.0 1.0L 0.142 0.941 16 97 17.0 1.5L 0.101 1.0 17 152 17.0
1pucA L/5 0.05 0.036 1 19 28.0 L/2 0.02 0.036 1 49 28.0 1.0L 0.03 0.107 3 98 28.0 1.5L 0.02 0.107 3 148 28.0 L/5 0.45 0.36 9 11 25.0 L/2 0.28 0.56 14 36 25.0 1.0L 0.149 0.6 15 86 25.0 1.5L 0.106 0.64 16 135 25.0
2nqwA L/5 0.529 0.205 9 8 44.0 L/2 0.419 0.409 18 25 44.0 1.0L 0.287 0.568 25 62 44.0 1.5L 0.208 0.614 27 103 44.0 L/5 0.647 0.25 11 6 44.0 L/2 0.605 0.591 26 17 44.0 1.0L 0.322 0.636 28 59 44.0 1.5L 0.238 0.705 31 99 44.0
2ccqA L/5 0.526 0.128 10 9 78.0 L/2 0.306 0.192 15 34 78.0 1.0L 0.263 0.333 26 73 78.0 1.5L 0.209 0.397 31 117 78.0 L/5 0.105 0.143 2 17 14.0 L/2 0.061 0.214 3 46 14.0 1.0L 0.03 0.214 3 96 14.0 1.5L 0.027 0.286 4 144 14.0
2qycA L/5 0.7 0.112 14 6 125.0 L/2 0.588 0.24 30 21 125.0 1.0L 0.441 0.36 45 57 125.0 1.5L 0.405 0.496 62 91 125.0 L/5 0.75 0.484 15 5 31.0 L/2 0.471 0.774 24 27 31.0 1.0L 0.265 0.871 27 75 31.0 1.5L 0.183 0.903 28 125 31.0
2rhkA L/5 0.0 0.0 0 23 133.0 L/2 0.085 0.038 5 54 133.0 1.0L 0.05 0.045 6 113 133.0 1.5L 0.056 0.075 10 168 133.0 L/5 0.043 0.017 1 22 58.0 L/2 0.068 0.069 4 55 58.0 1.0L 0.05 0.103 6 113 58.0 1.5L 0.051 0.155 9 169 58.0
3ffyA L/5 0.545 0.085 12 10 141.0 L/2 0.536 0.213 30 26 141.0 1.0L 0.464 0.369 52 60 141.0 1.5L 0.369 0.44 62 106 141.0 L/5 0.409 0.243 9 13 37.0 L/2 0.232 0.351 13 43 37.0 1.0L 0.152 0.459 17 95 37.0 1.5L 0.131 0.595 22 146 37.0
2pspA L/5 0.429 0.081 9 12 111.0 L/2 0.283 0.135 15 38 111.0 1.0L 0.17 0.162 18 88 111.0 1.5L 0.151 0.216 24 135 111.0 L/5 0.524 0.393 11 10 28.0 L/2 0.264 0.5 14 39 28.0 1.0L 0.17 0.643 18 88 28.0 1.5L 0.119 0.679 19 140 28.0
2loeA L/5 0.2 0.036 5 20 140.0 L/2 0.159 0.071 10 53 140.0 1.0L 0.134 0.121 17 110 140.0 1.5L 0.105 0.143 20 170 140.0 L/5 0.04 0.016 1 24 61.0 L/2 0.063 0.066 4 59 61.0 1.0L 0.063 0.131 8 119 61.0 1.5L 0.053 0.164 10 180 61.0
1pcnA L/5 0.278 0.076 5 13 66.0 L/2 0.174 0.121 8 38 66.0 1.0L 0.172 0.242 16 77 66.0 1.5L 0.151 0.318 21 118 66.0 L/5 0.278 0.054 5 13 92.0 L/2 0.239 0.12 11 35 92.0 1.0L 0.161 0.163 15 78 92.0 1.5L 0.144 0.217 20 119 92.0
2lq7A L/5 0.368 0.081 7 12 86.0 L/2 0.25 0.14 12 36 86.0 1.0L 0.165 0.186 16 81 86.0 1.5L 0.159 0.267 23 122 86.0 L/5 0.579 0.297 11 8 37.0 L/2 0.292 0.378 14 34 37.0 1.0L 0.165 0.432 16 81 37.0 1.5L 0.131 0.514 19 126 37.0
2khqA L/5 0.318 0.074 7 15 95.0 L/2 0.327 0.189 18 37 95.0 1.0L 0.282 0.326 31 79 95.0 1.5L 0.255 0.442 42 123 95.0 L/5 0.273 0.462 6 16 13.0 L/2 0.164 0.692 9 46 13.0 1.0L 0.091 0.769 10 100 13.0 1.5L 0.061 0.769 10 155 13.0
2kp6A L/5 0.133 0.036 2 13 56.0 L/2 0.103 0.071 4 35 56.0 1.0L 0.089 0.125 7 72 56.0 1.5L 0.068 0.143 8 110 56.0 L/5 0.333 0.294 5 10 17.0 L/2 0.231 0.529 9 30 17.0 1.0L 0.127 0.588 10 69 17.0 1.5L 0.093 0.647 11 107 17.0
1uj8A L/5 0.429 0.122 6 8 49.0 L/2 0.278 0.204 10 26 49.0 1.0L 0.219 0.327 16 57 49.0 1.5L 0.193 0.429 21 88 49.0 L/5 0.0 0.0 0 14 13.0 L/2 0.028 0.077 1 35 13.0 1.0L 0.027 0.154 2 71 13.0 1.5L 0.018 0.154 2 107 13.0
3ldcA L/5 0.313 0.143 5 11 35.0 L/2 0.268 0.314 11 30 35.0 1.0L 0.159 0.371 13 69 35.0 1.5L 0.138 0.486 17 106 35.0 L/5 0.5 0.471 8 8 17.0 L/2 0.268 0.647 11 30 17.0 1.0L 0.159 0.765 13 69 17.0 1.5L 0.114 0.824 14 109 17.0
2l3uA L/5 0.632 0.164 12 7 73.0 L/2 0.388 0.26 19 30 73.0 1.0L 0.235 0.315 23 75 73.0 1.5L 0.184 0.37 27 120 73.0 L/5 0.211 0.105 4 15 38.0 L/2 0.224 0.289 11 38 38.0 1.0L 0.153 0.395 15 83 38.0 1.5L 0.15 0.579 22 125 38.0
2h3jA L/5 0.8 0.16 12 3 75.0 L/2 0.514 0.253 19 18 75.0 1.0L 0.4 0.4 30 45 75.0 1.5L 0.33 0.493 37 75 75.0 L/5 0.667 0.323 10 5 31.0 L/2 0.459 0.548 17 20 31.0 1.0L 0.28 0.677 21 54 31.0 1.5L 0.214 0.774 24 88 31.0
2e7mA L/5 0.5 0.079 11 11 140.0 L/2 0.375 0.15 21 35 140.0 1.0L 0.283 0.229 32 81 140.0 1.5L 0.225 0.271 38 131 140.0 L/5 0.409 0.13 9 13 69.0 L/2 0.5 0.406 28 28 69.0 1.0L 0.336 0.551 38 75 69.0 1.5L 0.243 0.594 41 128 69.0
1c7kA L/5 0.5 0.084 13 13 155.0 L/2 0.303 0.129 20 46 155.0 1.0L 0.182 0.155 24 108 155.0 1.5L 0.141 0.181 28 170 155.0 L/5 0.385 0.125 10 16 80.0 L/2 0.273 0.225 18 48 80.0 1.0L 0.159 0.263 21 111 80.0 1.5L 0.162 0.4 32 166 80.0
2f9hA L/5 0.25 0.031 6 18 194.0 L/2 0.2 0.062 12 48 194.0 1.0L 0.182 0.113 22 99 194.0 1.5L 0.182 0.17 33 148 194.0 L/5 0.667 0.193 16 8 83.0 L/2 0.517 0.373 31 29 83.0 1.0L 0.388 0.566 47 74 83.0 1.5L 0.282 0.614 51 130 83.0
2cxyA L/5 0.273 0.146 6 16 41.0 L/2 0.193 0.268 11 46 41.0 1.0L 0.114 0.317 13 101 41.0 1.5L 0.094 0.39 16 155 41.0 L/5 0.318 0.538 7 15 13.0 L/2 0.158 0.692 9 48 13.0 1.0L 0.088 0.769 10 104 13.0 1.5L 0.07 0.923 12 159 13.0
3ov5A L/5 0.125 0.034 2 14 59.0 L/2 0.171 0.119 7 34 59.0 1.0L 0.145 0.203 12 71 59.0 1.5L 0.129 0.271 16 108 59.0 L/5 0.438 0.226 7 9 31.0 L/2 0.244 0.323 10 31 31.0 1.0L 0.133 0.355 11 72 31.0 1.5L 0.097 0.387 12 112 31.0
4gioA L/5 0.158 0.021 3 16 144.0 L/2 0.188 0.063 9 39 144.0 1.0L 0.156 0.104 15 81 144.0 1.5L 0.146 0.146 21 123 144.0 L/5 0.158 0.075 3 16 40.0 L/2 0.167 0.2 8 40 40.0 1.0L 0.188 0.45 18 78 40.0 1.5L 0.139 0.5 20 124 40.0
1wnaA L/5 0.12 0.021 3 22 146.0 L/2 0.063 0.027 4 59 146.0 1.0L 0.047 0.041 6 121 146.0 1.5L 0.032 0.041 6 184 146.0 L/5 0.28 0.113 7 18 62.0 L/2 0.317 0.323 20 43 62.0 1.0L 0.228 0.468 29 98 62.0 1.5L 0.205 0.629 39 151 62.0
2jspA L/5 0.235 0.148 4 13 27.0 L/2 0.14 0.222 6 37 27.0 1.0L 0.103 0.333 9 78 27.0 1.5L 0.069 0.333 9 121 27.0 L/5 0.353 0.286 6 11 21.0 L/2 0.14 0.286 6 37 21.0 1.0L 0.069 0.286 6 81 21.0 1.5L 0.054 0.333 7 123 21.0
2d58A L/5 0.429 0.281 9 12 32.0 L/2 0.189 0.313 10 43 32.0 1.0L 0.103 0.344 11 96 32.0 1.5L 0.087 0.438 14 146 32.0 L/5 0.429 0.429 9 12 21.0 L/2 0.245 0.619 13 40 21.0 1.0L 0.14 0.714 15 92 21.0 1.5L 0.106 0.81 17 143 21.0
1pa4A L/5 0.526 0.156 10 9 64.0 L/2 0.417 0.313 20 28 64.0 1.0L 0.344 0.516 33 63 64.0 1.5L 0.264 0.594 38 106 64.0 L/5 0.737 0.389 14 5 36.0 L/2 0.563 0.75 27 21 36.0 1.0L 0.292 0.778 28 68 36.0 1.5L 0.194 0.778 28 116 36.0
2o37A L/5 0.625 0.323 10 6 31.0 L/2 0.425 0.548 17 23 31.0 1.0L 0.235 0.613 19 62 31.0 1.5L 0.174 0.677 21 100 31.0 L/5 0.75 0.632 12 4 19.0 L/2 0.375 0.789 15 25 19.0 1.0L 0.21 0.895 17 64 19.0 1.5L 0.14 0.895 17 104 19.0
2z4dA L/5 0.053 0.02 1 18 51.0 L/2 0.063 0.059 3 45 51.0 1.0L 0.063 0.118 6 90 51.0 1.5L 0.049 0.137 7 137 51.0 L/5 0.895 0.165 17 2 103.0 L/2 0.688 0.32 33 15 103.0 1.0L 0.448 0.417 43 53 103.0 1.5L 0.354 0.495 51 93 103.0
1v66A L/5 0.538 0.28 7 6 25.0 L/2 0.406 0.52 13 19 25.0 1.0L 0.262 0.68 17 48 25.0 1.5L 0.196 0.76 19 78 25.0 L/5 0.231 0.25 3 10 12.0 L/2 0.25 0.667 8 24 12.0 1.0L 0.169 0.917 11 54 12.0 1.5L 0.113 0.917 11 86 12.0
3nswA L/5 0.048 0.008 1 20 133.0 L/2 0.094 0.038 5 48 133.0 1.0L 0.075 0.06 8 98 133.0 1.5L 0.063 0.075 10 149 133.0 L/5 0.667 0.226 14 7 62.0 L/2 0.472 0.403 25 28 62.0 1.0L 0.274 0.468 29 77 62.0 1.5L 0.189 0.484 30 129 62.0
1ijyA L/5 0.417 0.091 10 14 110.0 L/2 0.279 0.155 17 44 110.0 1.0L 0.18 0.2 22 100 110.0 1.5L 0.142 0.236 26 157 110.0 L/5 0.042 0.029 1 23 35.0 L/2 0.082 0.143 5 56 35.0 1.0L 0.09 0.314 11 111 35.0 1.5L 0.066 0.343 12 171 35.0
3mazA L/5 0.263 0.104 5 14 48.0 L/2 0.163 0.167 8 41 48.0 1.0L 0.091 0.188 9 90 48.0 1.5L 0.068 0.208 10 138 48.0 L/5 0.632 0.188 12 7 64.0 L/2 0.408 0.313 20 29 64.0 1.0L 0.283 0.438 28 71 64.0 1.5L 0.23 0.531 34 114 64.0
2hqsC L/5 0.714 0.097 15 6 154.0 L/2 0.698 0.24 37 16 154.0 1.0L 0.645 0.448 69 38 154.0 1.5L 0.544 0.565 87 73 154.0 L/5 0.667 0.452 14 7 31.0 L/2 0.377 0.645 20 33 31.0 1.0L 0.206 0.71 22 85 31.0 1.5L 0.156 0.806 25 135 31.0
3ushA L/5 0.609 0.093 14 9 151.0 L/2 0.356 0.139 21 38 151.0 1.0L 0.263 0.205 31 87 151.0 1.5L 0.226 0.265 40 137 151.0 L/5 0.304 0.171 7 16 41.0 L/2 0.186 0.268 11 48 41.0 1.0L 0.102 0.293 12 106 41.0 1.5L 0.085 0.366 15 162 41.0
3c9pA L/5 0.333 0.082 8 16 97.0 L/2 0.23 0.144 14 47 97.0 1.0L 0.189 0.237 23 99 97.0 1.5L 0.137 0.258 25 158 97.0 L/5 0.25 0.286 6 18 21.0 L/2 0.115 0.333 7 54 21.0 1.0L 0.09 0.524 11 111 21.0 1.5L 0.066 0.571 12 171 21.0
2olmA L/5 0.269 0.077 7 19 91.0 L/2 0.242 0.176 16 50 91.0 1.0L 0.18 0.264 24 109 91.0 1.5L 0.146 0.319 29 170 91.0 L/5 0.269 0.212 7 19 33.0 L/2 0.227 0.455 15 51 33.0 1.0L 0.135 0.545 18 115 33.0 1.5L 0.106 0.636 21 178 33.0
1zmaA L/5 0.522 0.087 12 11 138.0 L/2 0.542 0.232 32 27 138.0 1.0L 0.475 0.406 56 62 138.0 1.5L 0.418 0.536 74 103 138.0 L/5 0.217 0.294 5 18 17.0 L/2 0.203 0.706 12 47 17.0 1.0L 0.119 0.824 14 104 17.0 1.5L 0.096 1.0 17 160 17.0
1yd0A L/5 0.647 0.111 11 6 99.0 L/2 0.568 0.253 25 19 99.0 1.0L 0.371 0.333 33 56 99.0 1.5L 0.316 0.424 42 91 99.0 L/5 0.412 0.212 7 10 33.0 L/2 0.364 0.485 16 28 33.0 1.0L 0.225 0.606 20 69 33.0 1.5L 0.165 0.667 22 111 33.0
2lepA L/5 0.417 0.111 5 7 45.0 L/2 0.419 0.289 13 18 45.0 1.0L 0.349 0.489 22 41 45.0 1.5L 0.266 0.556 25 69 45.0 L/5 0.583 0.292 7 5 24.0 L/2 0.484 0.625 15 16 24.0 1.0L 0.27 0.708 17 46 24.0 1.5L 0.191 0.75 18 76 24.0
1kafA L/5 0.714 0.227 15 6 66.0 L/2 0.463 0.379 25 29 66.0 1.0L 0.306 0.5 33 75 66.0 1.5L 0.228 0.561 37 125 66.0 L/5 0.857 0.29 18 3 62.0 L/2 0.648 0.565 35 19 62.0 1.0L 0.417 0.726 45 63 62.0 1.5L 0.315 0.823 51 111 62.0
2dstA L/5 0.542 0.134 13 11 97.0 L/2 0.557 0.351 34 27 97.0 1.0L 0.393 0.495 48 74 97.0 1.5L 0.279 0.526 51 132 97.0 L/5 0.625 0.153 15 9 98.0 L/2 0.443 0.276 27 34 98.0 1.0L 0.41 0.51 50 72 98.0 1.5L 0.344 0.643 63 120 98.0
1t0yA L/5 0.722 0.123 13 5 106.0 L/2 0.733 0.311 33 12 106.0 1.0L 0.544 0.462 49 41 106.0 1.5L 0.422 0.538 57 78 106.0 L/5 0.667 0.324 12 6 37.0 L/2 0.311 0.378 14 31 37.0 1.0L 0.233 0.568 21 69 37.0 1.5L 0.2 0.73 27 108 37.0
2jobA L/5 0.1 0.036 2 18 56.0 L/2 0.059 0.054 3 48 56.0 1.0L 0.039 0.071 4 98 56.0 1.5L 0.039 0.107 6 147 56.0 L/5 0.35 0.095 7 13 74.0 L/2 0.294 0.203 15 36 74.0 1.0L 0.206 0.284 21 81 74.0 1.5L 0.222 0.459 34 119 74.0
2knjA L/5 0.389 0.096 7 11 73.0 L/2 0.333 0.205 15 30 73.0 1.0L 0.211 0.26 19 71 73.0 1.5L 0.163 0.301 22 113 73.0 L/5 0.167 0.125 3 15 24.0 L/2 0.089 0.167 4 41 24.0 1.0L 0.044 0.167 4 86 24.0 1.5L 0.037 0.208 5 130 24.0
2y78A L/5 0.875 0.125 21 3 168.0 L/2 0.738 0.268 45 16 168.0 1.0L 0.566 0.411 69 53 168.0 1.5L 0.443 0.482 81 102 168.0 L/5 0.75 0.353 18 6 51.0 L/2 0.41 0.49 25 36 51.0 1.0L 0.238 0.569 29 93 51.0 1.5L 0.169 0.608 31 152 51.0
2jw5A L/5 0.619 0.11 13 8 118.0 L/2 0.566 0.254 30 23 118.0 1.0L 0.462 0.415 49 57 118.0 1.5L 0.358 0.483 57 102 118.0 L/5 0.524 0.282 11 10 39.0 L/2 0.302 0.41 16 37 39.0 1.0L 0.151 0.41 16 90 39.0 1.5L 0.113 0.462 18 141 39.0
2kbiA L/5 0.421 0.258 8 11 31.0 L/2 0.188 0.29 9 39 31.0 1.0L 0.155 0.484 15 82 31.0 1.5L 0.117 0.548 17 128 31.0 L/5 0.421 0.444 8 11 18.0 L/2 0.208 0.556 10 38 18.0 1.0L 0.134 0.722 13 84 18.0 1.5L 0.11 0.889 16 129 18.0
2l5vA L/5 0.233 0.123 7 23 57.0 L/2 0.133 0.175 10 65 57.0 1.0L 0.1 0.263 15 135 57.0 1.5L 0.076 0.298 17 208 57.0 L/5 0.333 0.25 10 20 40.0 L/2 0.2 0.375 15 60 40.0 1.0L 0.133 0.5 20 130 40.0 1.5L 0.116 0.65 26 199 40.0
2wgoA L/5 0.0 0.0 0 19 70.0 L/2 0.0 0.0 0 49 70.0 1.0L 0.01 0.014 1 97 70.0 1.5L 0.014 0.029 2 145 70.0 L/5 0.789 0.217 15 4 69.0 L/2 0.531 0.377 26 23 69.0 1.0L 0.378 0.536 37 61 69.0 1.5L 0.279 0.594 41 106 69.0
2xfvA L/5 0.048 0.026 1 20 39.0 L/2 0.037 0.051 2 52 39.0 1.0L 0.037 0.103 4 104 39.0 1.5L 0.037 0.154 6 156 39.0 L/5 0.19 0.108 4 17 37.0 L/2 0.13 0.189 7 47 37.0 1.0L 0.074 0.216 8 100 37.0 1.5L 0.056 0.243 9 153 37.0
2kkxA L/5 0.15 0.034 3 17 87.0 L/2 0.059 0.034 3 48 87.0 1.0L 0.088 0.103 9 93 87.0 1.5L 0.085 0.149 13 140 87.0 L/5 0.05 0.027 1 19 37.0 L/2 0.039 0.054 2 49 37.0 1.0L 0.069 0.189 7 95 37.0 1.5L 0.065 0.27 10 143 37.0
3fymA L/5 0.625 0.208 10 6 48.0 L/2 0.39 0.333 16 25 48.0 1.0L 0.207 0.354 17 65 48.0 1.5L 0.179 0.458 22 101 48.0 L/5 0.25 0.571 4 12 7.0 L/2 0.171 1.0 7 34 7.0 1.0L 0.085 1.0 7 75 7.0 1.5L 0.057 1.0 7 116 7.0
2gu3A L/5 0.44 0.2 11 14 55.0 L/2 0.266 0.309 17 47 55.0 1.0L 0.18 0.418 23 105 55.0 1.5L 0.135 0.473 26 166 55.0 L/5 0.96 0.183 24 1 131.0 L/2 0.953 0.466 61 3 131.0 1.0L 0.75 0.733 96 32 131.0 1.5L 0.563 0.824 108 84 131.0
2cokA L/5 0.773 0.139 17 5 122.0 L/2 0.625 0.287 35 21 122.0 1.0L 0.46 0.426 52 61 122.0 1.5L 0.355 0.492 60 109 122.0 L/5 0.364 0.148 8 14 54.0 L/2 0.196 0.204 11 45 54.0 1.0L 0.133 0.278 15 98 54.0 1.5L 0.112 0.352 19 150 54.0
3ndqA L/5 0.474 0.141 9 10 64.0 L/2 0.271 0.203 13 35 64.0 1.0L 0.175 0.266 17 80 64.0 1.5L 0.145 0.328 21 124 64.0 L/5 0.158 0.125 3 16 24.0 L/2 0.104 0.208 5 43 24.0 1.0L 0.093 0.375 9 88 24.0 1.5L 0.062 0.375 9 136 24.0
