2kjpA L/5 0.667 0.222 12 6 54.0 L/2 0.511 0.426 23 22 54.0 1.0L 0.33 0.556 30 61 54.0 1.5L 0.306 0.556 30 68 54.0 L/5 0.778 0.35 14 4 40.0 L/2 0.667 0.75 30 15 40.0 1.0L 0.363 0.825 33 58 40.0 1.5L 0.257 0.875 35 101 40.0
1se7A L/5 0.438 0.121 7 9 58.0 L/2 0.195 0.138 8 33 58.0 1.0L 0.193 0.276 16 67 58.0 1.5L 0.162 0.293 17 88 58.0 L/5 0.188 0.15 3 13 20.0 L/2 0.122 0.25 5 36 20.0 1.0L 0.06 0.25 5 78 20.0 1.5L 0.04 0.25 5 119 20.0
1couA L/5 0.588 0.082 10 7 122.0 L/2 0.452 0.156 19 23 122.0 1.0L 0.318 0.221 27 58 122.0 1.5L 0.29 0.221 27 66 122.0 L/5 0.176 0.097 3 14 31.0 L/2 0.143 0.194 6 36 31.0 1.0L 0.094 0.258 8 77 31.0 1.5L 0.071 0.29 9 118 31.0
2xuvA L/5 0.231 0.055 3 10 55.0 L/2 0.235 0.145 8 26 55.0 1.0L 0.206 0.236 13 50 55.0 1.5L 0.206 0.236 13 50 55.0 L/5 0.154 0.111 2 11 18.0 L/2 0.118 0.222 4 30 18.0 1.0L 0.101 0.389 7 62 18.0 1.5L 0.087 0.5 9 94 18.0
2da4A L/5 0.125 0.087 2 14 23.0 L/2 0.075 0.13 3 37 23.0 1.0L 0.087 0.304 7 73 23.0 1.5L 0.07 0.348 8 106 23.0 L/5 0.375 0.4 6 10 15.0 L/2 0.225 0.6 9 31 15.0 1.0L 0.125 0.667 10 70 15.0 1.5L 0.1 0.8 12 108 15.0
1luzA L/5 0.824 0.141 14 3 99.0 L/2 0.643 0.273 27 15 99.0 1.0L 0.447 0.384 38 47 99.0 1.5L 0.402 0.394 39 58 99.0 L/5 0.647 0.216 11 6 51.0 L/2 0.524 0.431 22 20 51.0 1.0L 0.412 0.686 35 50 51.0 1.5L 0.315 0.784 40 87 51.0
1u9dA L/5 0.583 0.093 14 10 151.0 L/2 0.475 0.192 29 32 151.0 1.0L 0.377 0.305 46 76 151.0 1.5L 0.329 0.371 56 114 151.0 L/5 0.125 0.176 3 21 17.0 L/2 0.18 0.647 11 50 17.0 1.0L 0.123 0.882 15 107 17.0 1.5L 0.082 0.882 15 168 17.0
2lqlA L/5 0.0 0.0 0 16 33.0 L/2 0.0 0.0 0 41 33.0 1.0L 0.012 0.03 1 82 33.0 1.5L 0.009 0.03 1 107 33.0 L/5 0.125 0.087 2 14 23.0 L/2 0.073 0.13 3 38 23.0 1.0L 0.084 0.304 7 76 23.0 1.5L 0.056 0.304 7 117 23.0
3sxuB L/5 0.75 0.155 15 5 97.0 L/2 0.529 0.278 27 24 97.0 1.0L 0.382 0.402 39 63 97.0 1.5L 0.319 0.464 45 96 97.0 L/5 0.4 0.131 8 12 61.0 L/2 0.373 0.311 19 32 61.0 1.0L 0.275 0.459 28 74 61.0 1.5L 0.216 0.541 33 120 61.0
2lc0A L/5 0.346 0.048 9 17 188.0 L/2 0.318 0.112 21 45 188.0 1.0L 0.235 0.165 31 101 188.0 1.5L 0.206 0.186 35 135 188.0 L/5 0.115 0.111 3 23 27.0 L/2 0.106 0.259 7 59 27.0 1.0L 0.098 0.481 13 119 27.0 1.5L 0.071 0.519 14 184 27.0
2z59A L/5 0.429 0.11 9 12 82.0 L/2 0.222 0.146 12 42 82.0 1.0L 0.224 0.159 13 45 82.0 1.5L 0.224 0.159 13 45 82.0 L/5 0.81 0.183 17 4 93.0 L/2 0.648 0.376 35 19 93.0 1.0L 0.44 0.516 48 61 93.0 1.5L 0.38 0.667 62 101 93.0
3g21A L/5 0.2 0.07 3 12 43.0 L/2 0.132 0.116 5 33 43.0 1.0L 0.143 0.256 11 66 43.0 1.5L 0.134 0.256 11 71 43.0 L/5 0.467 0.212 7 8 33.0 L/2 0.289 0.333 11 27 33.0 1.0L 0.169 0.394 13 64 33.0 1.5L 0.122 0.424 14 101 33.0
1bnoA L/5 0.588 0.204 10 7 49.0 L/2 0.395 0.347 17 26 49.0 1.0L 0.241 0.429 21 66 49.0 1.5L 0.225 0.469 23 79 49.0 L/5 0.706 0.333 12 5 36.0 L/2 0.419 0.5 18 25 36.0 1.0L 0.276 0.667 24 63 36.0 1.5L 0.208 0.75 27 103 36.0
1ywyA L/5 0.357 0.096 5 9 52.0 L/2 0.216 0.154 8 29 52.0 1.0L 0.179 0.192 10 46 52.0 1.5L 0.179 0.192 10 46 52.0 L/5 0.5 0.149 7 7 47.0 L/2 0.486 0.383 18 19 47.0 1.0L 0.351 0.553 26 48 47.0 1.5L 0.261 0.617 29 82 47.0
2fzpA L/5 0.308 0.045 8 18 177.0 L/2 0.149 0.056 10 57 177.0 1.0L 0.126 0.073 13 90 177.0 1.5L 0.126 0.073 13 90 177.0 L/5 0.5 0.317 13 13 41.0 L/2 0.239 0.39 16 51 41.0 1.0L 0.172 0.561 23 111 41.0 1.5L 0.119 0.585 24 177 41.0
2lz0A L/5 0.5 0.108 10 10 93.0 L/2 0.36 0.194 18 32 93.0 1.0L 0.341 0.312 29 56 93.0 1.5L 0.341 0.312 29 56 93.0 L/5 0.65 0.134 13 7 97.0 L/2 0.58 0.299 29 21 97.0 1.0L 0.38 0.392 38 62 97.0 1.5L 0.293 0.454 44 106 97.0
2dirA L/5 0.895 0.155 17 2 110.0 L/2 0.796 0.355 39 10 110.0 1.0L 0.582 0.518 57 41 110.0 1.5L 0.456 0.609 67 80 110.0 L/5 0.684 0.542 13 6 24.0 L/2 0.408 0.833 20 29 24.0 1.0L 0.204 0.833 20 78 24.0 1.5L 0.136 0.833 20 127 24.0
3t7lA L/5 0.643 0.158 9 5 57.0 L/2 0.541 0.351 20 17 57.0 1.0L 0.362 0.439 25 44 57.0 1.5L 0.362 0.439 25 44 57.0 L/5 0.357 0.098 5 9 51.0 L/2 0.351 0.255 13 24 51.0 1.0L 0.284 0.412 21 53 51.0 1.5L 0.243 0.529 27 84 51.0
1yr1A L/5 0.652 0.118 15 8 127.0 L/2 0.508 0.236 30 29 127.0 1.0L 0.348 0.307 39 73 127.0 1.5L 0.348 0.307 39 73 127.0 L/5 0.826 0.235 19 4 81.0 L/2 0.627 0.457 37 22 81.0 1.0L 0.496 0.728 59 60 81.0 1.5L 0.343 0.753 61 117 81.0
1wi9A L/5 0.357 0.227 5 9 22.0 L/2 0.361 0.591 13 23 22.0 1.0L 0.236 0.773 17 55 22.0 1.5L 0.207 0.818 18 69 22.0 L/5 0.429 0.75 6 8 8.0 L/2 0.222 1.0 8 28 8.0 1.0L 0.111 1.0 8 64 8.0 1.5L 0.074 1.0 8 100 8.0
3rfeA L/5 0.913 0.175 21 2 120.0 L/2 0.712 0.35 42 17 120.0 1.0L 0.643 0.375 45 25 120.0 1.5L 0.643 0.375 45 25 120.0 L/5 0.652 0.121 15 8 124.0 L/2 0.542 0.258 32 27 124.0 1.0L 0.42 0.403 50 69 124.0 1.5L 0.348 0.5 62 116 124.0
2ko2A L/5 0.0 0.0 0 13 40.0 L/2 0.0 0.0 0 33 40.0 1.0L 0.016 0.025 1 61 40.0 1.5L 0.016 0.025 1 61 40.0 L/5 0.0 0.0 0 13 13.0 L/2 0.0 0.0 0 33 13.0 1.0L 0.03 0.154 2 65 13.0 1.5L 0.03 0.231 3 97 13.0
3a38A L/5 0.313 0.054 5 11 92.0 L/2 0.268 0.12 11 30 92.0 1.0L 0.234 0.196 18 59 92.0 1.5L 0.234 0.196 18 59 92.0 L/5 0.375 0.194 6 10 31.0 L/2 0.244 0.323 10 31 31.0 1.0L 0.157 0.419 13 70 31.0 1.5L 0.129 0.516 16 108 31.0
3glvA L/5 0.792 0.111 19 5 171.0 L/2 0.787 0.281 48 13 171.0 1.0L 0.639 0.456 78 44 171.0 1.5L 0.566 0.602 103 79 171.0 L/5 0.625 0.455 15 9 33.0 L/2 0.328 0.606 20 41 33.0 1.0L 0.197 0.727 24 98 33.0 1.5L 0.142 0.788 26 157 33.0
1a1xA L/5 0.238 0.052 5 16 97.0 L/2 0.113 0.062 6 47 97.0 1.0L 0.097 0.072 7 65 97.0 1.5L 0.097 0.072 7 65 97.0 L/5 0.619 0.197 13 8 66.0 L/2 0.434 0.348 23 30 66.0 1.0L 0.264 0.424 28 78 66.0 1.5L 0.201 0.485 32 127 66.0
2krkA L/5 0.941 0.242 16 1 66.0 L/2 0.698 0.455 30 13 66.0 1.0L 0.442 0.576 38 48 66.0 1.5L 0.404 0.667 44 65 66.0 L/5 0.765 0.419 13 4 31.0 L/2 0.581 0.806 25 18 31.0 1.0L 0.326 0.903 28 58 31.0 1.5L 0.217 0.903 28 101 31.0
3r87A L/5 0.846 0.116 22 4 190.0 L/2 0.833 0.289 55 11 190.0 1.0L 0.742 0.516 98 34 190.0 1.5L 0.603 0.6 114 75 190.0 L/5 0.769 0.4 20 6 50.0 L/2 0.515 0.68 34 32 50.0 1.0L 0.341 0.9 45 87 50.0 1.5L 0.227 0.9 45 153 50.0
2vlqB L/5 0.5 0.087 13 13 150.0 L/2 0.269 0.12 18 49 150.0 1.0L 0.223 0.153 23 80 150.0 1.5L 0.223 0.153 23 80 150.0 L/5 0.577 0.211 15 11 71.0 L/2 0.373 0.352 25 42 71.0 1.0L 0.246 0.465 33 101 71.0 1.5L 0.199 0.563 40 161 71.0
3lyyA L/5 0.7 0.124 14 6 113.0 L/2 0.49 0.221 25 26 113.0 1.0L 0.343 0.31 35 67 113.0 1.5L 0.31 0.319 36 80 113.0 L/5 0.7 0.2 14 6 70.0 L/2 0.529 0.386 27 24 70.0 1.0L 0.422 0.614 43 59 70.0 1.5L 0.327 0.714 50 103 70.0
2npbA L/5 0.529 0.098 9 8 92.0 L/2 0.386 0.185 17 27 92.0 1.0L 0.398 0.38 35 53 92.0 1.5L 0.38 0.446 41 67 92.0 L/5 0.471 0.381 8 9 21.0 L/2 0.295 0.619 13 31 21.0 1.0L 0.193 0.81 17 71 21.0 1.5L 0.136 0.857 18 114 21.0
2k4nA L/5 0.455 0.119 10 12 84.0 L/2 0.218 0.143 12 43 84.0 1.0L 0.176 0.155 13 61 84.0 1.5L 0.176 0.155 13 61 84.0 L/5 0.409 0.231 9 13 39.0 L/2 0.291 0.41 16 39 39.0 1.0L 0.18 0.513 20 91 39.0 1.5L 0.151 0.641 25 141 39.0
2klqA L/5 0.273 0.078 6 16 77.0 L/2 0.246 0.182 14 43 77.0 1.0L 0.175 0.26 20 94 77.0 1.5L 0.143 0.286 22 132 77.0 L/5 0.318 0.212 7 15 33.0 L/2 0.175 0.303 10 47 33.0 1.0L 0.14 0.485 16 98 33.0 1.5L 0.123 0.636 21 150 33.0
1gh8A L/5 0.706 0.085 12 5 142.0 L/2 0.545 0.169 24 20 142.0 1.0L 0.483 0.303 43 46 142.0 1.5L 0.444 0.415 59 74 142.0 L/5 0.941 0.421 16 1 38.0 L/2 0.659 0.763 29 15 38.0 1.0L 0.337 0.789 30 59 38.0 1.5L 0.233 0.816 31 102 38.0
2lwxA L/5 0.941 0.2 16 1 80.0 L/2 0.795 0.438 35 9 80.0 1.0L 0.557 0.613 49 39 80.0 1.5L 0.463 0.625 50 58 80.0 L/5 0.647 0.393 11 6 28.0 L/2 0.364 0.571 16 28 28.0 1.0L 0.227 0.714 20 68 28.0 1.5L 0.152 0.714 20 112 28.0
1fadA L/5 0.368 0.087 7 12 80.0 L/2 0.362 0.212 17 30 80.0 1.0L 0.305 0.362 29 66 80.0 1.5L 0.246 0.412 33 101 80.0 L/5 0.684 0.722 13 6 18.0 L/2 0.298 0.778 14 33 18.0 1.0L 0.147 0.778 14 81 18.0 1.5L 0.106 0.833 15 127 18.0
2l76A L/5 0.579 0.134 11 8 82.0 L/2 0.468 0.268 22 25 82.0 1.0L 0.316 0.366 30 65 82.0 1.5L 0.297 0.402 33 78 82.0 L/5 0.579 0.256 11 8 43.0 L/2 0.383 0.419 18 29 43.0 1.0L 0.295 0.651 28 67 43.0 1.5L 0.211 0.698 30 112 43.0
2di7A L/5 0.417 0.087 10 14 115.0 L/2 0.242 0.13 15 47 115.0 1.0L 0.173 0.165 19 91 115.0 1.5L 0.173 0.165 19 91 115.0 L/5 0.542 0.217 13 11 60.0 L/2 0.403 0.417 25 37 60.0 1.0L 0.29 0.6 36 88 60.0 1.5L 0.226 0.7 42 144 60.0
2lw6A L/5 0.25 0.049 4 12 81.0 L/2 0.15 0.074 6 34 81.0 1.0L 0.15 0.074 6 34 81.0 1.5L 0.15 0.074 6 34 81.0 L/5 0.688 0.145 11 5 76.0 L/2 0.4 0.211 16 24 76.0 1.0L 0.287 0.303 23 57 76.0 1.5L 0.25 0.395 30 90 76.0
3goeA L/5 0.563 0.113 9 7 80.0 L/2 0.45 0.225 18 22 80.0 1.0L 0.275 0.275 22 58 80.0 1.5L 0.247 0.275 22 67 80.0 L/5 0.875 0.341 14 2 41.0 L/2 0.575 0.561 23 17 41.0 1.0L 0.388 0.756 31 49 41.0 1.5L 0.267 0.78 32 88 41.0
1ucrA L/5 0.857 0.308 12 2 39.0 L/2 0.514 0.487 19 18 39.0 1.0L 0.297 0.564 22 52 39.0 1.5L 0.247 0.615 24 73 39.0 L/5 0.929 0.542 13 1 24.0 L/2 0.568 0.875 21 16 24.0 1.0L 0.311 0.958 23 51 24.0 1.5L 0.207 0.958 23 88 24.0
2kcnA L/5 0.909 0.192 10 1 52.0 L/2 0.778 0.404 21 6 52.0 1.0L 0.473 0.5 26 29 52.0 1.5L 0.441 0.5 26 33 52.0 L/5 0.636 0.206 7 4 34.0 L/2 0.444 0.353 12 15 34.0 1.0L 0.273 0.441 15 40 34.0 1.5L 0.207 0.5 17 65 34.0
1earA L/5 0.75 0.102 21 7 205.0 L/2 0.465 0.161 33 38 205.0 1.0L 0.339 0.18 37 72 205.0 1.5L 0.339 0.18 37 72 205.0 L/5 0.571 0.281 16 12 57.0 L/2 0.394 0.491 28 43 57.0 1.0L 0.246 0.614 35 107 57.0 1.5L 0.188 0.702 40 173 57.0
2jn9A L/5 0.476 0.081 10 11 123.0 L/2 0.346 0.146 18 34 123.0 1.0L 0.337 0.252 31 61 123.0 1.5L 0.337 0.252 31 61 123.0 L/5 0.429 0.184 9 12 49.0 L/2 0.308 0.327 16 36 49.0 1.0L 0.21 0.449 22 83 49.0 1.5L 0.172 0.551 27 130 49.0
2eqkA L/5 0.412 0.132 7 10 53.0 L/2 0.31 0.245 13 29 53.0 1.0L 0.246 0.321 17 52 53.0 1.5L 0.246 0.321 17 52 53.0 L/5 0.882 0.278 15 2 54.0 L/2 0.714 0.556 30 12 54.0 1.0L 0.459 0.722 39 46 54.0 1.5L 0.354 0.833 45 82 54.0
2xppA L/5 0.741 0.148 20 7 135.0 L/2 0.603 0.304 41 27 135.0 1.0L 0.489 0.496 67 70 135.0 1.5L 0.4 0.607 82 123 135.0 L/5 0.593 0.457 16 11 35.0 L/2 0.338 0.657 23 45 35.0 1.0L 0.175 0.686 24 113 35.0 1.5L 0.132 0.771 27 178 35.0
2ktaA L/5 0.286 0.2 4 10 20.0 L/2 0.243 0.45 9 28 20.0 1.0L 0.135 0.5 10 64 20.0 1.5L 0.105 0.5 10 85 20.0 L/5 0.143 0.222 2 12 9.0 L/2 0.108 0.444 4 33 9.0 1.0L 0.068 0.556 5 69 9.0 1.5L 0.045 0.556 5 106 9.0
2eapA L/5 0.389 0.106 7 11 66.0 L/2 0.2 0.136 9 36 66.0 1.0L 0.167 0.227 15 75 66.0 1.5L 0.146 0.227 15 88 66.0 L/5 0.278 0.143 5 13 35.0 L/2 0.222 0.286 10 35 35.0 1.0L 0.189 0.486 17 73 35.0 1.5L 0.148 0.571 20 115 35.0
1wpiA L/5 0.577 0.081 15 11 186.0 L/2 0.379 0.134 25 41 186.0 1.0L 0.278 0.199 37 96 186.0 1.5L 0.227 0.22 41 140 186.0 L/5 0.346 0.2 9 17 45.0 L/2 0.227 0.333 15 51 45.0 1.0L 0.135 0.4 18 115 45.0 1.5L 0.126 0.556 25 174 45.0
2k8oA L/5 0.25 0.036 3 9 84.0 L/2 0.133 0.048 4 26 84.0 1.0L 0.119 0.06 5 37 84.0 1.5L 0.119 0.06 5 37 84.0 L/5 0.0 0.0 0 12 15.0 L/2 0.033 0.067 1 29 15.0 1.0L 0.017 0.067 1 59 15.0 1.5L 0.044 0.267 4 86 15.0
2lfvA L/5 0.619 0.153 13 8 85.0 L/2 0.491 0.306 26 27 85.0 1.0L 0.311 0.388 33 73 85.0 1.5L 0.225 0.4 34 117 85.0 L/5 0.524 0.55 11 10 20.0 L/2 0.283 0.75 15 38 20.0 1.0L 0.16 0.85 17 89 20.0 1.5L 0.119 0.95 19 140 20.0
2jmlA L/5 0.625 0.196 10 6 51.0 L/2 0.55 0.431 22 18 51.0 1.0L 0.395 0.627 32 49 51.0 1.5L 0.315 0.667 34 74 51.0 L/5 0.313 0.263 5 11 19.0 L/2 0.25 0.526 10 30 19.0 1.0L 0.148 0.632 12 69 19.0 1.5L 0.107 0.684 13 108 19.0
1kn6A L/5 0.643 0.092 9 5 98.0 L/2 0.5 0.184 18 18 98.0 1.0L 0.397 0.296 29 44 98.0 1.5L 0.377 0.296 29 48 98.0 L/5 0.786 0.393 11 3 28.0 L/2 0.472 0.607 17 19 28.0 1.0L 0.301 0.786 22 51 28.0 1.5L 0.202 0.786 22 87 28.0
1g03A L/5 0.308 0.082 8 18 98.0 L/2 0.179 0.122 12 55 98.0 1.0L 0.142 0.194 19 115 98.0 1.5L 0.125 0.235 23 161 98.0 L/5 0.231 0.273 6 20 22.0 L/2 0.164 0.5 11 56 22.0 1.0L 0.097 0.591 13 121 22.0 1.5L 0.075 0.682 15 186 22.0
1eaqA L/5 0.083 0.01 2 22 196.0 L/2 0.048 0.015 3 59 196.0 1.0L 0.049 0.02 4 78 196.0 1.5L 0.049 0.02 4 78 196.0 L/5 0.333 0.093 8 16 86.0 L/2 0.258 0.186 16 46 86.0 1.0L 0.202 0.291 25 99 86.0 1.5L 0.172 0.372 32 154 86.0
2dy8A L/5 0.538 0.194 7 6 36.0 L/2 0.441 0.417 15 19 36.0 1.0L 0.262 0.472 17 48 36.0 1.5L 0.262 0.472 17 48 36.0 L/5 0.923 0.273 12 1 44.0 L/2 0.647 0.5 22 12 44.0 1.0L 0.435 0.682 30 39 44.0 1.5L 0.32 0.75 33 70 44.0
2l3bA L/5 0.192 0.034 5 21 145.0 L/2 0.215 0.097 14 51 145.0 1.0L 0.161 0.103 15 78 145.0 1.5L 0.161 0.103 15 78 145.0 L/5 0.462 0.167 12 14 72.0 L/2 0.369 0.333 24 41 72.0 1.0L 0.292 0.528 38 92 72.0 1.5L 0.236 0.639 46 149 72.0
1xn6A L/5 0.75 0.183 21 7 115.0 L/2 0.563 0.348 40 31 115.0 1.0L 0.378 0.47 54 89 115.0 1.5L 0.354 0.487 56 102 115.0 L/5 0.893 0.294 25 3 85.0 L/2 0.704 0.588 50 21 85.0 1.0L 0.476 0.8 68 75 85.0 1.5L 0.341 0.859 73 141 85.0
2lkgA L/5 0.107 0.034 3 25 87.0 L/2 0.086 0.069 6 64 87.0 1.0L 0.077 0.092 8 96 87.0 1.5L 0.077 0.092 8 96 87.0 L/5 0.107 0.273 3 25 11.0 L/2 0.071 0.455 5 65 11.0 1.0L 0.043 0.545 6 134 11.0 1.5L 0.033 0.636 7 203 11.0
3cptA L/5 0.13 0.026 3 20 116.0 L/2 0.102 0.052 6 53 116.0 1.0L 0.092 0.095 11 108 116.0 1.5L 0.085 0.095 11 118 116.0 L/5 0.783 0.247 18 5 73.0 L/2 0.475 0.384 28 31 73.0 1.0L 0.336 0.548 40 79 73.0 1.5L 0.247 0.603 44 134 73.0
3nzlA L/5 0.143 0.035 2 12 57.0 L/2 0.194 0.123 7 29 57.0 1.0L 0.137 0.175 10 63 57.0 1.5L 0.126 0.193 11 76 57.0 L/5 0.429 0.462 6 8 13.0 L/2 0.194 0.538 7 29 13.0 1.0L 0.137 0.769 10 63 13.0 1.5L 0.092 0.769 10 99 13.0
1qklA L/5 0.12 0.024 3 22 126.0 L/2 0.095 0.048 6 57 126.0 1.0L 0.095 0.095 12 114 126.0 1.5L 0.095 0.095 12 114 126.0 L/5 0.52 0.255 13 12 51.0 L/2 0.254 0.314 16 47 51.0 1.0L 0.157 0.392 20 107 51.0 1.5L 0.111 0.412 21 169 51.0
1nz9A L/5 0.727 0.32 8 3 25.0 L/2 0.345 0.4 10 19 25.0 1.0L 0.235 0.48 12 39 25.0 1.5L 0.235 0.48 12 39 25.0 L/5 1.0 0.229 11 0 48.0 L/2 0.966 0.583 28 1 48.0 1.0L 0.707 0.854 41 17 48.0 1.5L 0.494 0.896 43 44 48.0
2ai6A L/5 0.68 0.084 17 8 202.0 L/2 0.435 0.134 27 35 202.0 1.0L 0.337 0.153 31 61 202.0 1.5L 0.337 0.153 31 61 202.0 L/5 0.68 0.239 17 8 71.0 L/2 0.484 0.423 30 32 71.0 1.0L 0.4 0.704 50 75 71.0 1.5L 0.299 0.789 56 131 71.0
1s7iA L/5 0.5 0.08 12 12 150.0 L/2 0.468 0.193 29 33 150.0 1.0L 0.387 0.32 48 76 150.0 1.5L 0.318 0.373 56 120 150.0 L/5 0.583 0.5 14 10 28.0 L/2 0.274 0.607 17 45 28.0 1.0L 0.177 0.786 22 102 28.0 1.5L 0.129 0.857 24 162 28.0
2cwrA L/5 0.895 0.1 17 2 170.0 L/2 0.646 0.182 31 17 170.0 1.0L 0.528 0.276 47 42 170.0 1.5L 0.528 0.276 47 42 170.0 L/5 0.579 0.208 11 8 53.0 L/2 0.458 0.415 22 26 53.0 1.0L 0.278 0.509 27 70 53.0 1.5L 0.228 0.623 33 112 53.0
2v1nA L/5 0.227 0.068 5 17 74.0 L/2 0.218 0.162 12 43 74.0 1.0L 0.18 0.27 20 91 74.0 1.5L 0.169 0.27 20 98 74.0 L/5 0.545 0.364 12 10 33.0 L/2 0.345 0.576 19 36 33.0 1.0L 0.225 0.758 25 86 33.0 1.5L 0.163 0.818 27 139 33.0
2ltlA L/5 0.478 0.085 11 12 130.0 L/2 0.373 0.169 22 37 130.0 1.0L 0.269 0.246 32 87 130.0 1.5L 0.263 0.269 35 98 130.0 L/5 0.565 0.289 13 10 45.0 L/2 0.305 0.4 18 41 45.0 1.0L 0.227 0.6 27 92 45.0 1.5L 0.174 0.689 31 147 45.0
2jx0A L/5 0.462 0.09 12 14 134.0 L/2 0.354 0.172 23 42 134.0 1.0L 0.336 0.328 44 87 134.0 1.5L 0.308 0.448 60 135 134.0 L/5 0.423 0.407 11 15 27.0 L/2 0.292 0.704 19 46 27.0 1.0L 0.176 0.852 23 108 27.0 1.5L 0.117 0.852 23 173 27.0
1oo0A L/5 0.143 0.03 4 24 133.0 L/2 0.069 0.038 5 67 133.0 1.0L 0.053 0.053 7 124 133.0 1.5L 0.053 0.053 7 124 133.0 L/5 0.607 0.173 17 11 98.0 L/2 0.556 0.408 40 32 98.0 1.0L 0.41 0.602 59 85 98.0 1.5L 0.315 0.694 68 148 98.0
2k2bA L/5 0.136 0.024 3 19 127.0 L/2 0.127 0.055 7 48 127.0 1.0L 0.127 0.102 13 89 127.0 1.5L 0.127 0.102 13 89 127.0 L/5 0.0 0.0 0 22 43.0 L/2 0.018 0.023 1 54 43.0 1.0L 0.009 0.023 1 110 43.0 1.5L 0.012 0.047 2 164 43.0
2owaA L/5 0.48 0.104 12 13 115.0 L/2 0.313 0.174 20 44 115.0 1.0L 0.24 0.217 25 79 115.0 1.5L 0.24 0.217 25 79 115.0 L/5 0.6 0.273 15 10 55.0 L/2 0.328 0.382 21 43 55.0 1.0L 0.227 0.527 29 99 55.0 1.5L 0.177 0.618 34 158 55.0
1wijA L/5 0.16 0.043 4 21 93.0 L/2 0.143 0.097 9 54 93.0 1.0L 0.094 0.129 12 115 93.0 1.5L 0.088 0.129 12 124 93.0 L/5 0.28 0.25 7 18 28.0 L/2 0.19 0.429 12 51 28.0 1.0L 0.102 0.464 13 114 28.0 1.5L 0.105 0.714 20 170 28.0
1lmiA L/5 0.269 0.03 7 19 232.0 L/2 0.246 0.069 16 49 232.0 1.0L 0.244 0.138 32 99 232.0 1.5L 0.239 0.138 32 102 232.0 L/5 0.577 0.203 15 11 74.0 L/2 0.323 0.284 21 44 74.0 1.0L 0.229 0.405 30 101 74.0 1.5L 0.179 0.473 35 161 74.0
1xc5A L/5 0.385 0.135 5 8 37.0 L/2 0.235 0.216 8 26 37.0 1.0L 0.132 0.243 9 59 37.0 1.5L 0.132 0.27 10 66 37.0 L/5 0.462 0.429 6 7 14.0 L/2 0.235 0.571 8 26 14.0 1.0L 0.132 0.643 9 59 14.0 1.5L 0.098 0.714 10 92 14.0
1ezgA L/5 0.0 0.0 0 16 4.0 L/2 0.0 0.0 0 41 4.0 1.0L 0.0 0.0 0 62 4.0 1.5L 0.0 0.0 0 62 4.0 L/5 0.688 0.071 11 5 155.0 L/2 0.683 0.181 28 13 155.0 1.0L 0.476 0.252 39 43 155.0 1.5L 0.431 0.342 53 70 155.0
2p9xA L/5 0.421 0.127 8 11 63.0 L/2 0.306 0.238 15 34 63.0 1.0L 0.184 0.286 18 80 63.0 1.5L 0.165 0.333 21 106 63.0 L/5 0.263 0.185 5 14 27.0 L/2 0.204 0.37 10 39 27.0 1.0L 0.163 0.593 16 82 27.0 1.5L 0.122 0.667 18 129 27.0
1r26A L/5 0.818 0.125 18 4 144.0 L/2 0.857 0.333 48 8 144.0 1.0L 0.796 0.625 90 23 144.0 1.5L 0.663 0.778 112 57 144.0 L/5 0.636 0.583 14 8 24.0 L/2 0.393 0.917 22 34 24.0 1.0L 0.204 0.958 23 90 24.0 1.5L 0.136 0.958 23 146 24.0
1pucA L/5 0.05 0.027 1 19 37.0 L/2 0.04 0.054 2 48 37.0 1.0L 0.05 0.135 5 96 37.0 1.5L 0.039 0.135 5 122 37.0 L/5 0.4 0.286 8 12 28.0 L/2 0.3 0.536 15 35 28.0 1.0L 0.149 0.536 15 86 28.0 1.5L 0.106 0.571 16 135 28.0
2nqwA L/5 0.824 0.255 14 3 55.0 L/2 0.581 0.455 25 18 55.0 1.0L 0.368 0.582 32 55 55.0 1.5L 0.347 0.6 33 62 55.0 L/5 0.882 0.254 15 2 59.0 L/2 0.767 0.559 33 10 59.0 1.0L 0.448 0.661 39 48 59.0 1.5L 0.346 0.763 45 85 59.0
2ccqA L/5 0.632 0.106 12 7 113.0 L/2 0.449 0.195 22 27 113.0 1.0L 0.364 0.319 36 63 113.0 1.5L 0.325 0.363 41 85 113.0 L/5 0.263 0.278 5 14 18.0 L/2 0.122 0.333 6 43 18.0 1.0L 0.061 0.333 6 93 18.0 1.5L 0.061 0.5 9 139 18.0
2qycA L/5 0.85 0.121 17 3 140.0 L/2 0.725 0.264 37 14 140.0 1.0L 0.529 0.386 54 48 140.0 1.5L 0.471 0.514 72 81 140.0 L/5 0.7 0.467 14 6 30.0 L/2 0.451 0.767 23 28 30.0 1.0L 0.265 0.9 27 75 30.0 1.5L 0.183 0.933 28 125 30.0
2rhkA L/5 0.043 0.006 1 22 177.0 L/2 0.119 0.04 7 52 177.0 1.0L 0.109 0.073 13 106 177.0 1.5L 0.101 0.079 14 124 177.0 L/5 0.043 0.016 1 22 61.0 L/2 0.102 0.098 6 53 61.0 1.0L 0.076 0.148 9 110 61.0 1.5L 0.079 0.23 14 164 61.0
3ffyA L/5 0.773 0.099 17 5 171.0 L/2 0.714 0.234 40 16 171.0 1.0L 0.589 0.386 66 46 171.0 1.5L 0.491 0.462 79 82 171.0 L/5 0.727 0.34 16 6 47.0 L/2 0.375 0.447 21 35 47.0 1.0L 0.25 0.596 28 84 47.0 1.5L 0.19 0.681 32 136 47.0
2pspA L/5 0.381 0.065 8 13 123.0 L/2 0.226 0.098 12 41 123.0 1.0L 0.157 0.106 13 70 123.0 1.5L 0.157 0.106 13 70 123.0 L/5 0.619 0.295 13 8 44.0 L/2 0.321 0.386 17 36 44.0 1.0L 0.217 0.523 23 83 44.0 1.5L 0.17 0.614 27 132 44.0
2loeA L/5 0.16 0.024 4 21 167.0 L/2 0.159 0.06 10 53 167.0 1.0L 0.118 0.09 15 112 167.0 1.5L 0.115 0.09 15 116 167.0 L/5 0.08 0.029 2 23 70.0 L/2 0.048 0.043 3 60 70.0 1.0L 0.079 0.143 10 117 70.0 1.5L 0.068 0.186 13 177 70.0
1pcnA L/5 0.167 0.046 3 15 65.0 L/2 0.13 0.092 6 40 65.0 1.0L 0.145 0.169 11 65 65.0 1.5L 0.145 0.169 11 65 65.0 L/5 0.278 0.055 5 13 91.0 L/2 0.174 0.088 8 38 91.0 1.0L 0.129 0.132 12 81 91.0 1.5L 0.122 0.187 17 122 91.0
2lq7A L/5 0.474 0.094 9 10 96.0 L/2 0.313 0.156 15 33 96.0 1.0L 0.196 0.198 19 78 96.0 1.5L 0.184 0.219 21 93 96.0 L/5 0.579 0.262 11 8 42.0 L/2 0.375 0.429 18 30 42.0 1.0L 0.227 0.524 22 75 42.0 1.5L 0.159 0.548 23 122 42.0
2khqA L/5 0.636 0.125 14 8 112.0 L/2 0.545 0.268 30 25 112.0 1.0L 0.427 0.42 47 63 112.0 1.5L 0.387 0.518 58 92 112.0 L/5 0.636 0.438 14 8 32.0 L/2 0.382 0.656 21 34 32.0 1.0L 0.218 0.75 24 86 32.0 1.5L 0.152 0.781 25 140 32.0
2kp6A L/5 0.2 0.053 3 12 57.0 L/2 0.128 0.088 5 34 57.0 1.0L 0.127 0.175 10 69 57.0 1.5L 0.109 0.193 11 90 57.0 L/5 0.467 0.35 7 8 20.0 L/2 0.256 0.5 10 29 20.0 1.0L 0.165 0.65 13 66 20.0 1.5L 0.119 0.7 14 104 20.0
1uj8A L/5 0.643 0.153 9 5 59.0 L/2 0.389 0.237 14 22 59.0 1.0L 0.301 0.373 22 51 59.0 1.5L 0.299 0.39 23 54 59.0 L/5 0.143 0.091 2 12 22.0 L/2 0.139 0.227 5 31 22.0 1.0L 0.137 0.455 10 63 22.0 1.5L 0.092 0.455 10 99 22.0
3ldcA L/5 0.438 0.127 7 9 55.0 L/2 0.366 0.273 15 26 55.0 1.0L 0.22 0.327 18 64 55.0 1.5L 0.21 0.382 21 79 55.0 L/5 0.688 0.407 11 5 27.0 L/2 0.366 0.556 15 26 27.0 1.0L 0.232 0.704 19 63 27.0 1.5L 0.171 0.778 21 102 27.0
2l3uA L/5 0.632 0.143 12 7 84.0 L/2 0.347 0.202 17 32 84.0 1.0L 0.242 0.274 23 72 84.0 1.5L 0.242 0.274 23 72 84.0 L/5 0.316 0.2 6 13 30.0 L/2 0.265 0.433 13 36 30.0 1.0L 0.153 0.5 15 83 30.0 1.5L 0.129 0.633 19 128 30.0
2h3jA L/5 0.8 0.16 12 3 75.0 L/2 0.459 0.227 17 20 75.0 1.0L 0.373 0.373 28 47 75.0 1.5L 0.358 0.453 34 61 75.0 L/5 0.8 0.343 12 3 35.0 L/2 0.568 0.6 21 16 35.0 1.0L 0.347 0.743 26 49 35.0 1.5L 0.259 0.829 29 83 35.0
2e7mA L/5 0.591 0.093 13 9 140.0 L/2 0.393 0.157 22 34 140.0 1.0L 0.33 0.214 30 61 140.0 1.5L 0.33 0.214 30 61 140.0 L/5 0.5 0.153 11 11 72.0 L/2 0.464 0.361 26 30 72.0 1.0L 0.336 0.528 38 75 72.0 1.5L 0.254 0.597 43 126 72.0
1c7kA L/5 0.577 0.086 15 11 174.0 L/2 0.348 0.132 23 43 174.0 1.0L 0.329 0.138 24 49 174.0 1.5L 0.329 0.138 24 49 174.0 L/5 0.462 0.143 12 14 84.0 L/2 0.288 0.226 19 47 84.0 1.0L 0.197 0.31 26 106 84.0 1.5L 0.172 0.405 34 164 84.0
2f9hA L/5 0.333 0.041 8 16 195.0 L/2 0.233 0.072 14 46 195.0 1.0L 0.215 0.133 26 95 195.0 1.5L 0.211 0.133 26 97 195.0 L/5 0.792 0.247 19 5 77.0 L/2 0.55 0.429 33 27 77.0 1.0L 0.397 0.623 48 73 77.0 1.5L 0.287 0.675 52 129 77.0
2cxyA L/5 0.818 0.2 18 4 90.0 L/2 0.474 0.3 27 30 90.0 1.0L 0.377 0.478 43 71 90.0 1.5L 0.301 0.522 47 109 90.0 L/5 0.591 0.565 13 9 23.0 L/2 0.298 0.739 17 40 23.0 1.0L 0.158 0.783 18 96 23.0 1.5L 0.117 0.87 20 151 23.0
3ov5A L/5 0.438 0.092 7 9 76.0 L/2 0.366 0.197 15 26 76.0 1.0L 0.253 0.276 21 62 76.0 1.5L 0.239 0.289 22 70 76.0 L/5 0.5 0.2 8 8 40.0 L/2 0.268 0.275 11 30 40.0 1.0L 0.157 0.325 13 70 40.0 1.5L 0.121 0.375 15 109 40.0
4gioA L/5 0.158 0.02 3 16 151.0 L/2 0.167 0.053 8 40 151.0 1.0L 0.146 0.093 14 82 151.0 1.5L 0.126 0.099 15 104 151.0 L/5 0.211 0.105 4 15 38.0 L/2 0.188 0.237 9 39 38.0 1.0L 0.167 0.421 16 80 38.0 1.5L 0.125 0.474 18 126 38.0
1wnaA L/5 0.16 0.022 4 21 185.0 L/2 0.111 0.038 7 56 185.0 1.0L 0.079 0.054 10 117 185.0 1.5L 0.076 0.054 10 121 185.0 L/5 0.36 0.153 9 16 59.0 L/2 0.333 0.356 21 42 59.0 1.0L 0.22 0.475 28 99 59.0 1.5L 0.184 0.593 35 155 59.0
2jspA L/5 0.412 0.2 7 10 35.0 L/2 0.256 0.314 11 32 35.0 1.0L 0.161 0.4 14 73 35.0 1.5L 0.156 0.4 14 76 35.0 L/5 0.529 0.3 9 8 30.0 L/2 0.256 0.367 11 32 30.0 1.0L 0.149 0.433 13 74 30.0 1.5L 0.123 0.533 16 114 30.0
2d58A L/5 0.524 0.172 11 10 64.0 L/2 0.264 0.219 14 39 64.0 1.0L 0.172 0.25 16 77 64.0 1.5L 0.172 0.25 16 77 64.0 L/5 0.619 0.394 13 8 33.0 L/2 0.358 0.576 19 34 33.0 1.0L 0.215 0.697 23 84 33.0 1.5L 0.156 0.758 25 135 33.0
1pa4A L/5 0.737 0.165 14 5 85.0 L/2 0.646 0.365 31 17 85.0 1.0L 0.448 0.506 43 53 85.0 1.5L 0.368 0.588 50 86 85.0 L/5 0.842 0.471 16 3 34.0 L/2 0.542 0.765 26 22 34.0 1.0L 0.313 0.882 30 66 34.0 1.5L 0.215 0.912 31 113 34.0
2o37A L/5 0.813 0.31 13 3 42.0 L/2 0.525 0.5 21 19 42.0 1.0L 0.309 0.595 25 56 42.0 1.5L 0.295 0.619 26 62 42.0 L/5 0.813 0.565 13 3 23.0 L/2 0.425 0.739 17 23 23.0 1.0L 0.247 0.87 20 61 23.0 1.5L 0.174 0.913 21 100 23.0
2z4dA L/5 0.316 0.08 6 13 75.0 L/2 0.188 0.12 9 39 75.0 1.0L 0.137 0.133 10 63 75.0 1.5L 0.137 0.133 10 63 75.0 L/5 0.842 0.158 16 3 101.0 L/2 0.646 0.307 31 17 101.0 1.0L 0.427 0.406 41 55 101.0 1.5L 0.354 0.505 51 93 101.0
1v66A L/5 0.692 0.25 9 4 36.0 L/2 0.563 0.5 18 14 36.0 1.0L 0.354 0.639 23 42 36.0 1.5L 0.338 0.639 23 45 36.0 L/5 0.385 0.227 5 8 22.0 L/2 0.313 0.455 10 22 22.0 1.0L 0.215 0.636 14 51 22.0 1.5L 0.155 0.682 15 82 22.0
3nswA L/5 0.095 0.015 2 19 135.0 L/2 0.113 0.044 6 47 135.0 1.0L 0.118 0.059 8 60 135.0 1.5L 0.118 0.059 8 60 135.0 L/5 0.619 0.213 13 8 61.0 L/2 0.472 0.41 25 28 61.0 1.0L 0.264 0.459 28 78 61.0 1.5L 0.195 0.508 31 128 61.0
1ijyA L/5 0.583 0.098 14 10 143.0 L/2 0.393 0.168 24 37 143.0 1.0L 0.263 0.217 31 87 143.0 1.5L 0.263 0.217 31 87 143.0 L/5 0.167 0.089 4 20 45.0 L/2 0.164 0.222 10 51 45.0 1.0L 0.139 0.378 17 105 45.0 1.5L 0.109 0.444 20 163 45.0
3mazA L/5 0.368 0.103 7 12 68.0 L/2 0.245 0.176 12 37 68.0 1.0L 0.197 0.191 13 53 68.0 1.5L 0.197 0.191 13 53 68.0 L/5 0.684 0.186 13 6 70.0 L/2 0.449 0.314 22 27 70.0 1.0L 0.343 0.486 34 65 70.0 1.5L 0.27 0.571 40 108 70.0
2hqsC L/5 0.857 0.106 18 3 170.0 L/2 0.792 0.247 42 11 170.0 1.0L 0.72 0.453 77 30 170.0 1.5L 0.594 0.559 95 65 170.0 L/5 0.762 0.457 16 5 35.0 L/2 0.453 0.686 24 29 35.0 1.0L 0.243 0.743 26 81 35.0 1.5L 0.181 0.829 29 131 35.0
3ushA L/5 0.87 0.12 20 3 167.0 L/2 0.508 0.18 30 29 167.0 1.0L 0.339 0.24 40 78 167.0 1.5L 0.328 0.257 43 88 167.0 L/5 0.391 0.176 9 14 51.0 L/2 0.254 0.294 15 44 51.0 1.0L 0.153 0.353 18 100 51.0 1.5L 0.119 0.412 21 156 51.0
3c9pA L/5 0.375 0.073 9 15 124.0 L/2 0.262 0.129 16 45 124.0 1.0L 0.205 0.202 25 97 124.0 1.5L 0.173 0.226 28 134 124.0 L/5 0.375 0.3 9 15 30.0 L/2 0.164 0.333 10 51 30.0 1.0L 0.131 0.533 16 106 30.0 1.5L 0.098 0.6 18 165 30.0
2olmA L/5 0.462 0.098 12 14 122.0 L/2 0.348 0.189 23 43 122.0 1.0L 0.29 0.254 31 76 122.0 1.5L 0.29 0.254 31 76 122.0 L/5 0.462 0.267 12 14 45.0 L/2 0.273 0.4 18 48 45.0 1.0L 0.188 0.556 25 108 45.0 1.5L 0.151 0.667 30 169 45.0
1zmaA L/5 0.739 0.104 17 6 163.0 L/2 0.678 0.245 40 19 163.0 1.0L 0.576 0.417 68 50 163.0 1.5L 0.512 0.521 85 81 163.0 L/5 0.435 0.286 10 13 35.0 L/2 0.339 0.571 20 39 35.0 1.0L 0.195 0.657 23 95 35.0 1.5L 0.153 0.771 27 150 35.0
1yd0A L/5 0.765 0.111 13 4 117.0 L/2 0.682 0.256 30 14 117.0 1.0L 0.438 0.333 39 50 117.0 1.5L 0.387 0.41 48 76 117.0 L/5 0.529 0.281 9 8 32.0 L/2 0.386 0.531 17 27 32.0 1.0L 0.247 0.688 22 67 32.0 1.5L 0.18 0.75 24 109 32.0
2lepA L/5 0.583 0.13 7 5 54.0 L/2 0.548 0.315 17 14 54.0 1.0L 0.444 0.519 28 35 54.0 1.5L 0.403 0.537 29 43 54.0 L/5 0.75 0.265 9 3 34.0 L/2 0.613 0.559 19 12 34.0 1.0L 0.397 0.735 25 38 34.0 1.5L 0.277 0.765 26 68 34.0
1kafA L/5 0.762 0.165 16 5 97.0 L/2 0.537 0.299 29 25 97.0 1.0L 0.431 0.32 31 41 97.0 1.5L 0.431 0.32 31 41 97.0 L/5 0.714 0.211 15 6 71.0 L/2 0.593 0.451 32 22 71.0 1.0L 0.389 0.592 42 66 71.0 1.5L 0.29 0.662 47 115 71.0
2dstA L/5 0.792 0.131 19 5 145.0 L/2 0.787 0.331 48 13 145.0 1.0L 0.582 0.49 71 51 145.0 1.5L 0.521 0.51 74 68 145.0 L/5 0.833 0.196 20 4 102.0 L/2 0.607 0.363 37 24 102.0 1.0L 0.484 0.578 59 63 102.0 1.5L 0.377 0.676 69 114 102.0
1t0yA L/5 0.889 0.133 16 2 120.0 L/2 0.844 0.317 38 7 120.0 1.0L 0.667 0.5 60 30 120.0 1.5L 0.58 0.542 65 47 120.0 L/5 0.722 0.302 13 5 43.0 L/2 0.422 0.442 19 26 43.0 1.0L 0.311 0.651 28 62 43.0 1.5L 0.252 0.791 34 101 43.0
2jobA L/5 0.2 0.049 4 16 82.0 L/2 0.137 0.085 7 44 82.0 1.0L 0.111 0.11 9 72 82.0 1.5L 0.111 0.11 9 72 82.0 L/5 0.35 0.104 7 13 67.0 L/2 0.275 0.209 14 37 67.0 1.0L 0.186 0.284 19 83 67.0 1.5L 0.203 0.463 31 122 67.0
2knjA L/5 0.389 0.089 7 11 79.0 L/2 0.378 0.215 17 28 79.0 1.0L 0.222 0.253 20 70 79.0 1.5L 0.193 0.329 26 109 79.0 L/5 0.389 0.219 7 11 32.0 L/2 0.178 0.25 8 37 32.0 1.0L 0.089 0.25 8 82 32.0 1.5L 0.067 0.281 9 126 32.0
2y78A L/5 0.958 0.13 23 1 177.0 L/2 0.869 0.299 53 8 177.0 1.0L 0.656 0.452 80 42 177.0 1.5L 0.589 0.486 86 60 177.0 L/5 0.917 0.4 22 2 55.0 L/2 0.508 0.564 31 30 55.0 1.0L 0.295 0.655 36 86 55.0 1.5L 0.208 0.691 38 145 55.0
2jw5A L/5 0.857 0.137 18 3 131.0 L/2 0.679 0.275 36 17 131.0 1.0L 0.491 0.397 52 54 131.0 1.5L 0.407 0.466 61 89 131.0 L/5 0.571 0.267 12 9 45.0 L/2 0.34 0.4 18 35 45.0 1.0L 0.179 0.422 19 87 45.0 1.5L 0.132 0.467 21 138 45.0
2kbiA L/5 0.684 0.232 13 6 56.0 L/2 0.375 0.321 18 30 56.0 1.0L 0.258 0.446 25 72 56.0 1.5L 0.258 0.446 25 72 56.0 L/5 0.474 0.333 9 10 27.0 L/2 0.271 0.481 13 35 27.0 1.0L 0.186 0.667 18 79 27.0 1.5L 0.159 0.852 23 122 27.0
2l5vA L/5 0.267 0.095 8 22 84.0 L/2 0.16 0.143 12 63 84.0 1.0L 0.113 0.202 17 133 84.0 1.5L 0.105 0.214 18 154 84.0 L/5 0.433 0.283 13 17 46.0 L/2 0.267 0.435 20 55 46.0 1.0L 0.16 0.522 24 126 46.0 1.5L 0.129 0.63 29 196 46.0
2wgoA L/5 0.0 0.0 0 19 87.0 L/2 0.0 0.0 0 49 87.0 1.0L 0.022 0.023 2 87 87.0 1.5L 0.022 0.023 2 87 87.0 L/5 0.842 0.213 16 3 75.0 L/2 0.551 0.36 27 22 75.0 1.0L 0.388 0.507 38 60 75.0 1.5L 0.286 0.56 42 105 75.0
2xfvA L/5 0.095 0.03 2 19 67.0 L/2 0.111 0.09 6 48 67.0 1.0L 0.083 0.134 9 99 67.0 1.5L 0.069 0.149 10 135 67.0 L/5 0.429 0.184 9 12 49.0 L/2 0.204 0.224 11 43 49.0 1.0L 0.148 0.327 16 92 49.0 1.5L 0.105 0.347 17 145 49.0
2kkxA L/5 0.15 0.029 3 17 104.0 L/2 0.078 0.038 4 47 104.0 1.0L 0.133 0.096 10 65 104.0 1.5L 0.133 0.096 10 65 104.0 L/5 0.05 0.021 1 19 47.0 L/2 0.078 0.085 4 47 47.0 1.0L 0.088 0.191 9 93 47.0 1.5L 0.085 0.277 13 140 47.0
3fymA L/5 0.813 0.194 13 3 67.0 L/2 0.732 0.448 30 11 67.0 1.0L 0.39 0.478 32 50 67.0 1.5L 0.346 0.552 37 70 67.0 L/5 0.5 0.533 8 8 15.0 L/2 0.293 0.8 12 29 15.0 1.0L 0.146 0.8 12 70 15.0 1.5L 0.098 0.8 12 111 15.0
2gu3A L/5 0.72 0.176 18 7 102.0 L/2 0.422 0.265 27 37 102.0 1.0L 0.312 0.333 34 75 102.0 1.5L 0.312 0.333 34 75 102.0 L/5 1.0 0.179 25 0 140.0 L/2 0.953 0.436 61 3 140.0 1.0L 0.727 0.664 93 35 140.0 1.5L 0.547 0.75 105 87 140.0
2cokA L/5 0.864 0.138 19 3 138.0 L/2 0.679 0.275 38 18 138.0 1.0L 0.513 0.42 58 55 138.0 1.5L 0.417 0.435 60 84 138.0 L/5 0.455 0.167 10 12 60.0 L/2 0.268 0.25 15 41 60.0 1.0L 0.195 0.367 22 91 60.0 1.5L 0.16 0.45 27 142 60.0
3ndqA L/5 0.526 0.114 10 9 88.0 L/2 0.292 0.159 14 34 88.0 1.0L 0.186 0.205 18 79 88.0 1.5L 0.179 0.227 20 92 88.0 L/5 0.263 0.217 5 14 23.0 L/2 0.167 0.348 8 40 23.0 1.0L 0.134 0.565 13 84 23.0 1.5L 0.097 0.609 14 131 23.0
