0.951897516725 130 157 0.0 20.0 10.4526786804
0.944567491609 131 157 0.0 20.0 8.2379989624
0.93172581314 149 195 0.0 20.0 14.0218305588
0.899634589008 13 158 0.0 20.0 14.4075307846
0.894858683077 13 157 0.0 20.0 16.0599193573
0.859798815045 129 158 0.0 20.0 11.8633670807
0.858349517486 40 69 0.0 20.0 10.8147001266
0.83763118521 128 157 0.0 20.0 12.2297353745
0.831034305063 95 201 0.0 20.0 17.1675376892
0.801108417616 491 536 0.0 20.0 13.7513713837
0.780064730743 337 440 0.0 20.0 8.45222473145
0.753134831994 186 421 0.0 20.0 12.0809984207
0.727236914811 151 195 0.0 20.0 18.751449585
0.726302860901 42 69 0.0 20.0 7.69036626816
0.724349288945 12 158 0.0 20.0 18.1951541901
0.712117424035 13 155 0.0 20.0 12.0048732758
0.709147687274 491 534 0.0 20.0 8.5150680542
0.692168849133 185 423 0.0 20.0 18.70221138
0.691556046476 191 210 0.0 20.0 13.0475893021
0.672074687308 521 552 0.0 20.0 11.6567258835
0.664061966945 195 210 0.0 20.0 9.45457172394
0.663347332035 36 134 0.0 20.0 12.4508066177
0.66116539713 11 158 0.0 20.0 18.990240097
0.640011267718 189 421 0.0 20.0 14.5093412399
0.628032040557 31 134 0.0 20.0 13.0156459808
0.626115899794 337 439 0.0 20.0 8.60201931
0.615023539527 126 158 0.0 20.0 11.9933633804
0.611484860246 410 495 0.0 20.0 13.386177063
0.599833245915 41 72 0.0 20.0 11.8206653595
0.597815508027 124 157 0.0 20.0 13.8624095917
0.594950015201 124 155 0.0 20.0 15.7667808533
0.584766221591 69 135 0.0 20.0 19.0985393524
0.568705309803 408 488 0.0 20.0 10.6190700531
0.566765948117 409 495 0.0 20.0 11.0752458572
0.560495035739 34 133 0.0 20.0 11.9731044769
0.55337639637 232 540 0.0 20.0 50.9702682495
0.546170316357 410 484 0.0 20.0 8.49419784546
0.542523214298 493 535 0.0 20.0 13.1679115295
0.542489712213 41 64 0.0 20.0 14.4751768112
0.542406548128 229 260 0.0 20.0 10.4350090027
0.54119517121 142 195 0.0 20.0 13.9842481613
0.536208304732 119 157 0.0 20.0 12.1589584351
0.531834161617 96 201 0.0 20.0 14.0532598495
0.524737067577 218 440 0.0 20.0 13.1950883865
0.524529496465 407 495 0.0 20.0 15.5881309509
0.524212312542 134 158 0.0 20.0 9.78335666656
0.514160744324 152 195 0.0 20.0 19.0318584442
0.51368234941 493 536 0.0 20.0 14.4486560822
0.509712318882 409 488 0.0 20.0 7.9280090332
0.499790368242 10 155 0.0 20.0 15.6625299454
0.497745029769 149 201 0.0 20.0 23.0776462555
0.496952042467 7 277 0.0 20.0 22.8006305695
0.488966945932 490 534 0.0 20.0 9.84921646118
0.485024503174 8 158 0.0 20.0 24.3442306519
0.483085888881 201 421 0.0 20.0 23.020866394
0.479873711857 439 466 0.0 20.0 35.6376037598
0.478500335878 515 529 0.0 20.0 21.2824172974
0.47683853301 398 545 0.0 20.0 10.5796279907
0.474907216315 197 471 0.0 20.0 15.6816062927
0.474623163746 183 431 0.0 20.0 14.239865303
0.473762402344 408 484 0.0 20.0 12.0063343048
0.47338832242 153 195 0.0 20.0 19.1973838806
0.47291013525 319 345 0.0 20.0 15.7292985916
0.468582841349 12 132 0.0 20.0 14.1923866272
0.46841754474 146 196 0.0 20.0 9.64314556122
0.468372283542 410 482 0.0 20.0 13.6531352997
0.46454744975 398 552 0.0 20.0 17.2011871338
0.464175587004 147 195 0.0 20.0 13.2561903
0.463895753646 33 133 0.0 20.0 9.44595336914
0.458359207035 70 562 0.0 20.0 51.4721412659
0.457588961066 195 207 0.0 20.0 7.17955875397
0.454765260026 144 194 0.0 20.0 9.54622554779
0.454246714336 123 155 0.0 20.0 13.8250656128
0.45359595354 187 423 0.0 20.0 14.8898439407
0.440109234173 374 389 0.0 20.0 23.0239753723
0.438586773721 121 153 0.0 20.0 20.8399448395
0.43554015229 46 64 0.0 20.0 13.4110631943
0.432607815293 84 258 0.0 20.0 40.9500846863
0.426408060509 317 432 0.0 20.0 43.4120788574
0.425639219608 43 70 0.0 20.0 13.8963499069
0.423608733524 121 133 0.0 20.0 14.6503190994
0.422681057311 195 219 0.0 20.0 20.0610485077
0.418127873772 410 489 0.0 20.0 4.52875375748
0.416767312132 134 157 0.0 20.0 8.62406158447
0.415737557817 81 258 0.0 20.0 43.6606330872
0.414236711769 493 531 0.0 20.0 9.71011161804
0.412722228451 159 330 0.0 20.0 42.459980011
0.412445102519 143 201 0.0 20.0 16.6890735626
0.409424563099 536 575 0.0 20.0 12.6729164124
0.408971820828 274 431 0.0 20.0 27.2516822815
0.406902294982 80 257 0.0 20.0 38.892364502
0.405861912663 283 310 0.0 20.0 41.2642593384
0.404297200254 189 422 0.0 20.0 14.1667537689
0.40192945483 87 258 0.0 20.0 38.1457099915
0.395329019907 190 410 0.0 20.0 22.659696579
0.391627546693 409 494 0.0 20.0 11.6485862732
0.390912535371 408 485 0.0 20.0 12.9353246689
0.387153575367 407 484 0.0 20.0 8.89065361023
0.386062021782 86 258 0.0 20.0 37.4629173279
0.384195893297 337 437 0.0 20.0 13.2704515457
0.381546017951 410 535 0.0 20.0 13.9026222229
0.381519768849 409 484 0.0 20.0 11.9891681671
0.381004934247 129 159 0.0 20.0 15.3591623306
0.379552576291 144 199 0.0 20.0 12.6571826935
0.377451602832 9 132 0.0 20.0 21.1187744141
0.376600647431 80 258 0.0 20.0 41.4159812927
0.376025149052 410 481 0.0 20.0 13.4477882385
0.37541129096 116 133 0.0 20.0 16.292098999
0.374901507072 155 213 0.0 20.0 31.2251739502
0.371912883627 192 283 0.0 20.0 14.70499897
0.371499843011 398 522 0.0 20.0 9.92116165161
0.371235105381 186 199 0.0 20.0 20.5771427155
0.370564749071 89 257 0.0 20.0 36.786113739
0.369845588616 179 418 0.0 20.0 22.3005332947
0.369214750192 121 154 0.0 20.0 18.1274795532
0.367504311881 278 431 0.0 20.0 31.7295627594
0.365622997786 184 432 0.0 20.0 12.8743104935
0.36464929261 422 474 0.0 20.0 18.0102844238
0.364323382811 182 423 0.0 20.0 19.0167064667
0.363537943217 198 461 0.0 20.0 14.7137136459
0.361164298073 385 464 0.0 20.0 32.5100593567
0.360815975861 89 472 0.0 20.0 34.2025718689
0.359101438676 58 189 0.0 20.0 33.186290741
0.356451483827 104 195 0.0 20.0 14.5838022232
0.356245659246 157 213 0.0 20.0 33.0568847656
0.354465560776 43 69 0.0 20.0 11.4875802994
0.354409851573 93 440 0.0 20.0 44.9133758545
0.349152678967 407 482 0.0 20.0 13.7149610519
0.348255313873 172 541 0.0 20.0 36.3302459717
0.347427964089 80 256 0.0 20.0 38.0796470642
0.346679767373 84 235 0.0 20.0 31.4917106628
0.346152980286 179 432 0.0 20.0 17.0333938599
0.345181707224 338 374 0.0 20.0 14.3926086426
0.344552981302 146 388 0.0 20.0 30.8519477844
0.343403039514 38 72 0.0 20.0 9.07907009125
0.340955975894 88 235 0.0 20.0 31.1437320709
0.339268458665 183 201 0.0 20.0 27.0609092712
0.33780481158 1 61 0.0 20.0 7.99985408783
0.335168944646 3 432 0.0 20.0 42.3486709595
0.334893427368 89 104 0.0 20.0 23.1346073151
0.334708683607 398 427 0.0 20.0 8.71592521667
0.330559263633 421 562 0.0 20.0 30.8281021118
0.330355027152 385 467 0.0 20.0 29.3745918274
0.329620058404 89 103 0.0 20.0 19.8013916016
0.329137540431 493 539 0.0 20.0 20.5573596954
0.327344603499 235 434 0.0 20.0 31.2917079926
0.325821682496 157 178 0.0 20.0 7.28187656403
0.325420396676 495 532 0.0 20.0 7.33198451996
0.32398307602 197 450 0.0 20.0 11.7661972046
0.321610420894 407 485 0.0 20.0 9.43844032288
0.318915448194 187 418 0.0 20.0 16.70545578
0.31835061514 120 158 0.0 20.0 10.9082269669
0.317479828383 140 186 0.0 20.0 13.1512479782
0.317285806804 189 423 0.0 20.0 17.2080249786
0.317246092942 235 252 0.0 20.0 10.6501045227
0.314799925718 423 467 0.0 20.0 18.983751297
0.312740763575 7 132 0.0 20.0 18.280670166
0.312576313261 188 419 0.0 20.0 20.7835788727
0.312514216046 119 134 0.0 20.0 11.8420782089
0.312427186436 321 347 0.0 20.0 14.1215839386
0.310841762552 69 137 0.0 20.0 19.8757228851
0.310608300769 158 418 0.0 20.0 31.8728179932
0.310035642072 435 472 0.0 20.0 29.0711021423
0.30993535185 186 426 0.0 20.0 13.9004402161
0.308550682364 434 463 0.0 20.0 34.0063171387
0.308378868783 144 438 0.0 20.0 33.3971405029
0.307296212612 186 415 0.0 20.0 20.4642505646
0.307201948353 239 539 0.0 20.0 49.3729476929
0.307086824629 25 134 0.0 20.0 13.1684961319
0.306793939934 176 337 0.0 20.0 33.9653091431
0.306239574774 72 149 0.0 20.0 28.6968212128
0.305969707027 157 209 0.0 20.0 34.5622520447
0.305957405757 318 432 0.0 20.0 40.2375106812
0.305659672569 129 153 0.0 20.0 16.2204875946
0.305057928224 225 239 0.0 20.0 21.2845001221
0.304642418738 207 435 0.0 20.0 29.163022995
0.302626423258 69 139 0.0 20.0 17.9784011841
0.299277430375 54 200 0.0 20.0 35.9075202942
0.298333776768 78 258 0.0 20.0 46.991317749
0.297784322995 320 410 0.0 20.0 37.4952850342
0.294996365445 69 427 0.0 20.0 43.0389022827
0.29473490636 72 460 0.0 20.0 31.7957782745
0.294271652404 482 562 0.0 20.0 48.3898239136
0.294006580574 157 271 0.0 20.0 25.1606731415
0.293876366762 200 463 0.0 20.0 18.5103721619
0.293329952849 133 323 0.0 20.0 46.810874939
0.292533729639 58 186 0.0 20.0 36.8294067383
0.29226910823 155 212 0.0 20.0 30.5500984192
0.291747581945 409 486 0.0 20.0 13.0488138199
0.291231372902 420 513 0.0 20.0 16.6676597595
0.290893590969 70 129 0.0 20.0 20.4815597534
0.290340852412 283 472 0.0 20.0 33.7630119324
0.258038146744 31 43 0.0 20.0 18.6538066864
0.237376771256 558 570 0.0 20.0 18.9135112762
0.23567426294 246 258 0.0 20.0 18.3834495544
0.226762423775 509 521 0.0 20.0 10.2842931747
0.225720945447 419 431 0.0 20.0 19.5045261383
0.166768592074 530 542 0.0 20.0 16.6605014801
