0.00720865279998 13 158 0.0 20.0 14.4075307846
0.0072023819848 13 157 0.0 20.0 16.0599193573
0.00697850134038 12 158 0.0 20.0 18.1951541901
0.00696244077192 13 155 0.0 20.0 12.0048732758
0.00691468900095 95 201 0.0 20.0 17.1675376892
0.00689554021975 11 158 0.0 20.0 18.990240097
0.00668365309385 10 155 0.0 20.0 15.6625299454
0.00666674212977 96 201 0.0 20.0 14.0532598495
0.00666426535628 8 158 0.0 20.0 24.3442306519
0.00624086848334 130 157 0.0 20.0 10.4526786804
0.00623046987997 131 157 0.0 20.0 8.2379989624
0.00614388064923 337 440 0.0 20.0 8.45222473145
0.00611021437853 129 158 0.0 20.0 11.8633670807
0.00607876668406 128 157 0.0 20.0 12.2297353745
0.00598193507298 337 439 0.0 20.0 8.60201931
0.00587056349869 149 195 0.0 20.0 14.0218305588
0.00577681126832 40 69 0.0 20.0 10.8147001266
0.00576296850082 126 158 0.0 20.0 11.9933633804
0.00573855664799 124 157 0.0 20.0 13.8624095917
0.00573449157006 124 155 0.0 20.0 15.7667808533
0.00572744873089 337 437 0.0 20.0 13.2704515457
0.00565115873848 119 157 0.0 20.0 12.1589584351
0.00563414084797 134 158 0.0 20.0 9.78335666656
0.0056003036923 42 69 0.0 20.0 7.69036626816
0.0055880445671 151 195 0.0 20.0 18.751449585
0.00553488545746 123 155 0.0 20.0 13.8250656128
0.00552670478294 491 536 0.0 20.0 13.7513713837
0.00551266977488 121 153 0.0 20.0 20.8399448395
0.0054817160028 134 157 0.0 20.0 8.62406158447
0.005431250982 41 72 0.0 20.0 11.8206653595
0.00543098237265 129 159 0.0 20.0 15.3591623306
0.00541425644802 121 154 0.0 20.0 18.1274795532
0.00540624610334 36 134 0.0 20.0 12.4508066177
0.00540378031047 491 534 0.0 20.0 8.5150680542
0.00536258561329 31 134 0.0 20.0 13.0156459808
0.00535459952867 41 64 0.0 20.0 14.4751768112
0.00534209899182 120 158 0.0 20.0 10.9082269669
0.00533101196013 142 195 0.0 20.0 13.9842481613
0.00532409522292 129 153 0.0 20.0 16.2204875946
0.00529366158335 152 195 0.0 20.0 19.0318584442
0.00527908924094 34 133 0.0 20.0 11.9731044769
0.00527098186736 149 201 0.0 20.0 23.0776462555
0.00523733098952 153 195 0.0 20.0 19.1973838806
0.00523046343431 146 196 0.0 20.0 9.64314556122
0.00522460280629 147 195 0.0 20.0 13.2561903
0.00521163939574 46 64 0.0 20.0 13.4110631943
0.00521160163338 144 194 0.0 20.0 9.54622554779
0.00519840475828 43 70 0.0 20.0 13.8963499069
0.00518105235513 493 535 0.0 20.0 13.1679115295
0.00515966301455 33 133 0.0 20.0 9.44595336914
0.00515313271022 143 201 0.0 20.0 16.6890735626
0.00514250059408 493 536 0.0 20.0 14.4486560822
0.00510946336261 490 534 0.0 20.0 9.84921646118
0.00510768886734 144 199 0.0 20.0 12.6571826935
0.00510326649183 43 69 0.0 20.0 11.4875802994
0.00508847915179 38 72 0.0 20.0 9.07907009125
0.0050095710001 493 531 0.0 20.0 9.71011161804
0.00496579926887 25 134 0.0 20.0 13.1684961319
0.00489581841566 493 539 0.0 20.0 20.5573596954
0.00489084968679 495 532 0.0 20.0 7.33198451996
0.00475621738374 186 421 0.0 20.0 12.0809984207
0.00468851117456 410 495 0.0 20.0 13.386177063
0.00466972912963 185 423 0.0 20.0 18.70221138
0.00462761866794 408 488 0.0 20.0 10.6190700531
0.00462485817623 409 495 0.0 20.0 11.0752458572
0.00459573674988 189 421 0.0 20.0 14.5093412399
0.00459554230848 410 484 0.0 20.0 8.49419784546
0.00458984072677 536 575 0.0 20.0 12.6729164124
0.00456473871763 407 495 0.0 20.0 15.5881309509
0.00454364791432 409 488 0.0 20.0 7.9280090332
0.00449247672369 408 484 0.0 20.0 12.0063343048
0.00448480441667 410 482 0.0 20.0 13.6531352997
0.0044764067489 186 199 0.0 20.0 20.5771427155
0.00441328641279 410 489 0.0 20.0 4.52875375748
0.00437556578867 409 494 0.0 20.0 11.6485862732
0.00437454803998 408 485 0.0 20.0 12.9353246689
0.004369197528 407 484 0.0 20.0 8.89065361023
0.00436117835536 409 484 0.0 20.0 11.9891681671
0.00436111200192 183 431 0.0 20.0 14.239865303
0.0043533573014 410 481 0.0 20.0 13.4477882385
0.00433128214247 187 423 0.0 20.0 14.8898439407
0.00431510696811 407 482 0.0 20.0 13.7149610519
0.00427590325711 407 485 0.0 20.0 9.43844032288
0.00426134538592 189 422 0.0 20.0 14.1667537689
0.00423339642617 409 486 0.0 20.0 13.0488138199
0.00421247124985 179 418 0.0 20.0 22.3005332947
0.00420648095015 184 432 0.0 20.0 12.8743104935
0.00420463727561 182 423 0.0 20.0 19.0167064667
0.00414022015637 187 418 0.0 20.0 16.70545578
0.00413790829601 189 423 0.0 20.0 17.2080249786
0.00413122726087 188 419 0.0 20.0 20.7835788727
0.00412748071024 186 426 0.0 20.0 13.9004402161
0.0041237367446 186 415 0.0 20.0 20.4642505646
0.00400726159132 190 410 0.0 20.0 22.659696579
0.00399273152012 319 345 0.0 20.0 15.7292985916
0.00397220105621 69 135 0.0 20.0 19.0985393524
0.00394924809111 12 132 0.0 20.0 14.1923866272
0.00393354570218 179 432 0.0 20.0 17.0333938599
0.00389946717406 274 431 0.0 20.0 27.2516822815
0.0038872360494 84 258 0.0 20.0 40.9500846863
0.00386510308927 278 431 0.0 20.0 31.7295627594
0.00386437606207 81 258 0.0 20.0 43.6606330872
0.00385973945476 321 347 0.0 20.0 14.1215839386
0.00385678173981 195 207 0.0 20.0 7.17955875397
0.00385338311543 9 132 0.0 20.0 21.1187744141
0.00385240386801 80 257 0.0 20.0 38.892364502
0.00384566543719 87 258 0.0 20.0 38.1457099915
0.00384527250555 89 104 0.0 20.0 23.1346073151
0.00383972521578 89 103 0.0 20.0 19.8013916016
0.00382416432382 86 258 0.0 20.0 37.4629173279
0.00381134371939 80 258 0.0 20.0 41.4159812927
0.00380316479502 89 257 0.0 20.0 36.786113739
0.00380194043266 121 133 0.0 20.0 14.6503190994
0.00378531092489 7 132 0.0 20.0 18.280670166
0.00378283786755 439 466 0.0 20.0 35.6376037598
0.00377181337004 80 256 0.0 20.0 38.0796470642
0.00373870448664 183 201 0.0 20.0 27.0609092712
0.00373865667897 116 133 0.0 20.0 16.292098999
0.00371341057961 317 432 0.0 20.0 43.4120788574
0.00370528845175 78 258 0.0 20.0 46.991317749
0.00365607215196 119 134 0.0 20.0 11.8420782089
0.00365223869281 69 137 0.0 20.0 19.8757228851
0.00364264261882 69 139 0.0 20.0 17.9784011841
0.00362893787422 70 129 0.0 20.0 20.4815597534
0.00361359323784 318 432 0.0 20.0 40.2375106812
0.00360454412164 515 529 0.0 20.0 21.2824172974
0.00360417769903 435 472 0.0 20.0 29.0711021423
0.00360261560432 434 463 0.0 20.0 34.0063171387
0.00347367611782 385 464 0.0 20.0 32.5100593567
0.00346699050957 225 239 0.0 20.0 21.2845001221
0.0034575596136 191 210 0.0 20.0 13.0475893021
0.00344814450464 385 467 0.0 20.0 29.3745918274
0.00344401989527 84 235 0.0 20.0 31.4917106628
0.00343927659477 88 235 0.0 20.0 31.1437320709
0.00341842448005 195 210 0.0 20.0 9.45457172394
0.00337756229082 155 213 0.0 20.0 31.2251739502
0.00335577099412 157 213 0.0 20.0 33.0568847656
0.00332393888569 419 431 0.0 20.0 19.5045261383
0.00332061806994 198 461 0.0 20.0 14.7137136459
0.00329704526896 157 209 0.0 20.0 34.5622520447
0.00329331914947 509 521 0.0 20.0 10.2842931747
0.00329067232932 58 189 0.0 20.0 33.186290741
0.00328104203951 155 212 0.0 20.0 30.5500984192
0.00326288958852 200 463 0.0 20.0 18.5103721619
0.00323550773285 58 186 0.0 20.0 36.8294067383
0.00309600992301 530 542 0.0 20.0 16.6605014801
0.00197985924 246 258 0.0 20.0 18.3834495544
0.00100745370147 521 552 0.0 20.0 11.6567258835
0.000829522535749 232 540 0.0 20.0 50.9702682495
0.000813078508881 229 260 0.0 20.0 10.4350090027
0.00078659159616 218 440 0.0 20.0 13.1950883865
0.000744941275263 7 277 0.0 20.0 22.8006305695
0.00072415562745 201 421 0.0 20.0 23.020866394
0.000714790713229 398 545 0.0 20.0 10.5796279907
0.000711895630004 197 471 0.0 20.0 15.6816062927
0.000696366128047 398 552 0.0 20.0 17.2011871338
0.000687089825656 70 562 0.0 20.0 51.4721412659
0.000659732743089 374 389 0.0 20.0 23.0239753723
0.000633607549533 195 219 0.0 20.0 20.0610485077
0.000618679061395 159 330 0.0 20.0 42.459980011
0.000608395307723 283 310 0.0 20.0 41.2642593384
0.000571945284244 410 535 0.0 20.0 13.9026222229
0.000557505018877 192 283 0.0 20.0 14.70499897
0.000556885862545 398 522 0.0 20.0 9.92116165161
0.000546616747387 422 474 0.0 20.0 18.0102844238
0.000540870527182 89 472 0.0 20.0 34.2025718689
0.000534328064361 104 195 0.0 20.0 14.5838022232
0.000531267615857 93 440 0.0 20.0 44.9133758545
0.000522041837973 172 541 0.0 20.0 36.3302459717
0.000517434438745 338 374 0.0 20.0 14.3926086426
0.00051649196573 146 388 0.0 20.0 30.8519477844
0.000506376321304 1 61 0.0 20.0 7.99985408783
0.000502425102861 3 432 0.0 20.0 42.3486709595
0.000501735162151 398 427 0.0 20.0 8.71592521667
0.000495515096746 421 562 0.0 20.0 30.8281021118
0.000490696255459 235 434 0.0 20.0 31.2917079926
0.000488413365729 157 178 0.0 20.0 7.28187656403
0.000485657257018 197 450 0.0 20.0 11.7661972046
0.000475908755807 140 186 0.0 20.0 13.1512479782
0.000475558381601 235 252 0.0 20.0 10.6501045227
0.000471891526904 423 467 0.0 20.0 18.983751297
0.000465608195378 158 418 0.0 20.0 31.8728179932
0.000462266231234 144 438 0.0 20.0 33.3971405029
0.00046050200344 239 539 0.0 20.0 49.3729476929
0.000459890390475 176 337 0.0 20.0 33.9653091431
0.000459059385763 72 149 0.0 20.0 28.6968212128
0.0004566652162 207 435 0.0 20.0 29.163022995
0.000448622988919 54 200 0.0 20.0 35.9075202942
0.000446384790421 320 410 0.0 20.0 37.4952850342
0.000442205585034 69 427 0.0 20.0 43.0389022827
0.000441813652517 72 460 0.0 20.0 31.7957782745
0.000441119225363 482 562 0.0 20.0 48.3898239136
0.00044072187727 157 271 0.0 20.0 25.1606731415
0.000439707598471 133 323 0.0 20.0 46.810874939
0.000436561784211 420 513 0.0 20.0 16.6676597595
0.000435226875783 283 472 0.0 20.0 33.7630119324
0.000386804459335 31 43 0.0 20.0 18.6538066864
0.000355832634915 558 570 0.0 20.0 18.9135112762
