0.00334109786319 13 158 0.0 20.0 14.4075307846
0.00325073040757 9 158 0.0 20.0 23.4048213959
0.00322640120555 7 158 0.0 20.0 22.9751739502
0.00322206711112 95 201 0.0 20.0 17.1675376892
0.00321035255223 13 155 0.0 20.0 12.0048732758
0.00320560851859 9 157 0.0 20.0 24.2369594574
0.0031929271129 10 157 0.0 20.0 20.5404682159
0.00318590915083 12 155 0.0 20.0 15.7483263016
0.00318279686981 15 155 0.0 20.0 14.795671463
0.00317566931782 14 155 0.0 20.0 11.1327981949
0.00317517412643 14 157 0.0 20.0 15.3846521378
0.00314479902158 131 158 0.0 20.0 7.23957681656
0.00311015745075 130 157 0.0 20.0 10.4526786804
0.00308261056689 127 157 0.0 20.0 11.0722579956
0.00307908976849 127 158 0.0 20.0 8.30046367645
0.00306795442352 98 201 0.0 20.0 16.6724395752
0.00306609805359 96 201 0.0 20.0 14.0532598495
0.00306230868148 10 155 0.0 20.0 15.6625299454
0.00304383148419 129 158 0.0 20.0 11.8633670807
0.00303265067143 334 374 0.0 20.0 13.9275064468
0.00303023381549 207 347 0.0 20.0 13.7442951202
0.00302384615246 338 369 0.0 20.0 19.3761444092
0.00302209536183 7 155 0.0 20.0 19.6224021912
0.00302204329602 8 157 0.0 20.0 25.575843811
0.00300174839712 8 154 0.0 20.0 21.2621440887
0.00299195128318 337 369 0.0 20.0 17.5177936554
0.00297139741372 337 374 0.0 20.0 12.3867731094
0.0029496563779 338 373 0.0 20.0 13.790678978
0.00294031891548 204 347 0.0 20.0 15.6294803619
0.00293668223055 121 158 0.0 20.0 13.4887399673
0.00293356145318 123 158 0.0 20.0 9.02862167358
0.00292968769205 128 158 0.0 20.0 9.87705516815
0.00291911646324 337 373 0.0 20.0 12.0910491943
0.00291579569895 208 346 0.0 20.0 12.743724823
0.0028832594356 13 132 0.0 20.0 11.2151679993
0.00285708598448 129 156 0.0 20.0 16.1205234528
0.00285516111486 124 157 0.0 20.0 13.8624095917
0.0028530974964 124 155 0.0 20.0 15.7667808533
0.00284909913647 133 157 0.0 20.0 11.6902618408
0.00283345227429 34 134 0.0 20.0 15.0760154724
0.00282724264266 122 157 0.0 20.0 14.1508016586
0.00282198385603 40 69 0.0 20.0 10.8147001266
0.00281079396059 119 157 0.0 20.0 12.1589584351
0.00280215490529 134 158 0.0 20.0 9.78335666656
0.00279624410325 31 134 0.0 20.0 13.0156459808
0.00279466701665 119 158 0.0 20.0 11.7365064621
0.00279226397589 208 345 0.0 20.0 15.3058605194
0.00276905937527 121 157 0.0 20.0 15.2632665634
0.00276079035827 35 134 0.0 20.0 12.8644504547
0.0027605695773 15 132 0.0 20.0 12.8762903214
0.00276043254585 135 158 0.0 20.0 11.2380743027
0.00275336482669 34 133 0.0 20.0 11.9731044769
0.00274909268741 38 69 0.0 20.0 6.40222501755
0.00274617010571 127 155 0.0 20.0 11.8660173416
0.00273658920207 126 155 0.0 20.0 15.6332836151
0.00273475571397 36 133 0.0 20.0 9.49661254883
0.00272477712065 134 157 0.0 20.0 8.62406158447
0.00271785908533 119 155 0.0 20.0 16.5798912048
0.00271176596424 122 155 0.0 20.0 17.2234134674
0.00270832390105 39 69 0.0 20.0 8.78640460968
0.00270736664537 129 157 0.0 20.0 13.4670162201
0.0027002677056 128 155 0.0 20.0 11.8943777084
0.00269902242231 129 159 0.0 20.0 15.3591623306
0.0026844850292 148 195 0.0 20.0 14.57924366
0.00266731825748 130 155 0.0 20.0 12.4353981018
0.00264476164322 129 153 0.0 20.0 16.2204875946
0.00263056518773 33 134 0.0 20.0 12.9734363556
0.00260765689616 45 69 0.0 20.0 11.4020309448
0.00260759996094 41 64 0.0 20.0 14.4751768112
0.0025734148187 150 195 0.0 20.0 15.789150238
0.00255115727234 10 132 0.0 20.0 17.4471302032
0.00254940747583 12 129 0.0 20.0 15.9607286453
0.00253158163934 40 64 0.0 20.0 16.8892841339
0.00250260682432 43 68 0.0 20.0 13.9905376434
0.00248262347822 39 72 0.0 20.0 12.5505104065
0.00247898527087 39 64 0.0 20.0 14.6147642136
0.00247247363072 38 72 0.0 20.0 9.07907009125
0.00246023478771 88 102 0.0 20.0 17.362071991
0.0024600233221 148 198 0.0 20.0 19.2470245361
0.00245931694882 142 195 0.0 20.0 13.9842481613
0.00244803823833 491 534 0.0 20.0 8.5150680542
0.00244752411908 149 198 0.0 20.0 19.0574207306
0.00243026181458 159 470 0.0 20.0 42.8870620728
0.00242808418297 159 471 0.0 20.0 45.2513847351
0.00241254689952 492 535 0.0 20.0 14.9297571182
0.00241203899679 153 195 0.0 20.0 19.1973838806
0.0024095238418 142 201 0.0 20.0 18.625082016
0.00240923696407 146 195 0.0 20.0 9.77963352203
0.00240857314942 146 196 0.0 20.0 9.64314556122
0.00240561546774 147 195 0.0 20.0 13.2561903
0.00238506685439 337 439 0.0 20.0 8.60201931
0.00238099444199 488 536 0.0 20.0 14.3845233917
0.002365572955 145 195 0.0 20.0 10.614689827
0.00232231065256 89 103 0.0 20.0 19.8013916016
0.00232094385127 492 536 0.0 20.0 16.5896873474
0.00231699971461 338 439 0.0 20.0 10.565369606
0.00231293261832 89 105 0.0 20.0 25.2192344666
0.00230842543623 144 201 0.0 20.0 14.4368267059
0.00230797823756 150 198 0.0 20.0 20.6076431274
0.00229978401533 489 537 0.0 20.0 13.7043380737
0.00229666651599 488 537 0.0 20.0 15.8341226578
0.00229030647311 185 423 0.0 20.0 18.70221138
0.00228454104179 142 198 0.0 20.0 17.1935462952
0.00228268102389 492 533 0.0 20.0 11.2314739227
0.00227818160922 489 536 0.0 20.0 11.5684986115
0.00227143750506 187 201 0.0 20.0 21.164598465
0.00226573745221 232 538 0.0 20.0 51.5195808411
0.00225520976537 492 531 0.0 20.0 13.3671274185
0.00225414938884 337 438 0.0 20.0 11.2649869919
0.00225160113851 186 423 0.0 20.0 15.149646759
0.00224842615145 235 538 0.0 20.0 47.7349853516
0.00224655190091 492 532 0.0 20.0 13.4559278488
0.00223836221147 495 536 0.0 20.0 13.8017959595
0.00223726632193 69 135 0.0 20.0 19.0985393524
0.00223500727719 184 423 0.0 20.0 17.9839305878
0.0022344588018 235 540 0.0 20.0 46.8037643433
0.00223328530661 186 201 0.0 20.0 21.9873485565
0.00222513848553 410 495 0.0 20.0 13.386177063
0.00221630263583 493 540 0.0 20.0 18.3965797424
0.00220710372208 335 440 0.0 20.0 8.15859508514
0.00219442650815 191 206 0.0 20.0 15.6120519638
0.00219101197335 183 423 0.0 20.0 16.2820205688
0.00218795521085 397 521 0.0 20.0 10.8986587524
0.00218015531344 491 532 0.0 20.0 12.0555505753
0.00217827908198 495 532 0.0 20.0 7.33198451996
0.00217175721157 186 422 0.0 20.0 12.6731615067
0.00216884101374 409 493 0.0 20.0 8.90957546234
0.00216849740009 183 432 0.0 20.0 13.3168592453
0.00216783347394 409 491 0.0 20.0 9.10142993927
0.00216392213526 492 534 0.0 20.0 11.2043104172
0.00216380354214 407 495 0.0 20.0 15.5881309509
0.00216283705622 489 534 0.0 20.0 9.14677429199
0.00215997117511 218 440 0.0 20.0 13.1950883865
0.00214261953314 411 485 0.0 20.0 11.6605415344
0.00213382207376 183 431 0.0 20.0 14.239865303
0.00213047071702 235 539 0.0 20.0 49.8814086914
0.0021290051566 395 428 0.0 20.0 10.2937660217
0.00212799440158 408 484 0.0 20.0 12.0063343048
0.00212484792285 72 135 0.0 20.0 21.7159519196
0.00212419242069 410 482 0.0 20.0 13.6531352997
0.00212268996051 188 200 0.0 20.0 18.5729351044
0.00212133944575 180 418 0.0 20.0 23.1535186768
0.00211869683533 187 423 0.0 20.0 14.8898439407
0.00211121535591 188 422 0.0 20.0 15.6981725693
0.00211116813326 408 490 0.0 20.0 9.51875495911
0.00210423203825 407 488 0.0 20.0 9.15201759338
0.002103868816 237 536 0.0 20.0 47.9833145142
0.00210019355107 186 418 0.0 20.0 15.4396095276
0.00209750957455 191 421 0.0 20.0 15.6893215179
0.00209480852966 192 423 0.0 20.0 19.5062294006
0.00208582250139 397 427 0.0 20.0 7.75318098068
0.00208508439242 219 440 0.0 20.0 16.4162864685
0.00208406745681 201 421 0.0 20.0 23.020866394
0.00208323538372 189 422 0.0 20.0 14.1667537689
0.00207934541784 182 418 0.0 20.0 19.4903030396
0.00207138011942 201 423 0.0 20.0 23.7056217194
0.00207039946798 183 195 0.0 20.0 19.2900753021
0.00207038470604 237 537 0.0 20.0 49.1024665833
0.00207005965779 409 494 0.0 20.0 11.6485862732
0.00206485717088 238 537 0.0 20.0 45.7397117615
0.00206293002306 409 484 0.0 20.0 11.9891681671
0.0020584537396 179 418 0.0 20.0 22.3005332947
0.0020554163565 184 432 0.0 20.0 12.8743104935
0.00204196206648 186 419 0.0 20.0 17.3155021667
0.0020414112339 179 432 0.0 20.0 17.0333938599
0.00204048206987 178 418 0.0 20.0 24.5872650146
0.00204043629843 144 185 0.0 20.0 12.027258873
0.00203662001672 398 522 0.0 20.0 9.92116165161
0.00203628551879 70 188 0.0 20.0 26.5478668213
0.00203561196233 410 493 0.0 20.0 9.72053527832
0.00203531137624 70 189 0.0 20.0 23.8078575134
0.00203072436644 185 428 0.0 20.0 15.4950885773
0.00202704025418 396 431 0.0 20.0 7.18722867966
0.00202606767138 410 486 0.0 20.0 9.93663692474
0.0020256171639 181 431 0.0 20.0 18.2718448639
0.0020236345546 397 522 0.0 20.0 9.49415493011
0.00202064657339 189 423 0.0 20.0 17.2080249786
0.00201845285783 408 491 0.0 20.0 12.4419260025
0.00201841835709 176 418 0.0 20.0 26.9152412415
0.00201812745759 188 428 0.0 20.0 15.0839881897
0.00201698435695 186 420 0.0 20.0 15.8310070038
0.00201419250181 408 493 0.0 20.0 11.0553817749
0.00200709382128 178 423 0.0 20.0 23.7935714722
0.0020038855593 183 201 0.0 20.0 27.0609092712
0.00200275352286 398 521 0.0 20.0 11.5518903732
0.0020025411362 71 189 0.0 20.0 26.6933765411
0.00199996729264 163 177 0.0 20.0 10.6927690506
0.00199960820182 409 486 0.0 20.0 13.0488138199
0.00199960820182 408 486 0.0 20.0 14.4567537308
0.00199110891304 179 195 0.0 20.0 25.0178337097
0.00198804998285 201 422 0.0 20.0 20.700006485
0.00198496508209 397 428 0.0 20.0 9.01223945618
0.00197675040105 186 198 0.0 20.0 18.7998447418
0.00197572908633 439 462 0.0 20.0 37.2938079834
0.0019719242359 195 209 0.0 20.0 11.9470672607
0.00196125531577 398 545 0.0 20.0 10.5796279907
0.00196027764806 82 258 0.0 20.0 41.6377792358
0.00195890364321 83 258 0.0 20.0 38.5911750793
0.00195758024802 144 179 0.0 20.0 21.0911331177
0.00195530982457 80 254 0.0 20.0 35.0527458191
0.00195315764839 121 133 0.0 20.0 14.6503190994
0.00194712363404 195 210 0.0 20.0 9.45457172394
0.00194568160358 174 541 0.0 20.0 37.3231811523
0.00194055615779 81 258 0.0 20.0 43.6606330872
0.00194018550473 398 543 0.0 20.0 13.3118286133
0.00193973929523 282 559 0.0 20.0 56.4960861206
0.00193903983603 88 258 0.0 20.0 40.8604660034
0.00193754637882 197 471 0.0 20.0 15.6816062927
0.00193748594684 438 462 0.0 20.0 37.5514526367
0.0019374208526 85 258 0.0 20.0 41.1845016479
0.00193509189223 140 186 0.0 20.0 13.1512479782
0.00192900614529 9 198 0.0 20.0 28.9119033813
0.00192088799637 92 258 0.0 20.0 31.1992702484
0.00192009338781 86 258 0.0 20.0 37.4629173279
0.00191896941501 116 133 0.0 20.0 16.292098999
0.00191034464156 397 541 0.0 20.0 12.0052204132
0.00190417484729 158 178 0.0 20.0 10.2562141418
0.00190402929935 157 176 0.0 20.0 11.8288393021
0.00190105105471 197 470 0.0 20.0 14.0739393234
0.00189830714174 274 431 0.0 20.0 27.2516822815
0.00189514442899 89 255 0.0 20.0 33.6416244507
0.00189345326799 80 256 0.0 20.0 38.0796470642
0.00188312520116 9 201 0.0 20.0 31.6114826202
0.00188206992068 434 462 0.0 20.0 32.9869232178
0.00187966950473 398 542 0.0 20.0 11.6987037659
0.00187669068055 278 431 0.0 20.0 31.7295627594
0.00187440629446 276 431 0.0 20.0 32.1132545471
0.00187361791724 89 258 0.0 20.0 38.4750709534
0.00186717578641 436 462 0.0 20.0 35.9451980591
0.00186717379247 282 554 0.0 20.0 51.9429588318
0.00186474011124 396 553 0.0 20.0 23.0118503571
0.00185960036434 78 258 0.0 20.0 46.991317749
0.00185772504052 434 463 0.0 20.0 34.0063171387
0.00185676313869 398 547 0.0 20.0 14.1707983017
0.0018560469616 315 345 0.0 20.0 16.0674629211
0.00185084253854 319 346 0.0 20.0 12.0705852509
0.00184708016164 198 473 0.0 20.0 11.3827934265
0.00184413362083 200 470 0.0 20.0 15.9272966385
0.00184207457129 157 178 0.0 20.0 7.28187656403
0.00183877752213 162 174 0.0 20.0 9.80444908142
0.00183609978984 171 541 0.0 20.0 37.4546356201
0.00183213153293 171 537 0.0 20.0 44.6300697327
0.00182920538676 172 541 0.0 20.0 36.3302459717
0.00182809611565 174 537 0.0 20.0 44.0619621277
0.00182647941342 176 541 0.0 20.0 32.3287963867
0.00181484054924 176 536 0.0 20.0 39.0087966919
0.00180166383176 316 432 0.0 20.0 42.303352356
0.0017999260852 314 351 0.0 20.0 15.2864894867
0.00179626460632 226 239 0.0 20.0 20.2748222351
0.00179120331777 59 189 0.0 20.0 33.4403457642
0.00178791738354 317 431 0.0 20.0 46.4928398132
0.00177842792933 113 133 0.0 20.0 12.4987354279
0.0017777591599 319 353 0.0 20.0 9.97304534912
0.00176990811755 320 352 0.0 20.0 14.5043954849
0.00176849685948 314 348 0.0 20.0 17.5315303802
0.00175049762829 315 346 0.0 20.0 12.9068412781
0.00174357916607 314 432 0.0 20.0 41.645980835
0.0017416465173 58 186 0.0 20.0 36.8294067383
0.00172711755315 318 432 0.0 20.0 40.2375106812
0.00172251261167 385 464 0.0 20.0 32.5100593567
0.00172232729425 315 431 0.0 20.0 42.3825111389
0.00172170914526 89 472 0.0 20.0 34.2025718689
0.00171923458575 89 478 0.0 20.0 35.5577201843
0.00171048006825 385 467 0.0 20.0 29.3745918274
0.0017097354668 553 567 0.0 20.0 9.95307922363
0.00170641685916 83 235 0.0 20.0 28.8941955566
0.00170613918698 228 240 0.0 20.0 18.7169189453
0.001705128068 225 239 0.0 20.0 21.2845001221
0.00170103270986 546 570 0.0 20.0 12.1342563629
0.00169969328624 89 473 0.0 20.0 30.7983512878
0.00169365187256 84 235 0.0 20.0 31.4917106628
0.0016924771737 87 235 0.0 20.0 29.170955658
0.00169014521327 88 235 0.0 20.0 31.1437320709
0.00169012441339 93 440 0.0 20.0 44.9133758545
0.00168621311099 48 135 0.0 20.0 25.6581401825
0.00167819837084 95 440 0.0 20.0 41.4412727356
0.0016659696344 78 235 0.0 20.0 38.8205947876
0.00166411690431 545 575 0.0 20.0 11.2585525513
0.00165057631318 48 139 0.0 20.0 27.5849742889
0.00159411075573 93 272 0.0 20.0 43.8272476196
0.00158543287137 176 189 0.0 20.0 20.1610431671
0.00158126631818 88 272 0.0 20.0 50.5328941345
0.00156054050583 192 216 0.0 20.0 19.6983032227
0.00151400187194 418 430 0.0 20.0 19.8456306458
0.00149129507396 157 209 0.0 20.0 34.5622520447
0.00148594431281 155 212 0.0 20.0 30.5500984192
0.00146056957012 560 572 0.0 20.0 19.6997833252
0.00142541831018 330 343 0.0 20.0 9.9589509964
0.00141195224681 374 387 0.0 20.0 20.5865783691
0.00140791767082 558 570 0.0 20.0 18.9135112762
0.00137276578019 235 248 0.0 20.0 12.9865627289
0.00135651715736 373 385 0.0 20.0 19.2523460388
0.0013441331868 330 342 0.0 20.0 7.60192251205
0.00122487022622 191 218 0.0 20.0 17.2455196381
0.00116897373565 235 252 0.0 20.0 10.6501045227
0.00115226100595 508 520 0.0 20.0 11.553404808
0.00111674728327 195 219 0.0 20.0 20.0610485077
0.0010724057364 195 220 0.0 20.0 22.2991218567
0.000951743974558 109 121 0.0 20.0 23.1383972168
0.000462275631727 7 48 0.0 20.0 10.9954767227
0.000402917785981 229 260 0.0 20.0 10.4350090027
0.000369406439421 208 232 0.0 20.0 7.70786476135
0.000342357173202 158 436 0.0 20.0 32.844581604
0.000341760898962 157 274 0.0 20.0 20.3665523529
0.000319989239501 8 281 0.0 20.0 20.6833820343
0.000306583921389 159 330 0.0 20.0 42.459980011
0.000301487848604 283 310 0.0 20.0 41.2642593384
0.00029962836488 384 397 0.0 20.0 17.9285545349
0.000295686117687 1 70 0.0 20.0 20.0285358429
0.000293663662403 190 410 0.0 20.0 22.659696579
0.000286342166276 440 472 0.0 20.0 26.3351860046
0.000281339320751 188 294 0.0 20.0 27.5842247009
0.000280781232611 72 433 0.0 20.0 48.4408874512
0.00027057115543 431 473 0.0 20.0 25.373714447
0.000269846646949 433 536 0.0 20.0 28.8080539703
0.000266844879317 75 542 0.0 20.0 53.71043396
0.000264462121187 133 324 0.0 20.0 43.760269165
0.000263377598674 349 529 0.0 20.0 41.5181236267
0.000260574527569 7 189 0.0 20.0 25.7217063904
0.000256507924845 430 562 0.0 20.0 39.3497276306
0.00025637042066 431 480 0.0 20.0 21.7001667023
0.000248974739653 3 432 0.0 20.0 42.3486709595
0.000246281101621 136 472 0.0 20.0 33.8172569275
0.000242862892565 70 349 0.0 20.0 48.0171775818
0.000239111581937 216 540 0.0 20.0 45.8004798889
0.00023869352496 421 485 0.0 20.0 18.1105289459
0.000237691425531 199 450 0.0 20.0 15.2514362335
0.000235152334476 241 520 0.0 20.0 35.9316596985
0.000234450738143 411 537 0.0 20.0 18.0491714478
0.000232695326641 54 354 0.0 20.0 55.6723556519
0.000231582670826 7 258 0.0 20.0 19.0208873749
0.000229074172283 144 438 0.0 20.0 33.3971405029
0.000227485032903 72 149 0.0 20.0 28.6968212128
0.000227435086858 318 448 0.0 20.0 32.8114814758
0.000226298611802 207 435 0.0 20.0 29.163022995
0.000225025814113 201 357 0.0 20.0 30.05402565
0.000224417382065 49 277 0.0 20.0 31.8166370392
0.000224374828712 423 473 0.0 20.0 16.4108638763
0.000224162234726 417 511 0.0 20.0 20.6583385468
0.000222313318408 54 200 0.0 20.0 35.9075202942
0.000220084908948 70 208 0.0 20.0 32.8049964905
0.000220022171078 286 471 0.0 20.0 35.7022247314
0.000218938979132 72 460 0.0 20.0 31.7957782745
0.000218594858548 482 562 0.0 20.0 48.3898239136
