1.0 131 158 0.0 20.0 7.23957681656
0.997140230606 41 69 0.0 20.0 8.44973659515
0.98599549359 130 157 0.0 20.0 10.4526786804
0.978402899214 131 157 0.0 20.0 8.2379989624
0.965101218226 149 195 0.0 20.0 14.0218305588
0.946374338308 127 157 0.0 20.0 11.0722579956
0.941310313626 127 158 0.0 20.0 8.30046367645
0.931860452469 13 158 0.0 20.0 14.4075307846
0.926913468531 13 157 0.0 20.0 16.0599193573
0.895089323609 148 195 0.0 20.0 14.57924366
0.889096505975 40 69 0.0 20.0 10.8147001266
0.874350243259 13 132 0.0 20.0 11.2151679993
0.869867624008 130 158 0.0 20.0 9.14916706085
0.867636021101 128 157 0.0 20.0 12.2297353745
0.860802833723 95 201 0.0 20.0 17.1675376892
0.851941623353 14 158 0.0 20.0 14.588388443
0.851378500882 129 158 0.0 20.0 11.8633670807
0.837752710744 336 440 0.0 20.0 6.00857067108
0.827903826817 15 158 0.0 20.0 17.9503650665
0.819910606324 203 347 0.0 20.0 15.2585783005
0.814010038157 205 347 0.0 20.0 12.2854480743
0.811104870121 207 347 0.0 20.0 13.7442951202
0.808007475287 337 440 0.0 20.0 8.45222473145
0.797611255454 9 158 0.0 20.0 23.4048213959
0.782150436837 229 259 0.0 20.0 10.4699201584
0.780546336914 491 536 0.0 20.0 13.7513713837
0.780112919053 186 421 0.0 20.0 12.0809984207
0.779939826278 206 347 0.0 20.0 10.9791936874
0.761467980051 7 158 0.0 20.0 22.9751739502
0.753287311057 151 195 0.0 20.0 18.751449585
0.752319798347 42 69 0.0 20.0 7.69036626816
0.750296247375 12 158 0.0 20.0 18.1951541901
0.750279866539 410 488 0.0 20.0 5.62831306458
0.737626224114 13 155 0.0 20.0 12.0048732758
0.737552126563 208 228 0.0 20.0 9.12146663666
0.736483110615 121 158 0.0 20.0 13.4887399673
0.734550108238 491 534 0.0 20.0 8.5150680542
0.733779011709 38 69 0.0 20.0 6.40222501755
0.731994443022 123 158 0.0 20.0 9.02862167358
0.730578524225 9 157 0.0 20.0 24.2369594574
0.730143660665 10 158 0.0 20.0 19.7162189484
0.730084273161 150 195 0.0 20.0 15.789150238
0.726422745975 128 158 0.0 20.0 9.87705516815
0.716963070139 185 423 0.0 20.0 18.70221138
0.716328316242 191 210 0.0 20.0 13.0475893021
0.711739125466 10 157 0.0 20.0 20.5404682159
0.711232826672 34 134 0.0 20.0 15.0760154724
0.710118919678 125 155 0.0 20.0 18.0999011993
0.709873144432 334 374 0.0 20.0 13.9275064468
0.696689714253 15 155 0.0 20.0 14.795671463
0.696149114163 521 552 0.0 20.0 11.6567258835
0.69112527795 202 347 0.0 20.0 14.4308481216
0.687849369672 195 210 0.0 20.0 9.45457172394
0.686101077839 14 155 0.0 20.0 11.1327981949
0.68484904166 11 158 0.0 20.0 18.990240097
0.682255897722 492 535 0.0 20.0 14.9297571182
0.674399815581 89 101 0.0 20.0 13.8778972626
0.668084009658 120 133 0.0 20.0 14.0530910492
0.661490586503 12 155 0.0 20.0 15.7483263016
0.661227173849 186 423 0.0 20.0 15.149646759
0.658469306226 338 369 0.0 20.0 19.3761444092
0.655622309981 397 521 0.0 20.0 10.8986587524
0.650528813174 31 134 0.0 20.0 13.0156459808
0.650201788555 204 347 0.0 20.0 15.6294803619
0.649192800159 14 157 0.0 20.0 15.3846521378
0.648544034221 337 439 0.0 20.0 8.60201931
0.645980249476 95 195 0.0 20.0 19.3781852722
0.645561859259 188 421 0.0 20.0 16.2233047485
0.644605819416 7 48 0.0 20.0 10.9954767227
0.643473314914 337 369 0.0 20.0 17.5177936554
0.640363644089 15 157 0.0 20.0 18.6681919098
0.637054333865 126 158 0.0 20.0 11.9933633804
0.636466229551 44 69 0.0 20.0 12.8764133453
0.633388895345 410 495 0.0 20.0 13.386177063
0.627649816272 9 155 0.0 20.0 19.2392902374
0.623526694716 396 428 0.0 20.0 6.95695400238
0.621998465426 129 156 0.0 20.0 16.1205234528
0.617144844524 410 485 0.0 20.0 9.50827503204
0.616261754646 124 155 0.0 20.0 15.7667808533
0.615644687146 144 195 0.0 20.0 9.63565254211
0.612101371394 31 133 0.0 20.0 10.3410234451
0.611666583717 195 209 0.0 20.0 11.9470672607
0.610510845021 133 157 0.0 20.0 11.6902618408
0.609940294229 337 374 0.0 20.0 12.3867731094
0.606223319578 189 421 0.0 20.0 14.5093412399
0.595090192711 163 177 0.0 20.0 10.6927690506
0.594998269908 191 218 0.0 20.0 17.2455196381
0.594992516507 11 157 0.0 20.0 20.4714164734
0.593295191144 235 538 0.0 20.0 47.7349853516
0.592687093101 35 134 0.0 20.0 12.8644504547
0.591283582041 35 133 0.0 20.0 10.2972822189
0.587068104438 409 495 0.0 20.0 11.0752458572
0.586509832722 122 158 0.0 20.0 12.5350599289
0.579074275304 122 157 0.0 20.0 14.1508016586
0.57795355358 184 423 0.0 20.0 17.9839305878
0.573978440281 183 423 0.0 20.0 16.2820205688
0.572985165331 124 157 0.0 20.0 13.8624095917
0.569535241121 158 176 0.0 20.0 14.2020483017
0.565734715343 410 484 0.0 20.0 8.49419784546
0.565547282251 12 157 0.0 20.0 19.9060668945
0.564951868349 534 581 0.0 20.0 999.9
0.561956970228 493 535 0.0 20.0 13.1679115295
0.561836124952 229 260 0.0 20.0 10.4350090027
0.561630737944 148 198 0.0 20.0 19.2470245361
0.560997301735 88 102 0.0 20.0 17.362071991
0.559647333271 395 428 0.0 20.0 10.2937660217
0.559156452061 41 72 0.0 20.0 11.8206653595
0.555415853915 119 157 0.0 20.0 12.1589584351
0.555032779775 333 374 0.0 20.0 15.9086036682
0.553428884518 11 155 0.0 20.0 15.6849355698
0.552602909379 125 158 0.0 20.0 13.7483091354
0.551099907827 339 374 0.0 20.0 15.8059463501
0.550885024362 96 201 0.0 20.0 14.0532598495
0.546251476623 186 422 0.0 20.0 12.6731615067
0.546155832977 174 541 0.0 20.0 37.3231811523
0.545621577198 408 495 0.0 20.0 12.086514473
0.545561036939 132 157 0.0 20.0 11.3369493484
0.5435337049 218 440 0.0 20.0 13.1950883865
0.54331869837 407 495 0.0 20.0 15.5881309509
0.543062018071 149 198 0.0 20.0 19.0574207306
0.542990152584 134 158 0.0 20.0 9.78335666656
0.541557330039 183 432 0.0 20.0 13.3168592453
0.541124142197 490 536 0.0 20.0 13.7070379257
0.538955743123 159 474 0.0 20.0 42.1859474182
0.538176552275 144 185 0.0 20.0 12.027258873
0.537434688311 536 581 0.0 20.0 999.9
0.535662594898 96 195 0.0 20.0 17.9707012177
0.53257852655 152 195 0.0 20.0 19.0318584442
0.532220193991 119 158 0.0 20.0 11.7365064621
0.528628920757 407 491 0.0 20.0 13.712972641
0.527970753799 409 488 0.0 20.0 7.9280090332
0.517693388382 10 155 0.0 20.0 15.6625299454
0.516107023038 489 537 0.0 20.0 13.7043380737
0.51557478372 149 201 0.0 20.0 23.0776462555
0.515107274184 208 232 0.0 20.0 7.70786476135
0.513228720825 41 64 0.0 20.0 14.4751768112
0.511513587793 488 537 0.0 20.0 15.8341226578
0.509292855448 409 482 0.0 20.0 16.9734992981
0.506482259626 490 534 0.0 20.0 9.84921646118
0.506348286967 159 471 0.0 20.0 45.2513847351
0.506032815797 39 69 0.0 20.0 8.78640460968
0.505455626982 124 158 0.0 20.0 11.0455961227
0.502398594395 8 158 0.0 20.0 24.3442306519
0.495640724518 515 529 0.0 20.0 21.2824172974
0.495388284419 121 157 0.0 20.0 15.2632665634
0.494749492412 409 491 0.0 20.0 9.10142993927
0.49447772465 9 195 0.0 20.0 25.4901046753
0.493919394112 398 545 0.0 20.0 10.5796279907
0.492987798982 46 69 0.0 20.0 13.0473442078
0.492833563331 15 132 0.0 20.0 12.8762903214
0.491575627179 433 462 0.0 20.0 30.6895828247
0.490906862522 492 533 0.0 20.0 11.2314739227
0.490345593326 153 195 0.0 20.0 19.1973838806
0.489850276986 319 345 0.0 20.0 15.7292985916
0.488775760626 159 470 0.0 20.0 42.8870620728
0.486609098409 142 201 0.0 20.0 18.625082016
0.485859529328 36 134 0.0 20.0 12.4508066177
0.485405377803 159 476 0.0 20.0 42.3173332214
0.485367974835 12 132 0.0 20.0 14.1923866272
0.485196757127 146 196 0.0 20.0 9.64314556122
0.485149874624 410 482 0.0 20.0 13.6531352997
0.48427726371 489 536 0.0 20.0 11.5684986115
0.484258449346 121 155 0.0 20.0 18.598947525
0.482371795036 397 427 0.0 20.0 7.75318098068
0.481188031237 398 552 0.0 20.0 17.2011871338
0.480802847973 147 195 0.0 20.0 13.2561903
0.480512990689 33 133 0.0 20.0 9.44595336914
0.479981691261 333 440 0.0 20.0 13.9009628296
0.479611215085 189 210 0.0 20.0 18.0215892792
0.476345092484 132 158 0.0 20.0 10.7962188721
0.475553116029 180 423 0.0 20.0 20.7806625366
0.475180204308 201 423 0.0 20.0 23.7056217194
0.473980282121 195 207 0.0 20.0 7.17955875397
0.47105543312 144 194 0.0 20.0 9.54622554779
0.470518312574 123 155 0.0 20.0 13.8250656128
0.470301509817 315 345 0.0 20.0 16.0674629211
0.469844240837 187 423 0.0 20.0 14.8898439407
0.468015149777 9 258 0.0 20.0 13.8462896347
0.466708672686 493 536 0.0 20.0 14.4486560822
0.466023744077 408 490 0.0 20.0 9.51875495911
0.464217519213 492 536 0.0 20.0 16.5896873474
0.463953617347 7 157 0.0 20.0 23.980381012
0.462943786587 185 418 0.0 20.0 19.1241436005
0.462016269033 319 346 0.0 20.0 12.0705852509
0.461237947907 374 386 0.0 20.0 18.5008049011
0.459553246276 182 432 0.0 20.0 17.0818901062
0.458190746908 83 258 0.0 20.0 38.5911750793
0.457407697134 491 537 0.0 20.0 16.5637245178
0.455942980824 154 195 0.0 20.0 21.7494297028
0.455874412904 374 389 0.0 20.0 23.0239753723
0.455838107489 407 488 0.0 20.0 9.15201759338
0.455498548858 179 195 0.0 20.0 25.0178337097
0.454944573037 553 565 0.0 20.0 12.0887699127
0.454675013316 186 428 0.0 20.0 13.0417413712
0.453717020974 553 567 0.0 20.0 9.95307922363
0.453314553286 148 201 0.0 20.0 22.8740882874
0.450429725729 492 531 0.0 20.0 13.3671274185
0.449636611061 43 67 0.0 20.0 14.2676439285
0.44955400865 488 536 0.0 20.0 14.3845233917
0.449070158955 184 431 0.0 20.0 14.7647018433
0.448104285257 84 258 0.0 20.0 40.9500846863
0.446937579215 144 196 0.0 20.0 7.72548627853
0.445627320126 439 462 0.0 20.0 37.2938079834
0.444656973455 396 432 0.0 20.0 10.7698040009
0.441682448693 317 432 0.0 20.0 43.4120788574
0.440886067097 43 70 0.0 20.0 13.8963499069
0.439836536138 89 102 0.0 20.0 16.7581119537
0.439010154357 232 538 0.0 20.0 51.5195808411
0.438807695241 158 178 0.0 20.0 10.2562141418
0.438570238149 157 176 0.0 20.0 11.8288393021
0.435893827544 183 431 0.0 20.0 14.239865303
0.4331056569 410 489 0.0 20.0 4.52875375748
0.431696358502 134 157 0.0 20.0 8.62406158447
0.430629717298 81 258 0.0 20.0 43.6606330872
0.429075109355 493 531 0.0 20.0 9.71011161804
0.428731139588 208 346 0.0 20.0 12.743724823
0.428526171399 32 134 0.0 20.0 10.1349430084
0.428374269695 143 195 0.0 20.0 13.3156690598
0.428303887674 69 135 0.0 20.0 19.0985393524
0.427725495713 8 154 0.0 20.0 21.2621440887
0.427562193486 191 421 0.0 20.0 15.6893215179
0.427407498237 40 64 0.0 20.0 16.8892841339
0.427219322765 143 201 0.0 20.0 16.6890735626
0.426785842606 82 258 0.0 20.0 41.6377792358
0.426610363758 197 470 0.0 20.0 14.0739393234
0.425605936032 495 536 0.0 20.0 13.8017959595
0.424090584424 536 575 0.0 20.0 12.6729164124
0.423804151591 545 570 0.0 20.0 15.7977819443
0.42319757825 123 157 0.0 20.0 11.1672487259
0.422391550335 492 540 0.0 20.0 21.1257476807
0.422179116851 490 532 0.0 20.0 12.4601650238
0.42174602971 119 155 0.0 20.0 16.5798912048
0.421612322769 195 214 0.0 20.0 12.5097522736
0.421315999026 145 195 0.0 20.0 10.614689827
0.419713389187 317 431 0.0 20.0 46.4928398132
0.418779554014 189 422 0.0 20.0 14.1667537689
0.418360466471 127 155 0.0 20.0 11.8660173416
0.417807417064 384 397 0.0 20.0 17.9285545349
0.416540296167 408 488 0.0 20.0 10.6190700531
0.415400246174 146 194 0.0 20.0 11.0812311172
0.414266693822 337 438 0.0 20.0 11.2649869919
0.413968947495 221 421 0.0 20.0 39.6271057129
0.413896550227 232 539 0.0 20.0 53.8872375488
0.413848015015 490 537 0.0 20.0 16.4321174622
0.413224309596 14 132 0.0 20.0 11.5709619522
0.412982189193 122 155 0.0 20.0 17.2234134674
0.410526795094 34 133 0.0 20.0 11.9731044769
0.408757000502 410 494 0.0 20.0 13.0250377655
0.408596947735 8 157 0.0 20.0 25.575843811
0.408450527139 482 537 0.0 20.0 24.7109680176
0.406211948855 338 373 0.0 20.0 13.790678978
0.405514688708 235 539 0.0 20.0 49.8814086914
0.405312846675 232 540 0.0 20.0 50.9702682495
0.404915436264 408 485 0.0 20.0 12.9353246689
0.404329651558 3 258 0.0 20.0 22.2522621155
0.403800192832 235 540 0.0 20.0 46.8037643433
0.403488185765 314 352 0.0 20.0 14.4750318527
0.401734926316 191 237 0.0 20.0 14.7387800217
0.401690784965 43 68 0.0 20.0 13.9905376434
0.399283459502 126 155 0.0 20.0 15.6332836151
0.398464551294 121 156 0.0 20.0 18.1922130585
0.398391339368 125 157 0.0 20.0 16.3614711761
0.39795819696 337 437 0.0 20.0 13.2704515457
0.397400486492 45 69 0.0 20.0 11.4020309448
0.397120357904 13 129 0.0 20.0 13.3533859253
0.39644404668 128 155 0.0 20.0 11.8943777084
0.39639087769 142 195 0.0 20.0 13.9842481613
0.396160185748 8 421 0.0 20.0 41.9134864807
0.395068422015 208 322 0.0 20.0 13.7270622253
0.39494440394 86 235 0.0 20.0 27.1874008179
0.394652934379 129 159 0.0 20.0 15.3591623306
0.392554150476 208 433 0.0 20.0 25.9736843109
0.392142836809 98 201 0.0 20.0 16.6724395752
0.39209770569 41 61 0.0 20.0 16.0532722473
0.39097231887 9 132 0.0 20.0 21.1187744141
0.389585540242 182 195 0.0 20.0 20.6251602173
0.389494768005 410 481 0.0 20.0 13.4477882385
0.389415167774 409 493 0.0 20.0 8.90957546234
0.389058885805 36 133 0.0 20.0 9.49661254883
0.38900768951 1 337 0.0 20.0 46.3781585693
0.388858920867 116 133 0.0 20.0 16.292098999
0.388340916368 7 155 0.0 20.0 19.6224021912
0.388211300397 338 440 0.0 20.0 9.19014453888
0.387946396907 195 219 0.0 20.0 20.0610485077
