1.0 131 158 0.0 20.0 7.23957681656
0.951897516725 130 157 0.0 20.0 10.4526786804
0.913646551515 127 157 0.0 20.0 11.0722579956
0.908757652377 127 158 0.0 20.0 8.30046367645
0.899634589008 13 158 0.0 20.0 14.4075307846
0.884830352765 13 132 0.0 20.0 11.2151679993
0.864135089795 148 195 0.0 20.0 14.57924366
0.859798815045 129 158 0.0 20.0 11.8633670807
0.858349517486 40 69 0.0 20.0 10.8147001266
0.831034305063 95 201 0.0 20.0 17.1675376892
0.783055010587 207 347 0.0 20.0 13.7442951202
0.770028035944 9 158 0.0 20.0 23.4048213959
0.750956234437 38 69 0.0 20.0 6.40222501755
0.735134677581 7 158 0.0 20.0 22.9751739502
0.712117424035 13 155 0.0 20.0 12.0048732758
0.711013842013 121 158 0.0 20.0 13.4887399673
0.709147687274 491 534 0.0 20.0 8.5150680542
0.7066804028 123 158 0.0 20.0 9.02862167358
0.70531344971 9 157 0.0 20.0 24.2369594574
0.704836290978 150 195 0.0 20.0 15.789150238
0.701301387767 128 158 0.0 20.0 9.87705516815
0.692168849133 185 423 0.0 20.0 18.70221138
0.690890057761 39 69 0.0 20.0 8.78640460968
0.687125560402 10 157 0.0 20.0 20.5404682159
0.686636770577 34 134 0.0 20.0 15.0760154724
0.685324109255 334 374 0.0 20.0 13.9275064468
0.677060278974 12 155 0.0 20.0 15.7483263016
0.672869028267 15 132 0.0 20.0 12.8762903214
0.672596592213 15 155 0.0 20.0 14.795671463
0.6714565516 338 369 0.0 20.0 19.3761444092
0.665267868796 553 567 0.0 20.0 9.95307922363
0.664061966945 195 210 0.0 20.0 9.45457172394
0.662374135037 14 155 0.0 20.0 11.1327981949
0.66166392305 14 157 0.0 20.0 15.3846521378
0.658661930033 492 535 0.0 20.0 14.9297571182
0.638360427476 186 423 0.0 20.0 15.149646759
0.632949392607 397 521 0.0 20.0 10.8986587524
0.628032040557 31 134 0.0 20.0 13.0156459808
0.627716325196 204 347 0.0 20.0 15.6294803619
0.626115899794 337 439 0.0 20.0 8.60201931
0.622313877455 7 48 0.0 20.0 10.9954767227
0.621220537546 337 369 0.0 20.0 17.5177936554
0.615291527643 184 423 0.0 20.0 17.9839305878
0.61377915682 488 536 0.0 20.0 14.3845233917
0.611484860246 410 495 0.0 20.0 13.386177063
0.600488337416 129 156 0.0 20.0 16.1205234528
0.599383560578 232 538 0.0 20.0 51.5195808411
0.597815508027 124 157 0.0 20.0 13.8624095917
0.594950015201 124 155 0.0 20.0 15.7667808533
0.590513755782 195 209 0.0 20.0 11.9470672607
0.589397985171 133 157 0.0 20.0 11.6902618408
0.588847165328 337 374 0.0 20.0 12.3867731094
0.585349551545 208 346 0.0 20.0 12.743724823
0.584766221591 69 135 0.0 20.0 19.0985393524
0.574510614249 163 177 0.0 20.0 10.6927690506
0.574421870346 191 218 0.0 20.0 17.2455196381
0.572777687937 235 538 0.0 20.0 47.7349853516
0.572190619314 35 134 0.0 20.0 12.8644504547
0.560495035739 34 133 0.0 20.0 11.9731044769
0.559048563857 122 157 0.0 20.0 14.1508016586
0.554603946714 338 373 0.0 20.0 13.790678978
0.554128954452 183 423 0.0 20.0 16.2820205688
0.551311159752 235 540 0.0 20.0 46.8037643433
0.542573597 45 69 0.0 20.0 11.4020309448
0.542489712213 41 64 0.0 20.0 14.4751768112
0.542406548128 229 260 0.0 20.0 10.4350090027
0.542208263872 148 198 0.0 20.0 19.2470245361
0.541596733335 88 102 0.0 20.0 17.362071991
0.54119517121 142 195 0.0 20.0 13.9842481613
0.540293449865 395 428 0.0 20.0 10.2937660217
0.536208304732 119 157 0.0 20.0 12.1589584351
0.535395291997 98 201 0.0 20.0 16.6724395752
0.531834161617 96 201 0.0 20.0 14.0532598495
0.531671186844 409 493 0.0 20.0 8.90957546234
0.531184752639 36 133 0.0 20.0 9.49661254883
0.530242784298 409 491 0.0 20.0 9.10142993927
0.528358328893 492 536 0.0 20.0 16.5896873474
0.527360852545 186 422 0.0 20.0 12.6731615067
0.527268516474 174 541 0.0 20.0 37.3231811523
0.524737067577 218 440 0.0 20.0 13.1950883865
0.524529496465 407 495 0.0 20.0 15.5881309509
0.524281692756 149 198 0.0 20.0 19.0574207306
0.524212312542 134 158 0.0 20.0 9.78335666656
0.522829040274 183 432 0.0 20.0 13.3168592453
0.519565177529 144 185 0.0 20.0 12.027258873
0.513814803723 119 158 0.0 20.0 11.7365064621
0.508521819061 338 439 0.0 20.0 10.565369606
0.506502053948 337 373 0.0 20.0 12.0910491943
0.501164362819 439 462 0.0 20.0 37.2938079834
0.499790368242 10 155 0.0 20.0 15.6625299454
0.498258863035 489 537 0.0 20.0 13.7043380737
0.497293687781 208 232 0.0 20.0 7.70786476135
0.494496645577 411 485 0.0 20.0 11.6605415344
0.494413421858 159 470 0.0 20.0 42.8870620728
0.493824279276 488 537 0.0 20.0 15.8341226578
0.488837606354 159 471 0.0 20.0 45.2513847351
0.483085888881 201 421 0.0 20.0 23.020866394
0.478256625734 121 157 0.0 20.0 15.2632665634
0.476927230656 282 559 0.0 20.0 56.4960861206
0.47683853301 398 545 0.0 20.0 10.5796279907
0.474907216315 197 471 0.0 20.0 15.6816062927
0.474623163746 183 431 0.0 20.0 14.239865303
0.473930181645 492 533 0.0 20.0 11.2314739227
0.473762402344 408 484 0.0 20.0 12.0063343048
0.473694705334 192 216 0.0 20.0 19.6983032227
0.47338832242 153 195 0.0 20.0 19.1973838806
0.469781044034 142 201 0.0 20.0 18.625082016
0.469369599086 146 195 0.0 20.0 9.77963352203
0.46841754474 146 196 0.0 20.0 9.64314556122
0.468372283542 410 482 0.0 20.0 13.6531352997
0.467529849507 489 536 0.0 20.0 11.5684986115
0.466277610111 135 158 0.0 20.0 11.2380743027
0.465690276292 397 427 0.0 20.0 7.75318098068
0.464175587004 147 195 0.0 20.0 13.2561903
0.460880057929 158 436 0.0 20.0 32.844581604
0.460077355583 157 274 0.0 20.0 20.3665523529
0.458747387202 201 423 0.0 20.0 23.7056217194
0.457269728665 180 418 0.0 20.0 23.1535186768
0.454037409113 315 345 0.0 20.0 16.0674629211
0.45359595354 187 423 0.0 20.0 14.8898439407
0.449907578286 408 490 0.0 20.0 9.51875495911
0.446473115918 127 155 0.0 20.0 11.8660173416
0.446038690884 319 346 0.0 20.0 12.0705852509
0.444338074557 82 258 0.0 20.0 41.6377792358
0.443652526998 398 543 0.0 20.0 13.3118286133
0.443298406101 9 198 0.0 20.0 28.9119033813
0.443195149527 188 422 0.0 20.0 15.6981725693
0.442345464055 83 258 0.0 20.0 38.5911750793
0.442115736242 7 155 0.0 20.0 19.6224021912
0.442041062563 8 157 0.0 20.0 25.575843811
0.440817524086 187 201 0.0 20.0 21.164598465
0.440074184283 407 488 0.0 20.0 9.15201759338
0.439746368365 179 195 0.0 20.0 25.0178337097
0.43874148741 438 462 0.0 20.0 37.5514526367
0.437133633263 80 254 0.0 20.0 35.0527458191
0.43485283672 492 531 0.0 20.0 13.3671274185
0.433169294928 126 155 0.0 20.0 15.6332836151
0.431043834588 70 188 0.0 20.0 26.5478668213
0.430768421934 8 281 0.0 20.0 20.6833820343
0.430489077793 40 64 0.0 20.0 16.8892841339
0.430428610319 183 195 0.0 20.0 19.2900753021
0.429175107574 70 189 0.0 20.0 23.8078575134
0.427872560829 186 418 0.0 20.0 15.4396095276
0.427636565045 316 432 0.0 20.0 42.303352356
0.424141278259 191 421 0.0 20.0 15.6893215179
0.423632722599 158 178 0.0 20.0 10.2562141418
0.423608733524 121 133 0.0 20.0 14.6503190994
0.423403477315 157 176 0.0 20.0 11.8288393021
0.422681057311 195 219 0.0 20.0 20.0610485077
0.422537188502 492 532 0.0 20.0 13.4559278488
0.420386267124 192 423 0.0 20.0 19.5062294006
0.41942368456 59 189 0.0 20.0 33.4403457642
0.416767312132 134 157 0.0 20.0 8.62406158447
0.415737557817 81 258 0.0 20.0 43.6606330872
0.413538556364 88 258 0.0 20.0 40.8604660034
0.41293377085 8 154 0.0 20.0 21.2621440887
0.412722228451 159 330 0.0 20.0 42.459980011
0.411857202706 197 470 0.0 20.0 14.0739393234
0.411190672806 85 258 0.0 20.0 41.1845016479
0.410887510385 495 536 0.0 20.0 13.8017959595
0.408971820828 274 431 0.0 20.0 27.2516822815
0.407161088442 119 155 0.0 20.0 16.5798912048
0.406745929203 145 195 0.0 20.0 10.614689827
0.405861912663 283 310 0.0 20.0 41.2642593384
0.405198741273 317 431 0.0 20.0 46.4928398132
0.404297200254 189 422 0.0 20.0 14.1667537689
0.40335868202 384 397 0.0 20.0 17.9285545349
0.399940405077 337 438 0.0 20.0 11.2649869919
0.398889343001 182 418 0.0 20.0 19.4903030396
0.398700321553 122 155 0.0 20.0 17.2234134674
0.398051642306 1 70 0.0 20.0 20.0285358429
0.396651675271 397 541 0.0 20.0 12.0052204132
0.395329019907 190 410 0.0 20.0 22.659696579
0.392591529214 129 157 0.0 20.0 13.4670162201
0.391627546693 409 494 0.0 20.0 11.6485862732
0.391491064296 235 539 0.0 20.0 49.8814086914
0.388601158771 186 201 0.0 20.0 21.9873485565
0.387799399881 43 68 0.0 20.0 13.9905376434
0.387214379693 92 258 0.0 20.0 31.1992702484
0.386078205461 546 570 0.0 20.0 12.1342563629
0.386062021782 86 258 0.0 20.0 37.4629173279
0.385472846813 440 472 0.0 20.0 26.3351860046
0.382734105794 128 155 0.0 20.0 11.8943777084
0.381538472602 48 135 0.0 20.0 25.6581401825
0.381519768849 409 484 0.0 20.0 11.9891681671
0.381004934247 129 159 0.0 20.0 15.3591623306
0.379508181863 493 540 0.0 20.0 18.3965797424
0.378738033244 188 294 0.0 20.0 27.5842247009
0.377986736894 72 433 0.0 20.0 48.4408874512
0.37541129096 116 133 0.0 20.0 16.292098999
0.371933805532 208 345 0.0 20.0 15.3058605194
0.371499843011 398 522 0.0 20.0 9.92116165161
0.369845588616 179 418 0.0 20.0 22.3005332947
0.367784798136 314 351 0.0 20.0 15.2864894867
0.367515587314 83 235 0.0 20.0 28.8941955566
0.367504311881 278 431 0.0 20.0 31.7295627594
0.367079463633 33 134 0.0 20.0 12.9734363556
0.366310968526 71 189 0.0 20.0 26.6933765411
0.365622997786 184 432 0.0 20.0 12.8743104935
0.364241965846 431 473 0.0 20.0 25.373714447
0.364136951936 396 431 0.0 20.0 7.18722867966
0.363266635001 433 536 0.0 20.0 28.8080539703
0.363122105208 276 431 0.0 20.0 32.1132545471
0.361164298073 385 464 0.0 20.0 32.5100593567
0.360815975861 89 472 0.0 20.0 34.2025718689
0.360619919022 144 179 0.0 20.0 21.0911331177
0.360451689621 195 220 0.0 20.0 22.2991218567
0.359225665662 75 542 0.0 20.0 53.71043396
0.358851375534 171 541 0.0 20.0 37.4546356201
0.358357189193 39 72 0.0 20.0 12.5505104065
0.356068953767 89 478 0.0 20.0 35.5577201843
0.356018004801 133 324 0.0 20.0 43.760269165
0.354558024296 349 529 0.0 20.0 41.5181236267
0.354409851573 93 440 0.0 20.0 44.9133758545
0.352996882324 39 64 0.0 20.0 14.6147642136
0.35275253065 171 537 0.0 20.0 44.6300697327
0.350784539543 7 189 0.0 20.0 25.7217063904
0.350606395947 237 536 0.0 20.0 47.9833145142
0.349880521059 89 255 0.0 20.0 33.6416244507
0.349065912556 397 522 0.0 20.0 9.49415493011
0.348725234822 374 387 0.0 20.0 20.5865783691
0.348336800814 398 542 0.0 20.0 11.6987037659
0.348287938284 434 462 0.0 20.0 32.9869232178
0.348255313873 172 541 0.0 20.0 36.3302459717
0.347427964089 80 256 0.0 20.0 38.0796470642
0.346950966349 235 248 0.0 20.0 12.9865627289
0.346918751516 186 419 0.0 20.0 17.3155021667
0.346679767373 84 235 0.0 20.0 31.4917106628
0.346550466493 174 537 0.0 20.0 44.0619621277
0.346152980286 179 432 0.0 20.0 17.0333938599
0.345310092837 430 562 0.0 20.0 39.3497276306
0.345124985172 431 480 0.0 20.0 21.7001667023
0.344861250081 178 418 0.0 20.0 24.5872650146
0.344762349472 87 235 0.0 20.0 29.170955658
0.344065744267 176 541 0.0 20.0 32.3287963867
0.343403039514 38 72 0.0 20.0 9.07907009125
0.342790591359 410 493 0.0 20.0 9.72053527832
0.340955975894 88 235 0.0 20.0 31.1437320709
0.339268458665 183 201 0.0 20.0 27.0609092712
0.336981264935 130 155 0.0 20.0 12.4353981018
0.335929122099 330 343 0.0 20.0 9.9589509964
0.335840211328 93 272 0.0 20.0 43.8272476196
0.33541771723 191 206 0.0 20.0 15.6120519638
0.335168944646 3 432 0.0 20.0 42.3486709595
0.333716278417 319 353 0.0 20.0 9.97304534912
0.332989812088 219 440 0.0 20.0 16.4162864685
0.332827093397 314 432 0.0 20.0 41.645980835
0.331542778323 136 472 0.0 20.0 33.8172569275
0.331296023835 185 428 0.0 20.0 15.4950885773
0.330355027152 385 467 0.0 20.0 29.3745918274
0.329620058404 89 103 0.0 20.0 19.8013916016
0.329259523331 410 486 0.0 20.0 9.93663692474
0.328089300401 491 532 0.0 20.0 12.0555505753
0.326941196959 70 349 0.0 20.0 48.0171775818
0.326177883487 176 536 0.0 20.0 39.0087966919
0.325821682496 157 178 0.0 20.0 7.28187656403
0.325820464084 9 201 0.0 20.0 31.6114826202
0.325420396676 495 532 0.0 20.0 7.33198451996
0.32482225952 396 553 0.0 20.0 23.0118503571
0.324783978707 144 201 0.0 20.0 14.4368267059
0.324195955829 181 431 0.0 20.0 18.2718448639
0.3241425987 150 198 0.0 20.0 20.6076431274
0.323976788631 436 462 0.0 20.0 35.9451980591
0.323873275603 95 440 0.0 20.0 41.4412727356
0.321891195397 216 540 0.0 20.0 45.8004798889
0.321649950433 320 352 0.0 20.0 14.5043954849
0.321328408521 421 485 0.0 20.0 18.1105289459
0.320628665195 162 174 0.0 20.0 9.80444908142
0.31997938569 199 450 0.0 20.0 15.2514362335
0.319480976945 314 348 0.0 20.0 17.5315303802
0.318663419543 335 440 0.0 20.0 8.15859508514
0.318662324491 89 258 0.0 20.0 38.4750709534
0.318616064945 198 473 0.0 20.0 11.3827934265
0.318582290019 89 473 0.0 20.0 30.7983512878
0.318463901036 408 491 0.0 20.0 12.4419260025
0.317479828383 140 186 0.0 20.0 13.1512479782
0.317285806804 189 423 0.0 20.0 17.2080249786
0.317246092942 235 252 0.0 20.0 10.6501045227
0.31717726289 176 189 0.0 20.0 20.1610431671
0.31656126998 241 520 0.0 20.0 35.9316596985
0.315616783391 411 537 0.0 20.0 18.0491714478
0.315206884712 89 105 0.0 20.0 25.2192344666
0.314188125226 176 418 0.0 20.0 26.9152412415
0.313783714742 188 428 0.0 20.0 15.0839881897
0.313525565194 200 470 0.0 20.0 15.9272966385
0.313253654419 54 354 0.0 20.0 55.6723556519
0.312991446368 398 521 0.0 20.0 11.5518903732
0.312423937728 408 493 0.0 20.0 11.0553817749
0.312258128843 398 547 0.0 20.0 14.1707983017
0.312194568394 186 420 0.0 20.0 15.8310070038
0.312022068119 560 572 0.0 20.0 19.6997833252
0.311755800959 7 258 0.0 20.0 19.0208873749
0.311084361292 10 132 0.0 20.0 17.4471302032
0.308550682364 434 463 0.0 20.0 34.0063171387
0.308378868783 144 438 0.0 20.0 33.3971405029
0.308061379672 12 129 0.0 20.0 15.9607286453
0.306239574774 72 149 0.0 20.0 28.6968212128
0.306172337579 318 448 0.0 20.0 32.8114814758
0.305969707027 157 209 0.0 20.0 34.5622520447
0.305957405757 318 432 0.0 20.0 40.2375106812
0.305659672569 129 153 0.0 20.0 16.2204875946
0.305057928224 225 239 0.0 20.0 21.2845001221
0.304997911892 492 534 0.0 20.0 11.2043104172
0.304642418738 207 435 0.0 20.0 29.163022995
0.303454407518 489 534 0.0 20.0 9.14677429199
0.302952089287 88 272 0.0 20.0 50.5328941345
0.302928982834 201 357 0.0 20.0 30.05402565
0.302109913687 49 277 0.0 20.0 31.8166370392
0.302052628509 423 473 0.0 20.0 16.4108638763
0.301766435211 417 511 0.0 20.0 20.6583385468
0.301495064267 78 235 0.0 20.0 38.8205947876
0.299277430375 54 200 0.0 20.0 35.9075202942
0.299144407186 237 537 0.0 20.0 49.1024665833
0.298892674932 201 422 0.0 20.0 20.700006485
0.298444677854 178 423 0.0 20.0 23.7935714722
0.298333776768 78 258 0.0 20.0 46.991317749
0.29813844166 315 431 0.0 20.0 42.3825111389
0.297801049744 113 133 0.0 20.0 12.4987354279
0.29691943857 72 135 0.0 20.0 21.7159519196
0.296277553167 70 208 0.0 20.0 32.8049964905
0.296193095661 286 471 0.0 20.0 35.7022247314
0.29473490636 72 460 0.0 20.0 31.7957782745
0.294271652404 482 562 0.0 20.0 48.3898239136
0.29288056678 226 239 0.0 20.0 20.2748222351
0.292533729639 58 186 0.0 20.0 36.8294067383
0.29226910823 155 212 0.0 20.0 30.5500984192
0.291817818677 315 346 0.0 20.0 12.9068412781
0.291747581945 409 486 0.0 20.0 13.0488138199
0.291747581945 408 486 0.0 20.0 14.4567537308
0.291555458672 545 575 0.0 20.0 11.2585525513
0.291447087197 397 428 0.0 20.0 9.01223945618
0.291123601526 282 554 0.0 20.0 51.9429588318
0.290649095453 238 537 0.0 20.0 45.7397117615
0.290528570996 142 198 0.0 20.0 17.1935462952
0.290290619132 48 139 0.0 20.0 27.5849742889
0.237376771256 558 570 0.0 20.0 18.9135112762
0.237236696749 188 200 0.0 20.0 18.5729351044
0.235635344795 186 198 0.0 20.0 18.7998447418
0.218868260756 418 430 0.0 20.0 19.8456306458
0.211001384434 330 342 0.0 20.0 7.60192251205
0.206783948558 373 385 0.0 20.0 19.2523460388
0.202923892248 508 520 0.0 20.0 11.553404808
0.165571941637 109 121 0.0 20.0 23.1383972168
0.165487708318 228 240 0.0 20.0 18.7169189453
