1.0 26 78 0.0 20.0 25.8045711517
0.975983744307 25 78 0.0 20.0 26.0777492523
0.942181161231 1 28 0.0 20.0 22.2064876556
0.896345114198 1 29 0.0 20.0 25.8655433655
0.864045974492 2 28 0.0 20.0 18.8109397888
0.838432170166 2 29 0.0 20.0 22.4528255463
0.836580707979 25 191 0.0 20.0 50.2186279297
0.787261042905 7 111 0.0 20.0 27.2737922668
0.772419024079 1 84 0.0 20.0 33.868888855
0.749472014469 2 27 0.0 20.0 19.6887359619
0.726411092511 8 111 0.0 20.0 25.6948032379
0.725371585803 7 113 0.0 20.0 34.2958488464
0.714776644988 26 191 0.0 20.0 50.1058158875
0.693636297398 25 192 0.0 20.0 50.9126281738
0.68698887649 23 78 0.0 20.0 23.3839855194
0.659421874984 1 78 0.0 20.0 19.9805736542
0.658835928378 26 192 0.0 20.0 51.0785446167
0.654159118935 24 191 0.0 20.0 47.064414978
0.64635577465 1 30 0.0 20.0 26.5389480591
0.620411850096 22 78 0.0 20.0 26.4070491791
0.619421952618 24 192 0.0 20.0 47.7359924316
0.602121941839 4 28 0.0 20.0 14.7817926407
0.578395446998 6 113 0.0 20.0 38.0253486633
0.55675090574 2 81 0.0 20.0 23.3837394714
0.539424686644 2 33 0.0 20.0 15.0875854492
0.532279505921 1 77 0.0 20.0 16.2747116089
0.531809102896 23 193 0.0 20.0 49.5488815308
0.525749305152 22 192 0.0 20.0 47.1698532104
0.521909577763 24 78 0.0 20.0 22.5415687561
0.519220317807 8 113 0.0 20.0 32.4406394958
0.518707018301 27 191 0.0 20.0 49.8728179932
0.518469976077 1 25 0.0 20.0 23.7665157318
0.508679194633 23 79 0.0 20.0 20.5496845245
0.506398925074 23 191 0.0 20.0 45.2377624512
0.504566747395 1 27 0.0 20.0 23.1689395905
0.490236842948 22 191 0.0 20.0 46.4926605225
0.48942731697 109 125 0.0 20.0 27.2678089142
0.48615300683 21 78 0.0 20.0 24.7037162781
0.485565974931 7 112 0.0 20.0 30.9449367523
0.483719018616 110 125 0.0 20.0 24.2195510864
0.481390252612 2 32 0.0 20.0 18.6638298035
0.480855089977 29 78 0.0 20.0 27.790304184
0.476387377724 2 26 0.0 20.0 22.7226753235
0.476131434826 1 26 0.0 20.0 26.019487381
0.474120618338 20 192 0.0 20.0 42.2870178223
0.473258988455 20 191 0.0 20.0 41.7181587219
0.464870262604 1 81 0.0 20.0 26.2881622314
0.46296421672 101 125 0.0 20.0 40.9090042114
0.455145331448 2 30 0.0 20.0 22.9084873199
0.446776948772 112 125 0.0 20.0 19.0140399933
0.443915580885 23 81 0.0 20.0 19.8570518494
0.437039912113 1 34 0.0 20.0 17.4937133789
0.412633459335 23 77 0.0 20.0 22.4773159027
0.410283673096 27 80 0.0 20.0 20.221200943
0.409442857328 23 188 0.0 20.0 44.7544212341
0.409373535028 23 80 0.0 20.0 21.4716796875
0.408255166064 20 78 0.0 20.0 22.9284992218
0.406133011647 11 36 0.0 20.0 10.9906158447
0.405513817416 23 192 0.0 20.0 46.1107902527
0.40544117507 2 78 0.0 20.0 18.0950946808
0.402878281643 2 34 0.0 20.0 14.3176851273
0.402105964293 26 74 0.0 20.0 31.1184310913
0.399553171979 1 23 0.0 20.0 24.8366928101
0.390262053098 23 189 0.0 20.0 48.219329834
0.388099777316 108 125 0.0 20.0 30.9251232147
0.386184975674 6 111 0.0 20.0 30.9615135193
0.382402531256 21 192 0.0 20.0 45.6095695496
0.381106288766 100 125 0.0 20.0 41.7908706665
0.379465074708 27 193 0.0 20.0 54.3325157166
0.375484330241 2 86 0.0 20.0 28.6414489746
0.37310088902 11 37 0.0 20.0 7.39962816238
0.372865314224 27 78 0.0 20.0 22.7562656403
0.370276511104 23 190 0.0 20.0 48.5022888184
0.365589003718 34 78 0.0 20.0 23.4467258453
0.364494372925 4 78 0.0 20.0 19.0926685333
0.351963148173 2 25 0.0 20.0 20.7389297485
0.345457837755 111 125 0.0 20.0 21.8304519653
0.337870207147 19 78 0.0 20.0 26.5061435699
0.327031354208 19 180 0.0 20.0 42.0422973633
0.325100627949 22 74 0.0 20.0 30.3448066711
0.324352289819 28 71 0.0 20.0 29.3409404755
0.321834842199 1 33 0.0 20.0 18.6199531555
0.314471615485 8 112 0.0 20.0 29.2711238861
0.309438458419 100 124 0.0 20.0 45.0038833618
0.304787441629 1 79 0.0 20.0 21.1972503662
0.296771933594 19 74 0.0 20.0 29.8469276428
0.291470232452 32 78 0.0 20.0 25.7576389313
0.286445921172 1 83 0.0 20.0 32.8881111145
0.2846613501 7 114 0.0 20.0 36.8024291992
0.27575941282 33 81 0.0 20.0 21.3794059753
0.275596499321 102 125 0.0 20.0 42.0642700195
0.274057127624 74 89 0.0 20.0 25.5649986267
0.271837885525 5 28 0.0 20.0 11.4354276657
0.271597922054 1 32 0.0 20.0 22.1645965576
0.268151603417 33 78 0.0 20.0 22.7727870941
0.2629267605 7 84 0.0 20.0 25.1608562469
0.261790128586 27 192 0.0 20.0 50.8161087036
0.260079601937 2 36 0.0 20.0 13.7036333084
0.259906456624 21 191 0.0 20.0 45.188167572
0.251927256127 99 125 0.0 20.0 39.5432739258
0.248482880555 1 86 0.0 20.0 31.4197731018
0.243533032723 27 189 0.0 20.0 52.5096549988
0.240495025951 27 75 0.0 20.0 25.2509689331
0.240167806319 23 76 0.0 20.0 22.6955318451
0.236818356135 107 124 0.0 20.0 34.7856292725
0.232358380205 95 125 0.0 20.0 32.0666694641
0.230810268645 27 39 0.0 20.0 19.4099254608
0.227165090266 1 80 0.0 20.0 23.8567676544
0.223526213436 2 80 0.0 20.0 21.1417541504
0.21845203262 74 133 0.0 20.0 50.6261177063
0.218149306113 1 37 0.0 20.0 17.2083320618
0.217236248063 1 24 0.0 20.0 21.5593395233
0.214205241225 7 82 0.0 20.0 22.3130111694
0.21341920474 5 27 0.0 20.0 12.9818191528
0.212620059826 5 113 0.0 20.0 41.1372756958
0.210294681808 4 33 0.0 20.0 10.4102706909
0.210072698724 68 128 0.0 20.0 35.038356781
0.206392992314 28 191 0.0 20.0 52.9078369141
0.204738048622 28 40 0.0 20.0 22.7600917816
0.20078427072 23 82 0.0 20.0 22.5410728455
0.200147164288 28 41 0.0 20.0 26.3602275848
0.198898006827 2 76 0.0 20.0 14.486700058
0.198451287734 28 70 0.0 20.0 28.878162384
0.197734858498 2 82 0.0 20.0 26.6364574432
0.197426934681 29 191 0.0 20.0 55.0757904053
0.195547718424 6 112 0.0 20.0 34.6544342041
0.192639376722 3 33 0.0 20.0 12.0099992752
0.192298666451 27 77 0.0 20.0 21.7956790924
0.191340555804 33 193 0.0 20.0 58.1355667114
0.191203682993 33 79 0.0 20.0 20.7262039185
0.190709199187 31 191 0.0 20.0 54.7016601562
0.189941058636 1 126 0.0 20.0 56.3935699463
0.185714097813 82 113 0.0 20.0 31.7147445679
0.183858858499 36 68 0.0 20.0 25.4966449738
0.18269754497 27 82 0.0 20.0 21.4720020294
0.17993789599 78 109 0.0 20.0 19.7952270508
0.179306452234 7 28 0.0 20.0 10.176568985
0.179190536735 29 192 0.0 20.0 56.0097999573
0.178282448561 23 83 0.0 20.0 24.5037384033
0.177489885318 37 191 0.0 20.0 44.4507293701
0.177485059414 93 122 0.0 20.0 33.6562385559
0.175068517447 33 83 0.0 20.0 27.1415252686
0.174658935489 28 190 0.0 20.0 56.0391197205
0.168221202552 3 28 0.0 20.0 15.8715734482
0.167549852337 32 192 0.0 20.0 57.2151794434
0.166505615112 31 78 0.0 20.0 24.0644073486
0.166190956204 33 84 0.0 20.0 25.9717254639
0.161216500049 34 192 0.0 20.0 52.9968833923
0.161024972812 72 125 0.0 20.0 44.0220947266
0.161024972812 72 124 0.0 20.0 47.4274711609
0.159280782631 1 118 0.0 20.0 53.7671203613
0.158067232357 28 107 0.0 20.0 22.9811725616
0.156875409723 10 28 0.0 20.0 17.4214248657
0.154598514067 28 43 0.0 20.0 24.8859119415
0.154054238471 23 36 0.0 20.0 10.3894834518
0.153405193763 23 38 0.0 20.0 13.811132431
0.152175409249 28 127 0.0 20.0 50.089225769
0.150498145821 27 79 0.0 20.0 19.9126033783
0.149876417647 40 83 0.0 20.0 34.4213790894
0.148301132846 7 126 0.0 20.0 49.5254669189
0.145803551662 23 86 0.0 20.0 20.9814243317
0.142697378452 6 23 0.0 20.0 14.3041591644
0.139294230071 23 187 0.0 20.0 45.9466781616
0.139181796417 33 121 0.0 20.0 55.7118301392
0.137547714327 11 126 0.0 20.0 38.5513114929
0.136977493513 65 112 0.0 20.0 13.5032320023
0.136943606472 80 93 0.0 20.0 15.660367012
0.136603286383 34 191 0.0 20.0 52.5472679138
0.13420475697 78 114 0.0 20.0 33.2501411438
0.129894080571 66 190 0.0 20.0 30.972902298
0.12978719882 28 128 0.0 20.0 51.8575744629
0.129412498113 5 23 0.0 20.0 17.399061203
0.127556468316 65 87 0.0 20.0 22.5522632599
0.126593380639 29 66 0.0 20.0 32.9928970337
0.12652018237 2 204 0.0 20.0 54.9195137024
0.126445915142 41 74 0.0 20.0 23.0943279266
0.126251785528 36 104 0.0 20.0 21.8998889923
0.125849650648 7 218 0.0 20.0 43.8688926697
0.124530783893 36 78 0.0 20.0 22.6090202332
0.123068980269 33 80 0.0 20.0 21.287519455
0.12156653549 36 107 0.0 20.0 20.4815883636
0.118883925813 36 66 0.0 20.0 22.871389389
0.118403176392 19 40 0.0 20.0 16.5760002136
0.118142893848 67 112 0.0 20.0 18.3836269379
0.115631737597 11 128 0.0 20.0 38.6659049988
0.115474481107 1 74 0.0 20.0 16.4390888214
0.113941936966 12 74 0.0 20.0 22.0915641785
0.112056815126 41 113 0.0 20.0 26.131483078
0.11129559451 28 67 0.0 20.0 27.9106292725
0.110473622459 75 112 0.0 20.0 27.2019309998
0.109902753806 40 82 0.0 20.0 32.3764610291
0.109766021506 17 128 0.0 20.0 39.6468276978
0.109697659659 87 133 0.0 20.0 43.5772094727
0.109255411421 74 126 0.0 20.0 47.1620025635
0.106216286735 28 187 0.0 20.0 53.1529502869
0.10574621193 87 127 0.0 20.0 32.5845832825
0.105614993317 17 129 0.0 20.0 39.5342826843
0.105513786285 13 74 0.0 20.0 25.7182559967
0.103067703121 111 188 0.0 20.0 22.8758621216
0.103027992708 86 131 0.0 20.0 40.8533439636
0.102902749953 74 201 0.0 20.0 51.4553871155
0.102459870887 36 131 0.0 20.0 52.6964454651
0.102421240603 11 80 0.0 20.0 21.9127464294
0.100846206715 12 192 0.0 20.0 35.1736717224
0.100657638937 10 33 0.0 20.0 17.125995636
0.100577440076 37 74 0.0 20.0 23.1975784302
0.100494932594 42 78 0.0 20.0 24.6258926392
0.100302510077 78 128 0.0 20.0 42.6160964966
0.100128968195 7 30 0.0 20.0 14.4542856216
0.0992036938421 74 102 0.0 20.0 11.7315988541
0.0989329466507 107 126 0.0 20.0 32.730846405
0.09680849429 36 87 0.0 20.0 28.9646034241
0.096488331905 39 192 0.0 20.0 40.1150741577
0.0964810181995 32 74 0.0 20.0 30.4867744446
0.0956413093497 73 87 0.0 20.0 29.0585212708
0.0951675148658 127 209 0.0 20.0 23.9467449188
0.0944740040586 17 80 0.0 20.0 25.3639659882
0.0941893868874 7 34 0.0 20.0 6.52761602402
0.0941821749425 74 86 0.0 20.0 23.165512085
0.0937483785179 33 82 0.0 20.0 23.8894691467
0.0935440725594 36 191 0.0 20.0 47.8726425171
0.0928656801741 111 133 0.0 20.0 28.6213321686
0.0928447275216 93 120 0.0 20.0 35.812171936
0.0924956159397 28 116 0.0 20.0 42.5665512085
0.092320347585 5 33 0.0 20.0 6.86964082718
0.0919154903923 107 127 0.0 20.0 30.7875385284
0.0917720294039 30 78 0.0 20.0 26.0093765259
0.0917488454528 70 93 0.0 20.0 18.4909286499
0.0914586005919 80 124 0.0 20.0 46.886554718
0.0907793488693 6 198 0.0 20.0 57.0227394104
0.0903359166326 40 123 0.0 20.0 44.3295173645
0.0888683456849 104 127 0.0 20.0 37.9694786072
0.0887572061253 32 124 0.0 20.0 55.1776733398
0.0883119178345 23 127 0.0 20.0 41.5580368042
0.0881606185192 104 126 0.0 20.0 40.1276779175
0.0877429886719 40 130 0.0 20.0 46.3201560974
0.0877344146904 40 84 0.0 20.0 34.5353240967
0.0871056316631 78 118 0.0 20.0 45.9393196106
0.085062940191 131 182 0.0 20.0 26.1688785553
0.0832963272847 7 29 0.0 20.0 13.9638881683
0.0832719026725 130 209 0.0 20.0 22.3761959076
0.0831811002902 88 112 0.0 20.0 21.1443653107
0.0828767407712 87 132 0.0 20.0 40.1058502197
0.080981649643 86 112 0.0 20.0 22.2105197906
0.0808692080686 66 81 0.0 20.0 21.2009887695
0.0796939795729 79 112 0.0 20.0 25.6334171295
0.0792174894417 2 130 0.0 20.0 57.4352912903
0.0785273665846 28 137 0.0 20.0 61.9703521729
0.0772295277467 10 117 0.0 20.0 36.3024978638
0.0768651487552 23 84 0.0 20.0 22.6067905426
0.0764172607211 78 106 0.0 20.0 10.4034757614
0.075692063394 87 139 0.0 20.0 47.3249206543
0.075692063394 78 139 0.0 20.0 54.6684455872
0.0752948048344 23 41 0.0 20.0 22.4112110138
0.0744833035045 26 66 0.0 20.0 29.2906131744
0.0737581010279 79 131 0.0 20.0 46.8805198669
0.073738935832 74 123 0.0 20.0 51.9084892273
0.0726470151986 43 74 0.0 20.0 17.8560352325
0.0695292011122 40 81 0.0 20.0 28.6053237915
0.0694429911843 111 136 0.0 20.0 28.9184970856
0.0687267214466 45 82 0.0 20.0 31.2619132996
0.068016878181 2 181 0.0 20.0 41.4044723511
0.0680079585245 40 177 0.0 20.0 35.1831245422
0.0678827118511 58 79 0.0 20.0 13.0050840378
0.067873900474 79 181 0.0 20.0 29.4528274536
0.0662142080137 82 131 0.0 20.0 47.0241355896
0.065745138568 86 104 0.0 20.0 13.2691411972
0.0655935325173 73 104 0.0 20.0 12.2683773041
0.0650800392151 9 88 0.0 20.0 23.1926078796
0.062441263433 66 89 0.0 20.0 20.8797550201
0.0619137032763 66 100 0.0 20.0 14.7980518341
0.0614014637276 74 104 0.0 20.0 10.1282157898
0.0613910808392 82 124 0.0 20.0 45.111366272
0.0607467294107 111 130 0.0 20.0 25.9192314148
0.0590542950521 26 119 0.0 20.0 43.2079124451
0.0589067982982 58 135 0.0 20.0 53.3804550171
0.0551497023801 107 134 0.0 20.0 41.5508728027
0.0500092260283 99 124 0.0 20.0 42.7585678101
0.0491256791056 117 139 0.0 20.0 13.7224273682
0.0465900905263 155 181 0.0 20.0 16.6273822784
