2kjpA L/5 0.833 0.341 15 3 44.0 L/2 0.667 0.682 30 15 44.0 1.0L 0.593 1.227 54 37 44.0 1.5L 0.426 1.318 58 78 44.0 L/5 0.778 0.304 14 4 46.0 L/2 0.711 0.696 32 13 46.0 1.0L 0.402 0.717 33 49 46.0 1.5L 0.402 0.717 33 49 46.0
1se7A L/5 0.375 0.118 6 10 51.0 L/2 0.341 0.275 14 27 51.0 1.0L 0.229 0.373 19 64 51.0 1.5L 0.161 0.392 20 104 51.0 L/5 0.188 0.188 3 13 16.0 L/2 0.098 0.25 4 37 16.0 1.0L 0.083 0.313 5 55 16.0 1.5L 0.083 0.313 5 55 16.0
1couA L/5 0.706 0.103 12 5 116.0 L/2 0.476 0.172 20 22 116.0 1.0L 0.306 0.224 26 59 116.0 1.5L 0.236 0.259 30 97 116.0 L/5 0.235 0.16 4 13 25.0 L/2 0.095 0.16 4 38 25.0 1.0L 0.092 0.28 7 69 25.0 1.5L 0.092 0.28 7 69 25.0
2xuvA L/5 0.231 0.081 3 10 37.0 L/2 0.147 0.135 5 29 37.0 1.0L 0.101 0.189 7 62 37.0 1.5L 0.078 0.216 8 95 37.0 L/5 0.077 0.143 1 12 7.0 L/2 0.059 0.286 2 32 7.0 1.0L 0.043 0.429 3 66 7.0 1.5L 0.041 0.429 3 71 7.0
2da4A L/5 0.313 0.25 5 11 20.0 L/2 0.175 0.35 7 33 20.0 1.0L 0.15 0.6 12 68 20.0 1.5L 0.1 0.6 12 108 20.0 L/5 0.375 0.75 6 10 8.0 L/2 0.15 0.75 6 34 8.0 1.0L 0.133 0.75 6 39 8.0 1.5L 0.133 0.75 6 39 8.0
1luzA L/5 0.882 0.185 15 2 81.0 L/2 0.762 0.395 32 10 81.0 1.0L 0.6 0.63 51 34 81.0 1.5L 0.496 0.778 63 64 81.0 L/5 0.765 0.283 13 4 46.0 L/2 0.643 0.587 27 15 46.0 1.0L 0.465 0.717 33 38 46.0 1.5L 0.465 0.717 33 38 46.0
1u9dA L/5 0.333 0.063 8 16 126.0 L/2 0.344 0.167 21 40 126.0 1.0L 0.279 0.27 34 88 126.0 1.5L 0.257 0.373 47 136 126.0 L/5 0.125 0.5 3 21 6.0 L/2 0.098 1.0 6 55 6.0 1.0L 0.082 1.0 6 67 6.0 1.5L 0.082 1.0 6 67 6.0
2lqlA L/5 0.063 0.037 1 15 27.0 L/2 0.024 0.037 1 40 27.0 1.0L 0.036 0.111 3 80 27.0 1.5L 0.032 0.148 4 120 27.0 L/5 0.063 0.071 1 15 14.0 L/2 0.073 0.214 3 38 14.0 1.0L 0.054 0.214 3 53 14.0 1.5L 0.054 0.214 3 53 14.0
3sxuB L/5 0.6 0.162 12 8 74.0 L/2 0.549 0.378 28 23 74.0 1.0L 0.422 0.581 43 59 74.0 1.5L 0.333 0.689 51 102 74.0 L/5 0.4 0.148 8 12 54.0 L/2 0.275 0.259 14 37 54.0 1.0L 0.262 0.296 16 45 54.0 1.5L 0.262 0.296 16 45 54.0
2lc0A L/5 0.115 0.018 3 23 170.0 L/2 0.136 0.053 9 57 170.0 1.0L 0.167 0.129 22 110 170.0 1.5L 0.157 0.182 31 167 170.0 L/5 0.038 0.063 1 25 16.0 L/2 0.045 0.188 3 63 16.0 1.0L 0.054 0.313 5 87 16.0 1.5L 0.054 0.313 5 87 16.0
2z59A L/5 1.0 0.339 21 0 62.0 L/2 0.704 0.613 38 16 62.0 1.0L 0.495 0.871 54 55 62.0 1.5L 0.411 1.081 67 96 62.0 L/5 1.0 0.216 21 0 97.0 L/2 0.704 0.392 38 16 97.0 1.0L 0.505 0.567 55 54 97.0 1.5L 0.405 0.66 64 94 97.0
3g21A L/5 0.267 0.143 4 11 28.0 L/2 0.263 0.357 10 28 28.0 1.0L 0.156 0.429 12 65 28.0 1.5L 0.113 0.464 13 102 28.0 L/5 0.333 0.238 5 10 21.0 L/2 0.158 0.286 6 32 21.0 1.0L 0.085 0.286 6 65 21.0 1.5L 0.085 0.286 6 65 21.0
1bnoA L/5 0.765 0.406 13 4 32.0 L/2 0.488 0.656 21 22 32.0 1.0L 0.345 0.938 30 57 32.0 1.5L 0.246 1.0 32 98 32.0 L/5 0.647 0.333 11 6 33.0 L/2 0.442 0.576 19 24 33.0 1.0L 0.296 0.636 21 50 33.0 1.5L 0.296 0.636 21 50 33.0
1ywyA L/5 0.571 0.182 8 6 44.0 L/2 0.432 0.364 16 21 44.0 1.0L 0.27 0.455 20 54 44.0 1.5L 0.225 0.568 25 86 44.0 L/5 0.571 0.229 8 6 35.0 L/2 0.432 0.457 16 21 35.0 1.0L 0.27 0.571 20 54 35.0 1.5L 0.242 0.629 22 69 35.0
2fzpA L/5 0.615 0.113 16 10 141.0 L/2 0.343 0.163 23 44 141.0 1.0L 0.246 0.234 33 101 141.0 1.5L 0.169 0.241 34 167 141.0 L/5 0.5 0.302 13 13 43.0 L/2 0.313 0.488 21 46 43.0 1.0L 0.201 0.628 27 107 43.0 1.5L 0.172 0.651 28 135 43.0
2lz0A L/5 0.7 0.147 14 6 95.0 L/2 0.7 0.368 35 15 95.0 1.0L 0.55 0.579 55 45 95.0 1.5L 0.44 0.695 66 84 95.0 L/5 0.7 0.133 14 6 105.0 L/2 0.68 0.324 34 16 105.0 1.0L 0.41 0.39 41 59 105.0 1.5L 0.368 0.4 42 72 105.0
2dirA L/5 0.947 0.217 18 1 83.0 L/2 0.694 0.41 34 15 83.0 1.0L 0.622 0.735 61 37 83.0 1.5L 0.469 0.831 69 78 83.0 L/5 0.684 0.565 13 6 23.0 L/2 0.426 0.87 20 27 23.0 1.0L 0.426 0.87 20 27 23.0 1.5L 0.426 0.87 20 27 23.0
3t7lA L/5 0.5 0.132 7 7 53.0 L/2 0.432 0.302 16 21 53.0 1.0L 0.405 0.566 30 44 53.0 1.5L 0.36 0.755 40 71 53.0 L/5 0.5 0.149 7 7 47.0 L/2 0.351 0.277 13 24 47.0 1.0L 0.324 0.511 24 50 47.0 1.5L 0.325 0.532 25 52 47.0
1yr1A L/5 0.913 0.178 21 2 118.0 L/2 0.644 0.322 38 21 118.0 1.0L 0.563 0.568 67 52 118.0 1.5L 0.478 0.72 85 93 118.0 L/5 0.913 0.309 21 2 68.0 L/2 0.61 0.529 36 23 68.0 1.0L 0.437 0.765 52 67 68.0 1.5L 0.419 0.765 52 72 68.0
1wi9A L/5 0.357 0.263 5 9 19.0 L/2 0.306 0.579 11 25 19.0 1.0L 0.25 0.947 18 54 19.0 1.5L 0.176 1.0 19 89 19.0 L/5 0.214 1.0 3 11 3.0 L/2 0.083 1.0 3 33 3.0 1.0L 0.055 1.0 3 52 3.0 1.5L 0.055 1.0 3 52 3.0
3rfeA L/5 0.913 0.189 21 2 111.0 L/2 0.729 0.387 43 16 111.0 1.0L 0.588 0.631 70 49 111.0 1.5L 0.461 0.739 82 96 111.0 L/5 0.652 0.14 15 8 107.0 L/2 0.627 0.346 37 22 107.0 1.0L 0.378 0.421 45 74 107.0 1.5L 0.281 0.439 47 120 107.0
2ko2A L/5 0.0 0.0 0 13 32.0 L/2 0.0 0.0 0 33 32.0 1.0L 0.0 0.0 0 67 32.0 1.5L 0.03 0.094 3 97 32.0 L/5 0.0 0.0 0 13 6.0 L/2 0.0 0.0 0 33 6.0 1.0L 0.03 0.333 2 65 6.0 1.5L 0.028 0.333 2 69 6.0
3a38A L/5 0.25 0.046 4 12 87.0 L/2 0.22 0.103 9 32 87.0 1.0L 0.205 0.195 17 66 87.0 1.5L 0.161 0.23 20 104 87.0 L/5 0.063 0.059 1 15 17.0 L/2 0.122 0.294 5 36 17.0 1.0L 0.084 0.412 7 76 17.0 1.5L 0.08 0.412 7 80 17.0
3glvA L/5 0.583 0.095 14 10 148.0 L/2 0.623 0.257 38 23 148.0 1.0L 0.623 0.514 76 46 148.0 1.5L 0.514 0.635 94 89 148.0 L/5 0.458 0.423 11 13 26.0 L/2 0.246 0.577 15 46 26.0 1.0L 0.242 0.577 15 47 26.0 1.5L 0.242 0.577 15 47 26.0
1a1xA L/5 0.667 0.209 14 7 67.0 L/2 0.472 0.373 25 28 67.0 1.0L 0.264 0.418 28 78 67.0 1.5L 0.189 0.448 30 129 67.0 L/5 0.667 0.241 14 7 58.0 L/2 0.472 0.431 25 28 58.0 1.0L 0.255 0.466 27 79 58.0 1.5L 0.203 0.483 28 110 58.0
2krkA L/5 0.824 0.275 14 3 51.0 L/2 0.767 0.647 33 10 51.0 1.0L 0.535 0.902 46 40 51.0 1.5L 0.411 1.039 53 76 51.0 L/5 0.882 0.6 15 2 25.0 L/2 0.465 0.8 20 23 25.0 1.0L 0.317 0.8 20 43 25.0 1.5L 0.317 0.8 20 43 25.0
3r87A L/5 0.808 0.14 21 5 150.0 L/2 0.833 0.367 55 11 150.0 1.0L 0.735 0.647 97 35 150.0 1.5L 0.591 0.78 117 81 150.0 L/5 0.885 0.451 23 3 51.0 L/2 0.591 0.765 39 27 51.0 1.0L 0.534 0.765 39 34 51.0 1.5L 0.534 0.765 39 34 51.0
2vlqB L/5 0.615 0.119 16 10 135.0 L/2 0.403 0.2 27 40 135.0 1.0L 0.299 0.296 40 94 135.0 1.5L 0.219 0.326 44 157 135.0 L/5 0.654 0.25 17 9 68.0 L/2 0.418 0.412 28 39 68.0 1.0L 0.239 0.471 32 102 68.0 1.5L 0.201 0.485 33 131 68.0
3lyyA L/5 0.75 0.153 15 5 98.0 L/2 0.725 0.378 37 14 98.0 1.0L 0.569 0.592 58 44 98.0 1.5L 0.458 0.714 70 83 98.0 L/5 0.8 0.203 16 4 79.0 L/2 0.627 0.405 32 19 79.0 1.0L 0.488 0.532 42 44 79.0 1.5L 0.488 0.532 42 44 79.0
2npbA L/5 0.588 0.125 10 7 80.0 L/2 0.364 0.2 16 28 80.0 1.0L 0.364 0.4 32 56 80.0 1.5L 0.295 0.487 39 93 80.0 L/5 0.412 0.636 7 10 11.0 L/2 0.227 0.909 10 34 11.0 1.0L 0.147 0.909 10 58 11.0 1.5L 0.147 0.909 10 58 11.0
2k4nA L/5 0.5 0.162 11 11 68.0 L/2 0.436 0.353 24 31 68.0 1.0L 0.261 0.426 29 82 68.0 1.5L 0.181 0.441 30 136 68.0 L/5 0.5 0.297 11 11 37.0 L/2 0.345 0.514 19 36 37.0 1.0L 0.189 0.568 21 90 37.0 1.5L 0.143 0.568 21 126 37.0
2klqA L/5 0.273 0.12 6 16 50.0 L/2 0.211 0.24 12 45 50.0 1.0L 0.193 0.44 22 92 50.0 1.5L 0.152 0.52 26 145 50.0 L/5 0.227 0.167 5 17 30.0 L/2 0.193 0.367 11 46 30.0 1.0L 0.151 0.367 11 62 30.0 1.5L 0.151 0.367 11 62 30.0
1gh8A L/5 0.765 0.101 13 4 129.0 L/2 0.727 0.248 32 12 129.0 1.0L 0.629 0.434 56 33 129.0 1.5L 0.481 0.496 64 69 129.0 L/5 0.765 0.52 13 4 25.0 L/2 0.548 0.92 23 19 25.0 1.0L 0.548 0.92 23 19 25.0 1.5L 0.548 0.92 23 19 25.0
2lwxA L/5 0.882 0.294 15 2 51.0 L/2 0.75 0.647 33 11 51.0 1.0L 0.477 0.824 42 46 51.0 1.5L 0.356 0.922 47 85 51.0 L/5 0.529 0.474 9 8 19.0 L/2 0.273 0.632 12 32 19.0 1.0L 0.194 0.684 13 54 19.0 1.5L 0.194 0.684 13 54 19.0
1fadA L/5 0.316 0.105 6 13 57.0 L/2 0.298 0.246 14 33 57.0 1.0L 0.221 0.368 21 74 57.0 1.5L 0.176 0.439 25 117 57.0 L/5 0.263 0.455 5 14 11.0 L/2 0.149 0.636 7 40 11.0 1.0L 0.127 0.636 7 48 11.0 1.5L 0.127 0.636 7 48 11.0
2l76A L/5 0.737 0.177 14 5 79.0 L/2 0.532 0.316 25 22 79.0 1.0L 0.432 0.519 41 54 79.0 1.5L 0.31 0.557 44 98 79.0 L/5 0.526 0.333 10 9 30.0 L/2 0.383 0.6 18 29 30.0 1.0L 0.253 0.667 20 59 30.0 1.5L 0.253 0.667 20 59 30.0
2di7A L/5 0.5 0.114 12 12 105.0 L/2 0.371 0.219 23 39 105.0 1.0L 0.315 0.371 39 85 105.0 1.5L 0.253 0.448 47 139 105.0 L/5 0.458 0.186 11 13 59.0 L/2 0.339 0.356 21 41 59.0 1.0L 0.25 0.525 31 93 59.0 1.5L 0.228 0.525 31 105 59.0
2lw6A L/5 0.688 0.169 11 5 65.0 L/2 0.55 0.338 22 18 65.0 1.0L 0.425 0.523 34 46 65.0 1.5L 0.333 0.615 40 80 65.0 L/5 0.688 0.147 11 5 75.0 L/2 0.55 0.293 22 18 75.0 1.0L 0.388 0.413 31 49 75.0 1.5L 0.292 0.467 35 85 75.0
3goeA L/5 0.75 0.176 12 4 68.0 L/2 0.6 0.353 24 16 68.0 1.0L 0.438 0.515 35 45 68.0 1.5L 0.325 0.574 39 81 68.0 L/5 0.75 0.343 12 4 35.0 L/2 0.5 0.571 20 20 35.0 1.0L 0.343 0.686 24 46 35.0 1.5L 0.343 0.686 24 46 35.0
1ucrA L/5 0.643 0.375 9 5 24.0 L/2 0.459 0.708 17 20 24.0 1.0L 0.297 0.917 22 52 24.0 1.5L 0.216 1.0 24 87 24.0 L/5 0.714 0.833 10 4 12.0 L/2 0.324 1.0 12 25 12.0 1.0L 0.245 1.0 12 37 12.0 1.5L 0.245 1.0 12 37 12.0
2kcnA L/5 0.909 0.185 10 1 54.0 L/2 0.815 0.407 22 5 54.0 1.0L 0.564 0.574 31 24 54.0 1.5L 0.463 0.704 38 44 54.0 L/5 0.818 0.346 9 2 26.0 L/2 0.407 0.423 11 16 26.0 1.0L 0.216 0.423 11 40 26.0 1.5L 0.216 0.423 11 40 26.0
1earA L/5 0.679 0.102 19 9 186.0 L/2 0.493 0.188 35 36 186.0 1.0L 0.345 0.263 49 93 186.0 1.5L 0.268 0.306 57 156 186.0 L/5 0.607 0.386 17 11 44.0 L/2 0.338 0.545 24 47 44.0 1.0L 0.19 0.614 27 115 44.0 1.5L 0.167 0.659 29 145 44.0
2jn9A L/5 0.524 0.092 11 10 119.0 L/2 0.385 0.168 20 32 119.0 1.0L 0.324 0.286 34 71 119.0 1.5L 0.287 0.378 45 112 119.0 L/5 0.524 0.229 11 10 48.0 L/2 0.288 0.313 15 37 48.0 1.0L 0.19 0.417 20 85 48.0 1.5L 0.179 0.438 21 96 48.0
2eqkA L/5 0.647 0.355 11 6 31.0 L/2 0.643 0.871 27 15 31.0 1.0L 0.459 1.258 39 46 31.0 1.5L 0.339 1.387 43 84 31.0 L/5 0.706 0.245 12 5 49.0 L/2 0.738 0.633 31 11 49.0 1.0L 0.447 0.776 38 47 49.0 1.5L 0.384 0.776 38 61 49.0
2xppA L/5 0.407 0.151 11 16 73.0 L/2 0.368 0.342 25 43 73.0 1.0L 0.292 0.548 40 97 73.0 1.5L 0.229 0.644 47 158 73.0 L/5 0.444 0.48 12 15 25.0 L/2 0.258 0.68 17 49 25.0 1.0L 0.258 0.68 17 49 25.0 1.5L 0.258 0.68 17 49 25.0
2ktaA L/5 0.143 0.133 2 12 15.0 L/2 0.189 0.467 7 30 15.0 1.0L 0.122 0.6 9 65 15.0 1.5L 0.081 0.6 9 102 15.0 L/5 0.143 0.5 2 12 4.0 L/2 0.081 0.75 3 34 4.0 1.0L 0.058 0.75 3 49 4.0 1.5L 0.058 0.75 3 49 4.0
2eapA L/5 0.333 0.113 6 12 53.0 L/2 0.289 0.245 13 32 53.0 1.0L 0.222 0.377 20 70 53.0 1.5L 0.178 0.453 24 111 53.0 L/5 0.5 0.281 9 9 32.0 L/2 0.311 0.438 14 31 32.0 1.0L 0.195 0.469 15 62 32.0 1.5L 0.195 0.469 15 62 32.0
1wpiA L/5 0.423 0.067 11 15 165.0 L/2 0.439 0.176 29 37 165.0 1.0L 0.308 0.248 41 92 165.0 1.5L 0.251 0.303 50 149 165.0 L/5 0.385 0.385 10 16 26.0 L/2 0.182 0.462 12 54 26.0 1.0L 0.145 0.462 12 71 26.0 1.5L 0.145 0.462 12 71 26.0
2k8oA L/5 0.0 0.0 0 12 81.0 L/2 0.033 0.012 1 29 81.0 1.0L 0.05 0.037 3 57 81.0 1.5L 0.067 0.074 6 84 81.0 L/5 0.0 0.0 0 12 8.0 L/2 0.0 0.0 0 30 8.0 1.0L 0.033 0.25 2 58 8.0 1.5L 0.026 0.25 2 75 8.0
2lfvA L/5 0.762 0.198 16 5 81.0 L/2 0.642 0.42 34 19 81.0 1.0L 0.387 0.506 41 65 81.0 1.5L 0.277 0.543 44 115 81.0 L/5 0.571 0.923 12 9 13.0 L/2 0.226 0.923 12 41 13.0 1.0L 0.197 0.923 12 49 13.0 1.5L 0.197 0.923 12 49 13.0
2jmlA L/5 0.5 0.286 8 8 28.0 L/2 0.275 0.393 11 29 28.0 1.0L 0.309 0.893 25 56 28.0 1.5L 0.231 1.0 28 93 28.0 L/5 0.188 0.3 3 13 10.0 L/2 0.175 0.7 7 33 10.0 1.0L 0.132 0.7 7 46 10.0 1.5L 0.132 0.7 7 46 10.0
1kn6A L/5 0.786 0.121 11 3 91.0 L/2 0.722 0.286 26 10 91.0 1.0L 0.534 0.429 39 34 91.0 1.5L 0.404 0.484 44 65 91.0 L/5 0.643 0.45 9 5 20.0 L/2 0.444 0.8 16 20 20.0 1.0L 0.261 0.9 18 51 20.0 1.5L 0.261 0.9 18 51 20.0
1g03A L/5 0.231 0.085 6 20 71.0 L/2 0.134 0.127 9 58 71.0 1.0L 0.09 0.169 12 122 71.0 1.5L 0.085 0.239 17 184 71.0 L/5 0.192 0.417 5 21 12.0 L/2 0.09 0.5 6 61 12.0 1.0L 0.084 0.583 7 76 12.0 1.5L 0.084 0.583 7 76 12.0
1eaqA L/5 0.375 0.056 9 15 161.0 L/2 0.258 0.099 16 46 161.0 1.0L 0.226 0.174 28 96 161.0 1.5L 0.167 0.193 31 155 161.0 L/5 0.375 0.099 9 15 91.0 L/2 0.29 0.198 18 44 91.0 1.0L 0.226 0.308 28 96 91.0 1.5L 0.195 0.352 32 132 91.0
2dy8A L/5 0.846 0.44 11 2 25.0 L/2 0.794 1.08 27 7 25.0 1.0L 0.58 1.6 40 29 25.0 1.5L 0.417 1.72 43 60 25.0 L/5 1.0 0.271 13 0 48.0 L/2 0.794 0.563 27 7 48.0 1.0L 0.493 0.708 34 35 48.0 1.5L 0.479 0.708 34 37 48.0
2l3bA L/5 0.538 0.101 14 12 138.0 L/2 0.4 0.188 26 39 138.0 1.0L 0.308 0.29 40 90 138.0 1.5L 0.246 0.348 48 147 138.0 L/5 0.538 0.194 14 12 72.0 L/2 0.4 0.361 26 39 72.0 1.0L 0.323 0.583 42 88 72.0 1.5L 0.271 0.625 45 121 72.0
1xn6A L/5 0.786 0.218 22 6 101.0 L/2 0.803 0.564 57 14 101.0 1.0L 0.72 1.02 103 40 101.0 1.5L 0.556 1.178 119 95 101.0 L/5 0.964 0.314 27 1 86.0 L/2 0.845 0.698 60 11 86.0 1.0L 0.571 0.837 72 54 86.0 1.5L 0.571 0.837 72 54 86.0
2lkgA L/5 0.0 0.0 0 28 43.0 L/2 0.014 0.023 1 69 43.0 1.0L 0.029 0.093 4 136 43.0 1.5L 0.033 0.163 7 203 43.0 L/5 0.0 0.0 0 28 5.0 L/2 0.029 0.4 2 68 5.0 1.0L 0.014 0.4 2 138 5.0 1.5L 0.011 0.4 2 174 5.0
3cptA L/5 0.739 0.262 17 6 65.0 L/2 0.441 0.4 26 33 65.0 1.0L 0.294 0.538 35 84 65.0 1.5L 0.213 0.585 38 140 65.0 L/5 0.739 0.279 17 6 61.0 L/2 0.525 0.508 31 28 61.0 1.0L 0.336 0.59 36 71 61.0 1.5L 0.336 0.59 36 71 61.0
3nzlA L/5 0.143 0.048 2 12 42.0 L/2 0.111 0.095 4 32 42.0 1.0L 0.068 0.119 5 68 42.0 1.5L 0.064 0.167 7 102 42.0 L/5 0.143 0.5 2 12 4.0 L/2 0.083 0.75 3 33 4.0 1.0L 0.052 0.75 3 55 4.0 1.5L 0.052 0.75 3 55 4.0
1qklA L/5 0.6 0.123 15 10 122.0 L/2 0.286 0.148 18 45 122.0 1.0L 0.181 0.189 23 104 122.0 1.5L 0.147 0.23 28 162 122.0 L/5 0.52 0.289 13 12 45.0 L/2 0.238 0.333 15 48 45.0 1.0L 0.143 0.4 18 108 45.0 1.5L 0.143 0.4 18 108 45.0
1nz9A L/5 0.818 0.45 9 2 20.0 L/2 0.862 1.25 25 4 20.0 1.0L 0.776 2.25 45 13 20.0 1.5L 0.586 2.55 51 36 20.0 L/5 0.818 0.176 9 2 51.0 L/2 0.897 0.51 26 3 51.0 1.0L 0.741 0.843 43 15 51.0 1.5L 0.672 0.843 43 21 51.0
2ai6A L/5 0.76 0.109 19 6 174.0 L/2 0.661 0.236 41 21 174.0 1.0L 0.512 0.368 64 61 174.0 1.5L 0.374 0.402 70 117 174.0 L/5 0.68 0.25 17 8 68.0 L/2 0.613 0.559 38 24 68.0 1.0L 0.4 0.735 50 75 68.0 1.5L 0.323 0.75 51 107 68.0
1s7iA L/5 0.458 0.075 11 13 147.0 L/2 0.435 0.184 27 35 147.0 1.0L 0.371 0.313 46 78 147.0 1.5L 0.28 0.354 52 134 147.0 L/5 0.5 0.545 12 12 22.0 L/2 0.21 0.591 13 49 22.0 1.0L 0.181 0.591 13 59 22.0 1.5L 0.181 0.591 13 59 22.0
2cwrA L/5 0.947 0.113 18 1 159.0 L/2 0.667 0.201 32 16 159.0 1.0L 0.515 0.314 50 47 159.0 1.5L 0.428 0.39 62 83 159.0 L/5 0.474 0.188 9 10 48.0 L/2 0.375 0.375 18 30 48.0 1.0L 0.237 0.479 23 74 48.0 1.5L 0.233 0.5 24 79 48.0
2v1nA L/5 0.5 0.167 11 11 66.0 L/2 0.291 0.242 16 39 66.0 1.0L 0.252 0.424 28 83 66.0 1.5L 0.199 0.5 33 133 66.0 L/5 0.545 0.545 12 10 22.0 L/2 0.345 0.864 19 36 22.0 1.0L 0.204 0.955 21 82 22.0 1.5L 0.204 0.955 21 82 22.0
2ltlA L/5 0.609 0.126 14 9 111.0 L/2 0.441 0.234 26 33 111.0 1.0L 0.319 0.342 38 81 111.0 1.5L 0.258 0.414 46 132 111.0 L/5 0.435 0.278 10 13 36.0 L/2 0.22 0.361 13 46 36.0 1.0L 0.183 0.528 19 85 36.0 1.5L 0.183 0.528 19 85 36.0
2jx0A L/5 0.385 0.096 10 16 104.0 L/2 0.4 0.25 26 39 104.0 1.0L 0.328 0.413 43 88 104.0 1.5L 0.291 0.548 57 139 104.0 L/5 0.385 0.455 10 16 22.0 L/2 0.231 0.682 15 50 22.0 1.0L 0.231 0.682 15 50 22.0 1.5L 0.231 0.682 15 50 22.0
1oo0A L/5 0.75 0.239 21 7 88.0 L/2 0.639 0.523 46 26 88.0 1.0L 0.389 0.636 56 88 88.0 1.5L 0.273 0.67 59 157 88.0 L/5 0.75 0.228 21 7 92.0 L/2 0.667 0.522 48 24 92.0 1.0L 0.396 0.62 57 87 92.0 1.5L 0.372 0.63 58 98 92.0
2k2bA L/5 0.091 0.017 2 20 117.0 L/2 0.036 0.017 2 53 117.0 1.0L 0.045 0.043 5 106 117.0 1.5L 0.06 0.085 10 156 117.0 L/5 0.0 0.0 0 22 35.0 L/2 0.0 0.0 0 55 35.0 1.0L 0.009 0.029 1 110 35.0 1.5L 0.008 0.029 1 117 35.0
2owaA L/5 0.52 0.14 13 12 93.0 L/2 0.344 0.237 22 42 93.0 1.0L 0.305 0.419 39 89 93.0 1.5L 0.214 0.441 41 151 93.0 L/5 0.36 0.22 9 16 41.0 L/2 0.25 0.39 16 48 41.0 1.0L 0.156 0.488 20 108 41.0 1.5L 0.146 0.537 22 129 41.0
1wijA L/5 0.2 0.091 5 20 55.0 L/2 0.111 0.127 7 56 55.0 1.0L 0.079 0.182 10 117 55.0 1.5L 0.063 0.218 12 178 55.0 L/5 0.2 0.217 5 20 23.0 L/2 0.127 0.348 8 55 23.0 1.0L 0.078 0.391 9 107 23.0 1.5L 0.078 0.391 9 107 23.0
1lmiA L/5 0.654 0.085 17 9 201.0 L/2 0.415 0.134 27 38 201.0 1.0L 0.26 0.169 34 97 201.0 1.5L 0.255 0.249 50 146 201.0 L/5 0.654 0.212 17 9 80.0 L/2 0.369 0.3 24 41 80.0 1.0L 0.246 0.388 31 95 80.0 1.5L 0.246 0.388 31 95 80.0
1xc5A L/5 0.231 0.107 3 10 28.0 L/2 0.118 0.143 4 30 28.0 1.0L 0.074 0.179 5 63 28.0 1.5L 0.078 0.286 8 94 28.0 L/5 0.154 0.4 2 11 5.0 L/2 0.088 0.6 3 31 5.0 1.0L 0.068 0.8 4 55 5.0 1.5L 0.068 0.8 4 55 5.0
1ezgA L/5 0 0 0 0 0 L/2 0 0 0 0 0 1.0L 0 0 0 0 0 1.5L 0 0 0 0 0 L/5 0.563 0.057 9 7 158.0 L/2 0.537 0.139 22 19 158.0 1.0L 0.366 0.19 30 52 158.0 1.5L 0.392 0.253 40 62 158.0
2p9xA L/5 0.368 0.189 7 12 37.0 L/2 0.224 0.297 11 38 37.0 1.0L 0.163 0.432 16 82 37.0 1.5L 0.129 0.514 19 128 37.0 L/5 0.211 0.308 4 15 13.0 L/2 0.122 0.462 6 43 13.0 1.0L 0.119 0.615 8 59 13.0 1.5L 0.119 0.615 8 59 13.0
1r26A L/5 0.5 0.089 11 11 124.0 L/2 0.571 0.258 32 24 124.0 1.0L 0.602 0.548 68 45 124.0 1.5L 0.538 0.734 91 78 124.0 L/5 0.273 0.353 6 16 17.0 L/2 0.264 0.824 14 39 17.0 1.0L 0.264 0.824 14 39 17.0 1.5L 0.264 0.824 14 39 17.0
1pucA L/5 0.45 0.321 9 11 28.0 L/2 0.32 0.571 16 34 28.0 1.0L 0.168 0.607 17 84 28.0 1.5L 0.113 0.607 17 134 28.0 L/5 0.55 0.44 11 9 25.0 L/2 0.3 0.6 15 35 25.0 1.0L 0.205 0.6 15 58 25.0 1.5L 0.205 0.6 15 58 25.0
2nqwA L/5 0.706 0.273 12 5 44.0 L/2 0.698 0.682 30 13 44.0 1.0L 0.517 1.023 45 42 44.0 1.5L 0.392 1.159 51 79 44.0 L/5 0.647 0.25 11 6 44.0 L/2 0.558 0.545 24 19 44.0 1.0L 0.359 0.636 28 50 44.0 1.5L 0.359 0.636 28 50 44.0
2ccqA L/5 0.526 0.128 10 9 78.0 L/2 0.367 0.231 18 31 78.0 1.0L 0.273 0.346 27 72 78.0 1.5L 0.209 0.397 31 117 78.0 L/5 0.053 0.071 1 18 14.0 L/2 0.061 0.214 3 46 14.0 1.0L 0.042 0.214 3 69 14.0 1.5L 0.042 0.214 3 69 14.0
2qycA L/5 0.95 0.152 19 1 125.0 L/2 0.804 0.328 41 10 125.0 1.0L 0.637 0.52 65 37 125.0 1.5L 0.484 0.592 74 79 125.0 L/5 0.9 0.581 18 2 31.0 L/2 0.5 0.742 23 23 31.0 1.0L 0.5 0.742 23 23 31.0 1.5L 0.5 0.742 23 23 31.0
2rhkA L/5 0.043 0.008 1 22 133.0 L/2 0.068 0.03 4 55 133.0 1.0L 0.076 0.068 9 110 133.0 1.5L 0.056 0.075 10 168 133.0 L/5 0.043 0.017 1 22 58.0 L/2 0.068 0.069 4 55 58.0 1.0L 0.061 0.103 6 92 58.0 1.5L 0.061 0.103 6 92 58.0
3ffyA L/5 0.636 0.099 14 8 141.0 L/2 0.607 0.241 34 22 141.0 1.0L 0.518 0.411 58 54 141.0 1.5L 0.417 0.496 70 98 141.0 L/5 0.545 0.324 12 10 37.0 L/2 0.25 0.378 14 42 37.0 1.0L 0.23 0.378 14 47 37.0 1.5L 0.23 0.378 14 47 37.0
2pspA L/5 0.667 0.126 14 7 111.0 L/2 0.472 0.225 25 28 111.0 1.0L 0.321 0.306 34 72 111.0 1.5L 0.214 0.306 34 125 111.0 L/5 0.476 0.357 10 11 28.0 L/2 0.302 0.571 16 37 28.0 1.0L 0.17 0.643 18 88 28.0 1.5L 0.15 0.679 19 108 28.0
2loeA L/5 0.08 0.014 2 23 140.0 L/2 0.111 0.05 7 56 140.0 1.0L 0.118 0.107 15 112 140.0 1.5L 0.111 0.15 21 169 140.0 L/5 0.04 0.016 1 24 61.0 L/2 0.048 0.049 3 60 61.0 1.0L 0.066 0.131 8 113 61.0 1.5L 0.066 0.131 8 113 61.0
1pcnA L/5 0.222 0.061 4 14 66.0 L/2 0.239 0.167 11 35 66.0 1.0L 0.172 0.242 16 77 66.0 1.5L 0.165 0.348 23 116 66.0 L/5 0.167 0.033 3 15 92.0 L/2 0.152 0.076 7 39 92.0 1.0L 0.151 0.152 14 79 92.0 1.5L 0.156 0.185 17 92 92.0
2lq7A L/5 0.632 0.14 12 7 86.0 L/2 0.396 0.221 19 29 86.0 1.0L 0.289 0.326 28 69 86.0 1.5L 0.214 0.36 31 114 86.0 L/5 0.579 0.297 11 8 37.0 L/2 0.271 0.351 13 35 37.0 1.0L 0.19 0.405 15 64 37.0 1.5L 0.19 0.405 15 64 37.0
2khqA L/5 0.273 0.063 6 16 95.0 L/2 0.327 0.189 18 37 95.0 1.0L 0.264 0.305 29 81 95.0 1.5L 0.261 0.453 43 122 95.0 L/5 0.273 0.462 6 16 13.0 L/2 0.164 0.692 9 46 13.0 1.0L 0.13 0.692 9 60 13.0 1.5L 0.13 0.692 9 60 13.0
2kp6A L/5 0.267 0.071 4 11 56.0 L/2 0.205 0.143 8 31 56.0 1.0L 0.139 0.196 11 68 56.0 1.5L 0.119 0.25 14 104 56.0 L/5 0.267 0.235 4 11 17.0 L/2 0.256 0.588 10 29 17.0 1.0L 0.175 0.588 10 47 17.0 1.5L 0.175 0.588 10 47 17.0
1uj8A L/5 0.286 0.082 4 10 49.0 L/2 0.222 0.163 8 28 49.0 1.0L 0.164 0.245 12 61 49.0 1.5L 0.128 0.286 14 95 49.0 L/5 0.0 0.0 0 14 13.0 L/2 0.0 0.0 0 36 13.0 1.0L 0.015 0.077 1 66 13.0 1.5L 0.015 0.077 1 66 13.0
3ldcA L/5 0.438 0.2 7 9 35.0 L/2 0.463 0.543 19 22 35.0 1.0L 0.305 0.714 25 57 35.0 1.5L 0.228 0.8 28 95 35.0 L/5 0.563 0.529 9 7 17.0 L/2 0.293 0.706 12 29 17.0 1.0L 0.206 0.765 13 50 17.0 1.5L 0.206 0.765 13 50 17.0
2l3uA L/5 0.421 0.11 8 11 73.0 L/2 0.429 0.288 21 28 73.0 1.0L 0.316 0.425 31 67 73.0 1.5L 0.245 0.493 36 111 73.0 L/5 0.263 0.132 5 14 38.0 L/2 0.204 0.263 10 39 38.0 1.0L 0.153 0.395 15 83 38.0 1.5L 0.15 0.395 15 85 38.0
2h3jA L/5 0.933 0.187 14 1 75.0 L/2 0.703 0.347 26 11 75.0 1.0L 0.613 0.613 46 29 75.0 1.5L 0.473 0.707 53 59 75.0 L/5 0.667 0.323 10 5 31.0 L/2 0.514 0.613 19 18 31.0 1.0L 0.358 0.613 19 34 31.0 1.5L 0.358 0.613 19 34 31.0
2e7mA L/5 0.636 0.1 14 8 140.0 L/2 0.518 0.207 29 27 140.0 1.0L 0.478 0.386 54 59 140.0 1.5L 0.396 0.479 67 102 140.0 L/5 0.5 0.159 11 11 69.0 L/2 0.518 0.42 29 27 69.0 1.0L 0.354 0.58 40 73 69.0 1.5L 0.299 0.58 40 94 69.0
1c7kA L/5 0.5 0.084 13 13 155.0 L/2 0.409 0.174 27 39 155.0 1.0L 0.288 0.245 38 94 155.0 1.5L 0.217 0.277 43 155 155.0 L/5 0.308 0.1 8 18 80.0 L/2 0.242 0.2 16 50 80.0 1.0L 0.174 0.287 23 109 80.0 1.5L 0.162 0.388 31 160 80.0
2f9hA L/5 0.75 0.093 18 6 194.0 L/2 0.483 0.149 29 31 194.0 1.0L 0.388 0.242 47 74 194.0 1.5L 0.343 0.32 62 119 194.0 L/5 0.75 0.217 18 6 83.0 L/2 0.5 0.361 30 30 83.0 1.0L 0.393 0.554 46 71 83.0 1.5L 0.393 0.554 46 71 83.0
2cxyA L/5 0.455 0.244 10 12 41.0 L/2 0.298 0.415 17 40 41.0 1.0L 0.175 0.488 20 94 41.0 1.5L 0.135 0.561 23 148 41.0 L/5 0.364 0.615 8 14 13.0 L/2 0.158 0.692 9 48 13.0 1.0L 0.129 0.692 9 61 13.0 1.5L 0.129 0.692 9 61 13.0
3ov5A L/5 0.5 0.136 8 8 59.0 L/2 0.244 0.169 10 31 59.0 1.0L 0.193 0.271 16 67 59.0 1.5L 0.161 0.339 20 104 59.0 L/5 0.438 0.226 7 9 31.0 L/2 0.22 0.29 9 32 31.0 1.0L 0.139 0.323 10 62 31.0 1.5L 0.139 0.323 10 62 31.0
4gioA L/5 0.105 0.014 2 17 144.0 L/2 0.146 0.049 7 41 144.0 1.0L 0.198 0.132 19 77 144.0 1.5L 0.167 0.167 24 120 144.0 L/5 0.158 0.075 3 16 40.0 L/2 0.188 0.225 9 39 40.0 1.0L 0.169 0.3 12 59 40.0 1.5L 0.169 0.3 12 59 40.0
1wnaA L/5 0.36 0.062 9 16 146.0 L/2 0.365 0.158 23 40 146.0 1.0L 0.244 0.212 31 96 146.0 1.5L 0.179 0.233 34 156 146.0 L/5 0.4 0.161 10 15 62.0 L/2 0.381 0.387 24 39 62.0 1.0L 0.238 0.468 29 93 62.0 1.5L 0.238 0.468 29 93 62.0
2jspA L/5 0.294 0.185 5 12 27.0 L/2 0.279 0.444 12 31 27.0 1.0L 0.172 0.556 15 72 27.0 1.5L 0.115 0.556 15 115 27.0 L/5 0.353 0.286 6 11 21.0 L/2 0.14 0.286 6 37 21.0 1.0L 0.073 0.286 6 76 21.0 1.5L 0.073 0.286 6 76 21.0
2d58A L/5 0.667 0.438 14 7 32.0 L/2 0.434 0.719 23 30 32.0 1.0L 0.234 0.781 25 82 32.0 1.5L 0.163 0.813 26 134 32.0 L/5 0.429 0.429 9 12 21.0 L/2 0.264 0.667 14 39 21.0 1.0L 0.14 0.714 15 92 21.0 1.5L 0.143 0.81 17 102 21.0
1pa4A L/5 0.737 0.219 14 5 64.0 L/2 0.667 0.5 32 16 64.0 1.0L 0.563 0.844 54 42 64.0 1.5L 0.444 1.0 64 80 64.0 L/5 0.842 0.444 16 3 36.0 L/2 0.563 0.75 27 21 36.0 1.0L 0.5 0.75 27 27 36.0 1.5L 0.5 0.75 27 27 36.0
2o37A L/5 0.688 0.355 11 5 31.0 L/2 0.725 0.935 29 11 31.0 1.0L 0.395 1.032 32 49 31.0 1.5L 0.273 1.065 33 88 31.0 L/5 0.813 0.684 13 3 19.0 L/2 0.35 0.737 14 26 19.0 1.0L 0.233 0.895 17 56 19.0 1.5L 0.233 0.895 17 56 19.0
2z4dA L/5 0.947 0.353 18 1 51.0 L/2 0.688 0.647 33 15 51.0 1.0L 0.438 0.824 42 54 51.0 1.5L 0.313 0.882 45 99 51.0 L/5 0.947 0.175 18 1 103.0 L/2 0.708 0.33 34 14 103.0 1.0L 0.438 0.408 42 54 103.0 1.5L 0.381 0.437 45 73 103.0
1v66A L/5 0.462 0.24 6 7 25.0 L/2 0.5 0.64 16 16 25.0 1.0L 0.338 0.88 22 43 25.0 1.5L 0.268 1.04 26 71 25.0 L/5 0.308 0.333 4 9 12.0 L/2 0.281 0.75 9 23 12.0 1.0L 0.183 0.917 11 49 12.0 1.5L 0.183 0.917 11 49 12.0
3nswA L/5 0.667 0.105 14 7 133.0 L/2 0.491 0.195 26 27 133.0 1.0L 0.283 0.226 30 76 133.0 1.5L 0.214 0.256 34 125 133.0 L/5 0.667 0.226 14 7 62.0 L/2 0.491 0.419 26 27 62.0 1.0L 0.283 0.484 30 76 62.0 1.5L 0.21 0.484 30 113 62.0
1ijyA L/5 0.25 0.055 6 18 110.0 L/2 0.197 0.109 12 49 110.0 1.0L 0.18 0.2 22 100 110.0 1.5L 0.158 0.264 29 154 110.0 L/5 0.083 0.057 2 22 35.0 L/2 0.082 0.143 5 56 35.0 1.0L 0.09 0.314 11 111 35.0 1.5L 0.088 0.314 11 114 35.0
3mazA L/5 0.579 0.229 11 8 48.0 L/2 0.408 0.417 20 29 48.0 1.0L 0.293 0.604 29 70 48.0 1.5L 0.25 0.771 37 111 48.0 L/5 0.632 0.188 12 7 64.0 L/2 0.408 0.313 20 29 64.0 1.0L 0.293 0.453 29 70 64.0 1.5L 0.25 0.516 33 99 64.0
2hqsC L/5 0.714 0.097 15 6 154.0 L/2 0.792 0.273 42 11 154.0 1.0L 0.701 0.487 75 32 154.0 1.5L 0.637 0.662 102 58 154.0 L/5 0.667 0.452 14 7 31.0 L/2 0.408 0.645 20 29 31.0 1.0L 0.408 0.645 20 29 31.0 1.5L 0.408 0.645 20 29 31.0
3ushA L/5 0.391 0.06 9 14 151.0 L/2 0.339 0.132 20 39 151.0 1.0L 0.288 0.225 34 84 151.0 1.5L 0.237 0.278 42 135 151.0 L/5 0.261 0.146 6 17 41.0 L/2 0.153 0.22 9 50 41.0 1.0L 0.117 0.293 12 91 41.0 1.5L 0.117 0.293 12 91 41.0
3c9pA L/5 0.375 0.093 9 15 97.0 L/2 0.295 0.186 18 43 97.0 1.0L 0.205 0.258 25 97 97.0 1.5L 0.164 0.309 30 153 97.0 L/5 0.208 0.238 5 19 21.0 L/2 0.131 0.381 8 53 21.0 1.0L 0.1 0.381 8 72 21.0 1.5L 0.1 0.381 8 72 21.0
2olmA L/5 0.385 0.11 10 16 91.0 L/2 0.273 0.198 18 48 91.0 1.0L 0.203 0.297 27 106 91.0 1.5L 0.176 0.385 35 164 91.0 L/5 0.346 0.273 9 17 33.0 L/2 0.212 0.424 14 52 33.0 1.0L 0.128 0.515 17 116 33.0 1.5L 0.115 0.545 18 139 33.0
1zmaA L/5 0.435 0.072 10 13 138.0 L/2 0.542 0.232 32 27 138.0 1.0L 0.492 0.42 58 60 138.0 1.5L 0.412 0.529 73 104 138.0 L/5 0.217 0.294 5 18 17.0 L/2 0.186 0.647 11 48 17.0 1.0L 0.174 0.706 12 57 17.0 1.5L 0.174 0.706 12 57 17.0
1yd0A L/5 0.765 0.131 13 4 99.0 L/2 0.682 0.303 30 14 99.0 1.0L 0.494 0.444 44 45 99.0 1.5L 0.398 0.535 53 80 99.0 L/5 0.647 0.333 11 6 33.0 L/2 0.364 0.485 16 28 33.0 1.0L 0.327 0.515 17 35 33.0 1.5L 0.327 0.515 17 35 33.0
2lepA L/5 0.5 0.133 6 6 45.0 L/2 0.419 0.289 13 18 45.0 1.0L 0.492 0.689 31 32 45.0 1.5L 0.394 0.822 37 57 45.0 L/5 0.583 0.292 7 5 24.0 L/2 0.516 0.667 16 15 24.0 1.0L 0.321 0.708 17 36 24.0 1.5L 0.321 0.708 17 36 24.0
1kafA L/5 0.905 0.288 19 2 66.0 L/2 0.796 0.652 43 11 66.0 1.0L 0.602 0.985 65 43 66.0 1.5L 0.438 1.076 71 91 66.0 L/5 0.905 0.306 19 2 62.0 L/2 0.722 0.629 39 15 62.0 1.0L 0.435 0.758 47 61 62.0 1.5L 0.345 0.79 49 93 62.0
2dstA L/5 0.708 0.175 17 7 97.0 L/2 0.639 0.402 39 22 97.0 1.0L 0.574 0.722 70 52 97.0 1.5L 0.464 0.876 85 98 97.0 L/5 0.708 0.173 17 7 98.0 L/2 0.475 0.296 29 32 98.0 1.0L 0.42 0.429 42 58 98.0 1.5L 0.42 0.429 42 58 98.0
1t0yA L/5 0.889 0.151 16 2 106.0 L/2 0.867 0.368 39 6 106.0 1.0L 0.689 0.585 62 28 106.0 1.5L 0.511 0.651 69 66 106.0 L/5 0.778 0.378 14 4 37.0 L/2 0.378 0.459 17 28 37.0 1.0L 0.273 0.486 18 48 37.0 1.5L 0.273 0.486 18 48 37.0
2jobA L/5 0.3 0.107 6 14 56.0 L/2 0.294 0.268 15 36 56.0 1.0L 0.206 0.375 21 81 56.0 1.5L 0.196 0.536 30 123 56.0 L/5 0.3 0.081 6 14 74.0 L/2 0.314 0.216 16 35 74.0 1.0L 0.235 0.324 24 78 74.0 1.5L 0.23 0.378 28 94 74.0
2knjA L/5 0.333 0.082 6 12 73.0 L/2 0.333 0.205 15 30 73.0 1.0L 0.256 0.315 23 67 73.0 1.5L 0.2 0.37 27 108 73.0 L/5 0.167 0.125 3 15 24.0 L/2 0.121 0.167 4 29 24.0 1.0L 0.121 0.167 4 29 24.0 1.5L 0.121 0.167 4 29 24.0
2y78A L/5 0.958 0.137 23 1 168.0 L/2 0.885 0.321 54 7 168.0 1.0L 0.73 0.53 89 33 168.0 1.5L 0.546 0.595 100 83 168.0 L/5 0.75 0.353 18 6 51.0 L/2 0.426 0.51 26 35 51.0 1.0L 0.281 0.529 27 69 51.0 1.5L 0.281 0.529 27 69 51.0
2jw5A L/5 0.762 0.136 16 5 118.0 L/2 0.623 0.28 33 20 118.0 1.0L 0.557 0.5 59 47 118.0 1.5L 0.44 0.593 70 89 118.0 L/5 0.524 0.282 11 10 39.0 L/2 0.302 0.41 16 37 39.0 1.0L 0.258 0.41 16 46 39.0 1.5L 0.258 0.41 16 46 39.0
2kbiA L/5 0.526 0.323 10 9 31.0 L/2 0.396 0.613 19 29 31.0 1.0L 0.268 0.839 26 71 31.0 1.5L 0.186 0.871 27 118 31.0 L/5 0.421 0.444 8 11 18.0 L/2 0.25 0.667 12 36 18.0 1.0L 0.135 0.722 13 83 18.0 1.5L 0.135 0.722 13 83 18.0
2l5vA L/5 0.367 0.193 11 19 57.0 L/2 0.347 0.456 26 49 57.0 1.0L 0.213 0.561 32 118 57.0 1.5L 0.147 0.579 33 192 57.0 L/5 0.4 0.3 12 18 40.0 L/2 0.253 0.475 19 56 40.0 1.0L 0.159 0.5 20 106 40.0 1.5L 0.159 0.5 20 106 40.0
2wgoA L/5 0.737 0.2 14 5 70.0 L/2 0.531 0.371 26 23 70.0 1.0L 0.327 0.457 32 66 70.0 1.5L 0.252 0.529 37 110 70.0 L/5 0.737 0.203 14 5 69.0 L/2 0.551 0.391 27 22 69.0 1.0L 0.378 0.536 37 61 69.0 1.5L 0.352 0.536 37 68 69.0
2xfvA L/5 0.19 0.103 4 17 39.0 L/2 0.111 0.154 6 48 39.0 1.0L 0.083 0.231 9 99 39.0 1.5L 0.074 0.308 12 150 39.0 L/5 0.19 0.108 4 17 37.0 L/2 0.13 0.189 7 47 37.0 1.0L 0.101 0.189 7 62 37.0 1.5L 0.101 0.189 7 62 37.0
2kkxA L/5 0.0 0.0 0 20 87.0 L/2 0.02 0.011 1 50 87.0 1.0L 0.078 0.092 8 94 87.0 1.5L 0.059 0.103 9 144 87.0 L/5 0.0 0.0 0 20 37.0 L/2 0.0 0.0 0 51 37.0 1.0L 0.049 0.135 5 97 37.0 1.5L 0.07 0.243 9 119 37.0
3fymA L/5 0.5 0.167 8 8 48.0 L/2 0.439 0.375 18 23 48.0 1.0L 0.28 0.479 23 59 48.0 1.5L 0.211 0.542 26 97 48.0 L/5 0.25 0.571 4 12 7.0 L/2 0.146 0.857 6 35 7.0 1.0L 0.127 1.0 7 48 7.0 1.5L 0.127 1.0 7 48 7.0
2gu3A L/5 1.0 0.455 25 0 55.0 L/2 0.984 1.145 63 1 55.0 1.0L 0.797 1.855 102 26 55.0 1.5L 0.594 2.073 114 78 55.0 L/5 1.0 0.191 25 0 131.0 L/2 0.984 0.481 63 1 131.0 1.0L 0.758 0.74 97 31 131.0 1.5L 0.685 0.763 100 46 131.0
2cokA L/5 0.864 0.156 19 3 122.0 L/2 0.732 0.336 41 15 122.0 1.0L 0.513 0.475 58 55 122.0 1.5L 0.391 0.541 66 103 122.0 L/5 0.5 0.204 11 11 54.0 L/2 0.196 0.204 11 45 54.0 1.0L 0.148 0.222 12 69 54.0 1.5L 0.148 0.222 12 69 54.0
3ndqA L/5 0.368 0.109 7 12 64.0 L/2 0.208 0.156 10 38 64.0 1.0L 0.175 0.266 17 80 64.0 1.5L 0.145 0.328 21 124 64.0 L/5 0.105 0.083 2 17 24.0 L/2 0.083 0.167 4 44 24.0 1.0L 0.075 0.25 6 74 24.0 1.5L 0.075 0.25 6 74 24.0
