2kjpA L/5 0.722 0.295 13 5 44.0 L/2 0.489 0.5 22 23 44.0 1.0L 0.275 0.568 25 66 44.0 1.5L 0.25 0.568 25 75 44.0 L/5 0.778 0.304 14 4 46.0 L/2 0.711 0.696 32 13 46.0 1.0L 0.402 0.717 33 49 46.0 1.5L 0.402 0.717 33 49 46.0
1se7A L/5 0.5 0.157 8 8 51.0 L/2 0.317 0.255 13 28 51.0 1.0L 0.193 0.314 16 67 51.0 1.5L 0.16 0.333 17 89 51.0 L/5 0.188 0.188 3 13 16.0 L/2 0.098 0.25 4 37 16.0 1.0L 0.083 0.313 5 55 16.0 1.5L 0.083 0.313 5 55 16.0
1couA L/5 0.647 0.095 11 6 116.0 L/2 0.452 0.164 19 23 116.0 1.0L 0.271 0.198 23 62 116.0 1.5L 0.245 0.198 23 71 116.0 L/5 0.235 0.16 4 13 25.0 L/2 0.095 0.16 4 38 25.0 1.0L 0.092 0.28 7 69 25.0 1.5L 0.092 0.28 7 69 25.0
2xuvA L/5 0.308 0.108 4 9 37.0 L/2 0.176 0.162 6 28 37.0 1.0L 0.125 0.216 8 56 37.0 1.5L 0.125 0.216 8 56 37.0 L/5 0.077 0.143 1 12 7.0 L/2 0.059 0.286 2 32 7.0 1.0L 0.043 0.429 3 66 7.0 1.5L 0.041 0.429 3 71 7.0
2da4A L/5 0.063 0.05 1 15 20.0 L/2 0.05 0.1 2 38 20.0 1.0L 0.075 0.3 6 74 20.0 1.5L 0.052 0.3 6 109 20.0 L/5 0.375 0.75 6 10 8.0 L/2 0.15 0.75 6 34 8.0 1.0L 0.133 0.75 6 39 8.0 1.5L 0.133 0.75 6 39 8.0
1luzA L/5 0.824 0.173 14 3 81.0 L/2 0.619 0.321 26 16 81.0 1.0L 0.365 0.383 31 54 81.0 1.5L 0.313 0.383 31 68 81.0 L/5 0.765 0.283 13 4 46.0 L/2 0.643 0.587 27 15 46.0 1.0L 0.465 0.717 33 38 46.0 1.5L 0.465 0.717 33 38 46.0
1u9dA L/5 0.625 0.119 15 9 126.0 L/2 0.426 0.206 26 35 126.0 1.0L 0.344 0.333 42 80 126.0 1.5L 0.281 0.381 48 123 126.0 L/5 0.125 0.5 3 21 6.0 L/2 0.098 1.0 6 55 6.0 1.0L 0.082 1.0 6 67 6.0 1.5L 0.082 1.0 6 67 6.0
2lqlA L/5 0.0 0.0 0 16 27.0 L/2 0.0 0.0 0 41 27.0 1.0L 0.012 0.037 1 82 27.0 1.5L 0.009 0.037 1 109 27.0 L/5 0.063 0.071 1 15 14.0 L/2 0.073 0.214 3 38 14.0 1.0L 0.054 0.214 3 53 14.0 1.5L 0.054 0.214 3 53 14.0
3sxuB L/5 0.7 0.189 14 6 74.0 L/2 0.51 0.351 26 25 74.0 1.0L 0.363 0.5 37 65 74.0 1.5L 0.28 0.541 40 103 74.0 L/5 0.4 0.148 8 12 54.0 L/2 0.275 0.259 14 37 54.0 1.0L 0.262 0.296 16 45 54.0 1.5L 0.262 0.296 16 45 54.0
2lc0A L/5 0.308 0.047 8 18 170.0 L/2 0.242 0.094 16 50 170.0 1.0L 0.205 0.159 27 105 170.0 1.5L 0.174 0.176 30 142 170.0 L/5 0.038 0.063 1 25 16.0 L/2 0.045 0.188 3 63 16.0 1.0L 0.054 0.313 5 87 16.0 1.5L 0.054 0.313 5 87 16.0
2z59A L/5 0.19 0.065 4 17 62.0 L/2 0.093 0.081 5 49 62.0 1.0L 0.083 0.081 5 55 62.0 1.5L 0.083 0.081 5 55 62.0 L/5 1.0 0.216 21 0 97.0 L/2 0.704 0.392 38 16 97.0 1.0L 0.505 0.567 55 54 97.0 1.5L 0.405 0.66 64 94 97.0
3g21A L/5 0.267 0.143 4 11 28.0 L/2 0.158 0.214 6 32 28.0 1.0L 0.091 0.25 7 70 28.0 1.5L 0.084 0.25 7 76 28.0 L/5 0.333 0.238 5 10 21.0 L/2 0.158 0.286 6 32 21.0 1.0L 0.085 0.286 6 65 21.0 1.5L 0.085 0.286 6 65 21.0
1bnoA L/5 0.471 0.25 8 9 32.0 L/2 0.256 0.344 11 32 32.0 1.0L 0.149 0.406 13 74 32.0 1.5L 0.126 0.406 13 90 32.0 L/5 0.647 0.333 11 6 33.0 L/2 0.442 0.576 19 24 33.0 1.0L 0.296 0.636 21 50 33.0 1.5L 0.296 0.636 21 50 33.0
1ywyA L/5 0.071 0.023 1 13 44.0 L/2 0.135 0.114 5 32 44.0 1.0L 0.088 0.114 5 52 44.0 1.5L 0.088 0.114 5 52 44.0 L/5 0.571 0.229 8 6 35.0 L/2 0.432 0.457 16 21 35.0 1.0L 0.27 0.571 20 54 35.0 1.5L 0.242 0.629 22 69 35.0
2fzpA L/5 0.231 0.043 6 20 141.0 L/2 0.104 0.05 7 60 141.0 1.0L 0.086 0.064 9 96 141.0 1.5L 0.086 0.064 9 96 141.0 L/5 0.5 0.302 13 13 43.0 L/2 0.313 0.488 21 46 43.0 1.0L 0.201 0.628 27 107 43.0 1.5L 0.172 0.651 28 135 43.0
2lz0A L/5 0.6 0.126 12 8 95.0 L/2 0.44 0.232 22 28 95.0 1.0L 0.349 0.316 30 56 95.0 1.5L 0.349 0.316 30 56 95.0 L/5 0.7 0.133 14 6 105.0 L/2 0.68 0.324 34 16 105.0 1.0L 0.41 0.39 41 59 105.0 1.5L 0.368 0.4 42 72 105.0
2dirA L/5 0.789 0.181 15 4 83.0 L/2 0.633 0.373 31 18 83.0 1.0L 0.5 0.59 49 49 83.0 1.5L 0.354 0.627 52 95 83.0 L/5 0.684 0.565 13 6 23.0 L/2 0.426 0.87 20 27 23.0 1.0L 0.426 0.87 20 27 23.0 1.5L 0.426 0.87 20 27 23.0
3t7lA L/5 0.429 0.113 6 8 53.0 L/2 0.459 0.321 17 20 53.0 1.0L 0.31 0.415 22 49 53.0 1.5L 0.31 0.415 22 49 53.0 L/5 0.5 0.149 7 7 47.0 L/2 0.351 0.277 13 24 47.0 1.0L 0.324 0.511 24 50 47.0 1.5L 0.325 0.532 25 52 47.0
1yr1A L/5 0.696 0.136 16 7 118.0 L/2 0.525 0.263 31 28 118.0 1.0L 0.325 0.314 37 77 118.0 1.5L 0.325 0.314 37 77 118.0 L/5 0.913 0.309 21 2 68.0 L/2 0.61 0.529 36 23 68.0 1.0L 0.437 0.765 52 67 68.0 1.5L 0.419 0.765 52 72 68.0
1wi9A L/5 0.571 0.421 8 6 19.0 L/2 0.417 0.789 15 21 19.0 1.0L 0.222 0.842 16 56 19.0 1.5L 0.18 0.842 16 73 19.0 L/5 0.214 1.0 3 11 3.0 L/2 0.083 1.0 3 33 3.0 1.0L 0.055 1.0 3 52 3.0 1.5L 0.055 1.0 3 52 3.0
3rfeA L/5 0.87 0.18 20 3 111.0 L/2 0.644 0.342 38 21 111.0 1.0L 0.563 0.36 40 31 111.0 1.5L 0.563 0.36 40 31 111.0 L/5 0.652 0.14 15 8 107.0 L/2 0.627 0.346 37 22 107.0 1.0L 0.378 0.421 45 74 107.0 1.5L 0.281 0.439 47 120 107.0
2ko2A L/5 0.0 0.0 0 13 32.0 L/2 0.0 0.0 0 33 32.0 1.0L 0.032 0.063 2 61 32.0 1.5L 0.032 0.063 2 61 32.0 L/5 0.0 0.0 0 13 6.0 L/2 0.0 0.0 0 33 6.0 1.0L 0.03 0.333 2 65 6.0 1.5L 0.028 0.333 2 69 6.0
3a38A L/5 0.375 0.069 6 10 87.0 L/2 0.293 0.138 12 29 87.0 1.0L 0.19 0.172 15 64 87.0 1.5L 0.19 0.172 15 64 87.0 L/5 0.063 0.059 1 15 17.0 L/2 0.122 0.294 5 36 17.0 1.0L 0.084 0.412 7 76 17.0 1.5L 0.08 0.412 7 80 17.0
3glvA L/5 0.542 0.088 13 11 148.0 L/2 0.639 0.264 39 22 148.0 1.0L 0.598 0.493 73 49 148.0 1.5L 0.484 0.595 88 94 148.0 L/5 0.458 0.423 11 13 26.0 L/2 0.246 0.577 15 46 26.0 1.0L 0.242 0.577 15 47 26.0 1.5L 0.242 0.577 15 47 26.0
1a1xA L/5 0.143 0.045 3 18 67.0 L/2 0.075 0.06 4 49 67.0 1.0L 0.054 0.06 4 70 67.0 1.5L 0.054 0.06 4 70 67.0 L/5 0.667 0.241 14 7 58.0 L/2 0.472 0.431 25 28 58.0 1.0L 0.255 0.466 27 79 58.0 1.5L 0.203 0.483 28 110 58.0
2krkA L/5 0.765 0.255 13 4 51.0 L/2 0.558 0.471 24 19 51.0 1.0L 0.384 0.647 33 53 51.0 1.5L 0.303 0.647 33 76 51.0 L/5 0.882 0.6 15 2 25.0 L/2 0.465 0.8 20 23 25.0 1.0L 0.317 0.8 20 43 25.0 1.5L 0.317 0.8 20 43 25.0
3r87A L/5 0.769 0.133 20 6 150.0 L/2 0.742 0.327 49 17 150.0 1.0L 0.583 0.513 77 55 150.0 1.5L 0.424 0.54 81 110 150.0 L/5 0.885 0.451 23 3 51.0 L/2 0.591 0.765 39 27 51.0 1.0L 0.534 0.765 39 34 51.0 1.5L 0.534 0.765 39 34 51.0
2vlqB L/5 0.192 0.037 5 21 135.0 L/2 0.194 0.096 13 54 135.0 1.0L 0.135 0.104 14 90 135.0 1.5L 0.135 0.104 14 90 135.0 L/5 0.654 0.25 17 9 68.0 L/2 0.418 0.412 28 39 68.0 1.0L 0.239 0.471 32 102 68.0 1.5L 0.201 0.485 33 131 68.0
3lyyA L/5 0.75 0.153 15 5 98.0 L/2 0.471 0.245 24 27 98.0 1.0L 0.294 0.306 30 72 98.0 1.5L 0.263 0.316 31 87 98.0 L/5 0.8 0.203 16 4 79.0 L/2 0.627 0.405 32 19 79.0 1.0L 0.488 0.532 42 44 79.0 1.5L 0.488 0.532 42 44 79.0
2npbA L/5 0.353 0.075 6 11 80.0 L/2 0.364 0.2 16 28 80.0 1.0L 0.341 0.375 30 58 80.0 1.5L 0.278 0.375 30 78 80.0 L/5 0.412 0.636 7 10 11.0 L/2 0.227 0.909 10 34 11.0 1.0L 0.147 0.909 10 58 11.0 1.5L 0.147 0.909 10 58 11.0
2k4nA L/5 0.318 0.103 7 15 68.0 L/2 0.182 0.147 10 45 68.0 1.0L 0.133 0.147 10 65 68.0 1.5L 0.133 0.147 10 65 68.0 L/5 0.5 0.297 11 11 37.0 L/2 0.345 0.514 19 36 37.0 1.0L 0.189 0.568 21 90 37.0 1.5L 0.143 0.568 21 126 37.0
2klqA L/5 0.182 0.08 4 18 50.0 L/2 0.228 0.26 13 44 50.0 1.0L 0.132 0.3 15 99 50.0 1.5L 0.097 0.3 15 140 50.0 L/5 0.227 0.167 5 17 30.0 L/2 0.193 0.367 11 46 30.0 1.0L 0.151 0.367 11 62 30.0 1.5L 0.151 0.367 11 62 30.0
1gh8A L/5 0.765 0.101 13 4 129.0 L/2 0.591 0.202 26 18 129.0 1.0L 0.449 0.31 40 49 129.0 1.5L 0.353 0.364 47 86 129.0 L/5 0.765 0.52 13 4 25.0 L/2 0.548 0.92 23 19 25.0 1.0L 0.548 0.92 23 19 25.0 1.5L 0.548 0.92 23 19 25.0
2lwxA L/5 0.882 0.294 15 2 51.0 L/2 0.659 0.569 29 15 51.0 1.0L 0.409 0.706 36 52 51.0 1.5L 0.33 0.706 36 73 51.0 L/5 0.529 0.474 9 8 19.0 L/2 0.273 0.632 12 32 19.0 1.0L 0.194 0.684 13 54 19.0 1.5L 0.194 0.684 13 54 19.0
1fadA L/5 0.316 0.105 6 13 57.0 L/2 0.234 0.193 11 36 57.0 1.0L 0.189 0.316 18 77 57.0 1.5L 0.156 0.368 21 114 57.0 L/5 0.263 0.455 5 14 11.0 L/2 0.149 0.636 7 40 11.0 1.0L 0.127 0.636 7 48 11.0 1.5L 0.127 0.636 7 48 11.0
2l76A L/5 0.632 0.152 12 7 79.0 L/2 0.489 0.291 23 24 79.0 1.0L 0.284 0.342 27 68 79.0 1.5L 0.261 0.367 29 82 79.0 L/5 0.526 0.333 10 9 30.0 L/2 0.383 0.6 18 29 30.0 1.0L 0.253 0.667 20 59 30.0 1.5L 0.253 0.667 20 59 30.0
2di7A L/5 0.333 0.076 8 16 105.0 L/2 0.258 0.152 16 46 105.0 1.0L 0.152 0.162 17 95 105.0 1.5L 0.152 0.162 17 95 105.0 L/5 0.458 0.186 11 13 59.0 L/2 0.339 0.356 21 41 59.0 1.0L 0.25 0.525 31 93 59.0 1.5L 0.228 0.525 31 105 59.0
2lw6A L/5 0.313 0.077 5 11 65.0 L/2 0.15 0.092 6 34 65.0 1.0L 0.15 0.092 6 34 65.0 1.5L 0.15 0.092 6 34 65.0 L/5 0.688 0.147 11 5 75.0 L/2 0.55 0.293 22 18 75.0 1.0L 0.388 0.413 31 49 75.0 1.5L 0.292 0.467 35 85 75.0
3goeA L/5 0.438 0.103 7 9 68.0 L/2 0.375 0.221 15 25 68.0 1.0L 0.2 0.235 16 64 68.0 1.5L 0.178 0.235 16 74 68.0 L/5 0.75 0.343 12 4 35.0 L/2 0.5 0.571 20 20 35.0 1.0L 0.343 0.686 24 46 35.0 1.5L 0.343 0.686 24 46 35.0
1ucrA L/5 0.357 0.208 5 9 24.0 L/2 0.216 0.333 8 29 24.0 1.0L 0.162 0.5 12 62 24.0 1.5L 0.152 0.625 15 84 24.0 L/5 0.714 0.833 10 4 12.0 L/2 0.324 1.0 12 25 12.0 1.0L 0.245 1.0 12 37 12.0 1.5L 0.245 1.0 12 37 12.0
2kcnA L/5 0.909 0.185 10 1 54.0 L/2 0.778 0.389 21 6 54.0 1.0L 0.491 0.5 27 28 54.0 1.5L 0.458 0.5 27 32 54.0 L/5 0.818 0.346 9 2 26.0 L/2 0.407 0.423 11 16 26.0 1.0L 0.216 0.423 11 40 26.0 1.5L 0.216 0.423 11 40 26.0
1earA L/5 0.679 0.102 19 9 186.0 L/2 0.408 0.156 29 42 186.0 1.0L 0.282 0.167 31 79 186.0 1.5L 0.282 0.167 31 79 186.0 L/5 0.607 0.386 17 11 44.0 L/2 0.338 0.545 24 47 44.0 1.0L 0.19 0.614 27 115 44.0 1.5L 0.167 0.659 29 145 44.0
2jn9A L/5 0.667 0.118 14 7 119.0 L/2 0.481 0.21 25 27 119.0 1.0L 0.355 0.277 33 60 119.0 1.5L 0.355 0.277 33 60 119.0 L/5 0.524 0.229 11 10 48.0 L/2 0.288 0.313 15 37 48.0 1.0L 0.19 0.417 20 85 48.0 1.5L 0.179 0.438 21 96 48.0
2eqkA L/5 0.176 0.097 3 14 31.0 L/2 0.119 0.161 5 37 31.0 1.0L 0.113 0.258 8 63 31.0 1.5L 0.113 0.258 8 63 31.0 L/5 0.706 0.245 12 5 49.0 L/2 0.738 0.633 31 11 49.0 1.0L 0.447 0.776 38 47 49.0 1.5L 0.384 0.776 38 61 49.0
2xppA L/5 0.333 0.123 9 18 73.0 L/2 0.324 0.301 22 46 73.0 1.0L 0.219 0.411 30 107 73.0 1.5L 0.2 0.562 41 164 73.0 L/5 0.444 0.48 12 15 25.0 L/2 0.258 0.68 17 49 25.0 1.0L 0.258 0.68 17 49 25.0 1.5L 0.258 0.68 17 49 25.0
2ktaA L/5 0.071 0.067 1 13 15.0 L/2 0.162 0.4 6 31 15.0 1.0L 0.081 0.4 6 68 15.0 1.5L 0.063 0.4 6 90 15.0 L/5 0.143 0.5 2 12 4.0 L/2 0.081 0.75 3 34 4.0 1.0L 0.058 0.75 3 49 4.0 1.5L 0.058 0.75 3 49 4.0
2eapA L/5 0.278 0.094 5 13 53.0 L/2 0.178 0.151 8 37 53.0 1.0L 0.111 0.189 10 80 53.0 1.5L 0.097 0.189 10 93 53.0 L/5 0.5 0.281 9 9 32.0 L/2 0.311 0.438 14 31 32.0 1.0L 0.195 0.469 15 62 32.0 1.5L 0.195 0.469 15 62 32.0
1wpiA L/5 0.5 0.079 13 13 165.0 L/2 0.439 0.176 29 37 165.0 1.0L 0.286 0.23 38 95 165.0 1.5L 0.213 0.236 39 144 165.0 L/5 0.385 0.385 10 16 26.0 L/2 0.182 0.462 12 54 26.0 1.0L 0.145 0.462 12 71 26.0 1.5L 0.145 0.462 12 71 26.0
2k8oA L/5 0.167 0.025 2 10 81.0 L/2 0.133 0.049 4 26 81.0 1.0L 0.14 0.074 6 37 81.0 1.5L 0.14 0.074 6 37 81.0 L/5 0.0 0.0 0 12 8.0 L/2 0.0 0.0 0 30 8.0 1.0L 0.033 0.25 2 58 8.0 1.5L 0.026 0.25 2 75 8.0
2lfvA L/5 0.762 0.198 16 5 81.0 L/2 0.528 0.346 28 25 81.0 1.0L 0.292 0.383 31 75 81.0 1.5L 0.225 0.42 34 117 81.0 L/5 0.571 0.923 12 9 13.0 L/2 0.226 0.923 12 41 13.0 1.0L 0.197 0.923 12 49 13.0 1.5L 0.197 0.923 12 49 13.0
2jmlA L/5 0.438 0.25 7 9 28.0 L/2 0.35 0.5 14 26 28.0 1.0L 0.259 0.75 21 60 28.0 1.5L 0.202 0.786 22 87 28.0 L/5 0.188 0.3 3 13 10.0 L/2 0.175 0.7 7 33 10.0 1.0L 0.132 0.7 7 46 10.0 1.5L 0.132 0.7 7 46 10.0
1kn6A L/5 0.857 0.132 12 2 91.0 L/2 0.583 0.231 21 15 91.0 1.0L 0.411 0.33 30 43 91.0 1.5L 0.39 0.33 30 47 91.0 L/5 0.643 0.45 9 5 20.0 L/2 0.444 0.8 16 20 20.0 1.0L 0.261 0.9 18 51 20.0 1.5L 0.261 0.9 18 51 20.0
1g03A L/5 0.154 0.056 4 22 71.0 L/2 0.09 0.085 6 61 71.0 1.0L 0.075 0.141 10 124 71.0 1.5L 0.059 0.155 11 174 71.0 L/5 0.192 0.417 5 21 12.0 L/2 0.09 0.5 6 61 12.0 1.0L 0.084 0.583 7 76 12.0 1.5L 0.084 0.583 7 76 12.0
1eaqA L/5 0.042 0.006 1 23 161.0 L/2 0.048 0.019 3 59 161.0 1.0L 0.036 0.019 3 81 161.0 1.5L 0.036 0.019 3 81 161.0 L/5 0.375 0.099 9 15 91.0 L/2 0.29 0.198 18 44 91.0 1.0L 0.226 0.308 28 96 91.0 1.5L 0.195 0.352 32 132 91.0
2dy8A L/5 0.462 0.24 6 7 25.0 L/2 0.294 0.4 10 24 25.0 1.0L 0.164 0.44 11 56 25.0 1.5L 0.164 0.44 11 56 25.0 L/5 1.0 0.271 13 0 48.0 L/2 0.794 0.563 27 7 48.0 1.0L 0.493 0.708 34 35 48.0 1.5L 0.479 0.708 34 37 48.0
2l3bA L/5 0.077 0.014 2 24 138.0 L/2 0.108 0.051 7 58 138.0 1.0L 0.117 0.08 11 83 138.0 1.5L 0.117 0.08 11 83 138.0 L/5 0.538 0.194 14 12 72.0 L/2 0.4 0.361 26 39 72.0 1.0L 0.323 0.583 42 88 72.0 1.5L 0.271 0.625 45 121 72.0
1xn6A L/5 0.75 0.208 21 7 101.0 L/2 0.606 0.426 43 28 101.0 1.0L 0.329 0.465 47 96 101.0 1.5L 0.3 0.475 48 112 101.0 L/5 0.964 0.314 27 1 86.0 L/2 0.845 0.698 60 11 86.0 1.0L 0.571 0.837 72 54 86.0 1.5L 0.571 0.837 72 54 86.0
2lkgA L/5 0.071 0.047 2 26 43.0 L/2 0.071 0.116 5 65 43.0 1.0L 0.058 0.14 6 98 43.0 1.5L 0.058 0.14 6 98 43.0 L/5 0.0 0.0 0 28 5.0 L/2 0.029 0.4 2 68 5.0 1.0L 0.014 0.4 2 138 5.0 1.5L 0.011 0.4 2 174 5.0
3cptA L/5 0.087 0.031 2 21 65.0 L/2 0.051 0.046 3 56 65.0 1.0L 0.05 0.092 6 113 65.0 1.5L 0.046 0.092 6 125 65.0 L/5 0.739 0.279 17 6 61.0 L/2 0.525 0.508 31 28 61.0 1.0L 0.336 0.59 36 71 61.0 1.5L 0.336 0.59 36 71 61.0
3nzlA L/5 0.071 0.024 1 13 42.0 L/2 0.056 0.048 2 34 42.0 1.0L 0.055 0.095 4 69 42.0 1.5L 0.068 0.143 6 82 42.0 L/5 0.143 0.5 2 12 4.0 L/2 0.083 0.75 3 33 4.0 1.0L 0.052 0.75 3 55 4.0 1.5L 0.052 0.75 3 55 4.0
1qklA L/5 0.12 0.025 3 22 122.0 L/2 0.127 0.066 8 55 122.0 1.0L 0.094 0.098 12 115 122.0 1.5L 0.094 0.098 12 116 122.0 L/5 0.52 0.289 13 12 45.0 L/2 0.238 0.333 15 48 45.0 1.0L 0.143 0.4 18 108 45.0 1.5L 0.143 0.4 18 108 45.0
1nz9A L/5 0.545 0.3 6 5 20.0 L/2 0.276 0.4 8 21 20.0 1.0L 0.154 0.4 8 44 20.0 1.5L 0.154 0.4 8 44 20.0 L/5 0.818 0.176 9 2 51.0 L/2 0.897 0.51 26 3 51.0 1.0L 0.741 0.843 43 15 51.0 1.5L 0.672 0.843 43 21 51.0
2ai6A L/5 0.6 0.086 15 10 174.0 L/2 0.371 0.132 23 39 174.0 1.0L 0.315 0.167 29 63 174.0 1.5L 0.315 0.167 29 63 174.0 L/5 0.68 0.25 17 8 68.0 L/2 0.613 0.559 38 24 68.0 1.0L 0.4 0.735 50 75 68.0 1.5L 0.323 0.75 51 107 68.0
1s7iA L/5 0.417 0.068 10 14 147.0 L/2 0.387 0.163 24 38 147.0 1.0L 0.306 0.259 38 86 147.0 1.5L 0.261 0.313 46 130 147.0 L/5 0.5 0.545 12 12 22.0 L/2 0.21 0.591 13 49 22.0 1.0L 0.181 0.591 13 59 22.0 1.5L 0.181 0.591 13 59 22.0
2cwrA L/5 0.842 0.101 16 3 159.0 L/2 0.688 0.208 33 15 159.0 1.0L 0.462 0.264 42 49 159.0 1.5L 0.462 0.264 42 49 159.0 L/5 0.474 0.188 9 10 48.0 L/2 0.375 0.375 18 30 48.0 1.0L 0.237 0.479 23 74 48.0 1.5L 0.233 0.5 24 79 48.0
2v1nA L/5 0.182 0.061 4 18 66.0 L/2 0.2 0.167 11 44 66.0 1.0L 0.135 0.227 15 96 66.0 1.5L 0.134 0.242 16 103 66.0 L/5 0.545 0.545 12 10 22.0 L/2 0.345 0.864 19 36 22.0 1.0L 0.204 0.955 21 82 22.0 1.5L 0.204 0.955 21 82 22.0
2ltlA L/5 0.565 0.117 13 10 111.0 L/2 0.407 0.216 24 35 111.0 1.0L 0.244 0.261 29 90 111.0 1.5L 0.231 0.279 31 103 111.0 L/5 0.435 0.278 10 13 36.0 L/2 0.22 0.361 13 46 36.0 1.0L 0.183 0.528 19 85 36.0 1.5L 0.183 0.528 19 85 36.0
2jx0A L/5 0.269 0.067 7 19 104.0 L/2 0.354 0.221 23 42 104.0 1.0L 0.298 0.375 39 92 104.0 1.5L 0.245 0.462 48 148 104.0 L/5 0.385 0.455 10 16 22.0 L/2 0.231 0.682 15 50 22.0 1.0L 0.231 0.682 15 50 22.0 1.5L 0.231 0.682 15 50 22.0
1oo0A L/5 0.036 0.011 1 27 88.0 L/2 0.028 0.023 2 70 88.0 1.0L 0.023 0.034 3 129 88.0 1.5L 0.023 0.034 3 129 88.0 L/5 0.75 0.228 21 7 92.0 L/2 0.667 0.522 48 24 92.0 1.0L 0.396 0.62 57 87 92.0 1.5L 0.372 0.63 58 98 92.0
2k2bA L/5 0.182 0.034 4 18 117.0 L/2 0.127 0.06 7 48 117.0 1.0L 0.125 0.111 13 91 117.0 1.5L 0.125 0.111 13 91 117.0 L/5 0.0 0.0 0 22 35.0 L/2 0.0 0.0 0 55 35.0 1.0L 0.009 0.029 1 110 35.0 1.5L 0.008 0.029 1 117 35.0
2owaA L/5 0.44 0.118 11 14 93.0 L/2 0.313 0.215 20 44 93.0 1.0L 0.219 0.247 23 82 93.0 1.5L 0.219 0.247 23 82 93.0 L/5 0.36 0.22 9 16 41.0 L/2 0.25 0.39 16 48 41.0 1.0L 0.156 0.488 20 108 41.0 1.5L 0.146 0.537 22 129 41.0
1wijA L/5 0.04 0.018 1 24 55.0 L/2 0.032 0.036 2 61 55.0 1.0L 0.031 0.073 4 123 55.0 1.5L 0.029 0.073 4 134 55.0 L/5 0.2 0.217 5 20 23.0 L/2 0.127 0.348 8 55 23.0 1.0L 0.078 0.391 9 107 23.0 1.5L 0.078 0.391 9 107 23.0
1lmiA L/5 0.231 0.03 6 20 201.0 L/2 0.185 0.06 12 53 201.0 1.0L 0.221 0.144 29 102 201.0 1.5L 0.213 0.144 29 107 201.0 L/5 0.654 0.212 17 9 80.0 L/2 0.369 0.3 24 41 80.0 1.0L 0.246 0.388 31 95 80.0 1.5L 0.246 0.388 31 95 80.0
1xc5A L/5 0.077 0.036 1 12 28.0 L/2 0.059 0.071 2 32 28.0 1.0L 0.088 0.214 6 62 28.0 1.5L 0.078 0.214 6 71 28.0 L/5 0.154 0.4 2 11 5.0 L/2 0.088 0.6 3 31 5.0 1.0L 0.068 0.8 4 55 5.0 1.5L 0.068 0.8 4 55 5.0
1ezgA L/5 0 0 0 0 0 L/2 0 0 0 0 0 1.0L 0 0 0 0 0 1.5L 0 0 0 0 0 L/5 0.563 0.057 9 7 158.0 L/2 0.537 0.139 22 19 158.0 1.0L 0.366 0.19 30 52 158.0 1.5L 0.392 0.253 40 62 158.0
2p9xA L/5 0.158 0.081 3 16 37.0 L/2 0.204 0.27 10 39 37.0 1.0L 0.112 0.297 11 87 37.0 1.5L 0.093 0.324 12 117 37.0 L/5 0.211 0.308 4 15 13.0 L/2 0.122 0.462 6 43 13.0 1.0L 0.119 0.615 8 59 13.0 1.5L 0.119 0.615 8 59 13.0
1r26A L/5 0.818 0.145 18 4 124.0 L/2 0.679 0.306 38 18 124.0 1.0L 0.628 0.573 71 42 124.0 1.5L 0.515 0.702 87 82 124.0 L/5 0.273 0.353 6 16 17.0 L/2 0.264 0.824 14 39 17.0 1.0L 0.264 0.824 14 39 17.0 1.5L 0.264 0.824 14 39 17.0
1pucA L/5 0.05 0.036 1 19 28.0 L/2 0.04 0.071 2 48 28.0 1.0L 0.02 0.071 2 99 28.0 1.5L 0.023 0.107 3 126 28.0 L/5 0.55 0.44 11 9 25.0 L/2 0.3 0.6 15 35 25.0 1.0L 0.205 0.6 15 58 25.0 1.5L 0.205 0.6 15 58 25.0
2nqwA L/5 0.765 0.295 13 4 44.0 L/2 0.465 0.455 20 23 44.0 1.0L 0.287 0.568 25 62 44.0 1.5L 0.26 0.568 25 71 44.0 L/5 0.647 0.25 11 6 44.0 L/2 0.558 0.545 24 19 44.0 1.0L 0.359 0.636 28 50 44.0 1.5L 0.359 0.636 28 50 44.0
2ccqA L/5 0.632 0.154 12 7 78.0 L/2 0.429 0.269 21 28 78.0 1.0L 0.283 0.359 28 71 78.0 1.5L 0.246 0.397 31 95 78.0 L/5 0.053 0.071 1 18 14.0 L/2 0.061 0.214 3 46 14.0 1.0L 0.042 0.214 3 69 14.0 1.5L 0.042 0.214 3 69 14.0
2qycA L/5 0.8 0.128 16 4 125.0 L/2 0.686 0.28 35 16 125.0 1.0L 0.49 0.4 50 52 125.0 1.5L 0.405 0.496 62 91 125.0 L/5 0.9 0.581 18 2 31.0 L/2 0.5 0.742 23 23 31.0 1.0L 0.5 0.742 23 23 31.0 1.5L 0.5 0.742 23 23 31.0
2rhkA L/5 0.087 0.015 2 21 133.0 L/2 0.068 0.03 4 55 133.0 1.0L 0.059 0.053 7 112 133.0 1.5L 0.05 0.053 7 133 133.0 L/5 0.043 0.017 1 22 58.0 L/2 0.068 0.069 4 55 58.0 1.0L 0.061 0.103 6 92 58.0 1.5L 0.061 0.103 6 92 58.0
3ffyA L/5 0.591 0.092 13 9 141.0 L/2 0.554 0.22 31 25 141.0 1.0L 0.482 0.383 54 58 141.0 1.5L 0.374 0.433 61 102 141.0 L/5 0.545 0.324 12 10 37.0 L/2 0.25 0.378 14 42 37.0 1.0L 0.23 0.378 14 47 37.0 1.5L 0.23 0.378 14 47 37.0
2pspA L/5 0.619 0.117 13 8 111.0 L/2 0.302 0.144 16 37 111.0 1.0L 0.188 0.144 16 69 111.0 1.5L 0.188 0.144 16 69 111.0 L/5 0.476 0.357 10 11 28.0 L/2 0.302 0.571 16 37 28.0 1.0L 0.17 0.643 18 88 28.0 1.5L 0.15 0.679 19 108 28.0
2loeA L/5 0.28 0.05 7 18 140.0 L/2 0.19 0.086 12 51 140.0 1.0L 0.134 0.121 17 110 140.0 1.5L 0.128 0.121 17 116 140.0 L/5 0.04 0.016 1 24 61.0 L/2 0.048 0.049 3 60 61.0 1.0L 0.066 0.131 8 113 61.0 1.5L 0.066 0.131 8 113 61.0
1pcnA L/5 0.278 0.076 5 13 66.0 L/2 0.196 0.136 9 37 66.0 1.0L 0.169 0.197 13 64 66.0 1.5L 0.169 0.197 13 64 66.0 L/5 0.167 0.033 3 15 92.0 L/2 0.152 0.076 7 39 92.0 1.0L 0.151 0.152 14 79 92.0 1.5L 0.156 0.185 17 92 92.0
2lq7A L/5 0.421 0.093 8 11 86.0 L/2 0.313 0.174 15 33 86.0 1.0L 0.175 0.198 17 80 86.0 1.5L 0.157 0.209 18 97 86.0 L/5 0.579 0.297 11 8 37.0 L/2 0.271 0.351 13 35 37.0 1.0L 0.19 0.405 15 64 37.0 1.5L 0.19 0.405 15 64 37.0
2khqA L/5 0.318 0.074 7 15 95.0 L/2 0.291 0.168 16 39 95.0 1.0L 0.291 0.337 32 78 95.0 1.5L 0.265 0.421 40 111 95.0 L/5 0.273 0.462 6 16 13.0 L/2 0.164 0.692 9 46 13.0 1.0L 0.13 0.692 9 60 13.0 1.5L 0.13 0.692 9 60 13.0
2kp6A L/5 0.067 0.018 1 14 56.0 L/2 0.051 0.036 2 37 56.0 1.0L 0.051 0.071 4 75 56.0 1.5L 0.069 0.125 7 94 56.0 L/5 0.267 0.235 4 11 17.0 L/2 0.256 0.588 10 29 17.0 1.0L 0.175 0.588 10 47 17.0 1.5L 0.175 0.588 10 47 17.0
1uj8A L/5 0.429 0.122 6 8 49.0 L/2 0.333 0.245 12 24 49.0 1.0L 0.205 0.306 15 58 49.0 1.5L 0.215 0.347 17 62 49.0 L/5 0.0 0.0 0 14 13.0 L/2 0.0 0.0 0 36 13.0 1.0L 0.015 0.077 1 66 13.0 1.5L 0.015 0.077 1 66 13.0
3ldcA L/5 0.438 0.2 7 9 35.0 L/2 0.293 0.343 12 29 35.0 1.0L 0.183 0.429 15 67 35.0 1.5L 0.149 0.429 15 86 35.0 L/5 0.563 0.529 9 7 17.0 L/2 0.293 0.706 12 29 17.0 1.0L 0.206 0.765 13 50 17.0 1.5L 0.206 0.765 13 50 17.0
2l3uA L/5 0.737 0.192 14 5 73.0 L/2 0.388 0.26 19 30 73.0 1.0L 0.24 0.315 23 73 73.0 1.5L 0.24 0.315 23 73 73.0 L/5 0.263 0.132 5 14 38.0 L/2 0.204 0.263 10 39 38.0 1.0L 0.153 0.395 15 83 38.0 1.5L 0.15 0.395 15 85 38.0
2h3jA L/5 0.867 0.173 13 2 75.0 L/2 0.676 0.333 25 12 75.0 1.0L 0.453 0.453 34 41 75.0 1.5L 0.351 0.453 34 63 75.0 L/5 0.667 0.323 10 5 31.0 L/2 0.514 0.613 19 18 31.0 1.0L 0.358 0.613 19 34 31.0 1.5L 0.358 0.613 19 34 31.0
2e7mA L/5 0.636 0.1 14 8 140.0 L/2 0.482 0.193 27 29 140.0 1.0L 0.315 0.207 29 63 140.0 1.5L 0.315 0.207 29 63 140.0 L/5 0.5 0.159 11 11 69.0 L/2 0.518 0.42 29 27 69.0 1.0L 0.354 0.58 40 73 69.0 1.5L 0.299 0.58 40 94 69.0
1c7kA L/5 0.654 0.11 17 9 155.0 L/2 0.318 0.135 21 45 155.0 1.0L 0.288 0.135 21 52 155.0 1.5L 0.288 0.135 21 52 155.0 L/5 0.308 0.1 8 18 80.0 L/2 0.242 0.2 16 50 80.0 1.0L 0.174 0.287 23 109 80.0 1.5L 0.162 0.388 31 160 80.0
2f9hA L/5 0.25 0.031 6 18 194.0 L/2 0.2 0.062 12 48 194.0 1.0L 0.182 0.113 22 99 194.0 1.5L 0.176 0.113 22 103 194.0 L/5 0.75 0.217 18 6 83.0 L/2 0.5 0.361 30 30 83.0 1.0L 0.393 0.554 46 71 83.0 1.5L 0.393 0.554 46 71 83.0
2cxyA L/5 0.227 0.122 5 17 41.0 L/2 0.158 0.22 9 48 41.0 1.0L 0.123 0.341 14 100 41.0 1.5L 0.095 0.366 15 143 41.0 L/5 0.364 0.615 8 14 13.0 L/2 0.158 0.692 9 48 13.0 1.0L 0.129 0.692 9 61 13.0 1.5L 0.129 0.692 9 61 13.0
3ov5A L/5 0.125 0.034 2 14 59.0 L/2 0.195 0.136 8 33 59.0 1.0L 0.145 0.203 12 71 59.0 1.5L 0.138 0.22 13 81 59.0 L/5 0.438 0.226 7 9 31.0 L/2 0.22 0.29 9 32 31.0 1.0L 0.139 0.323 10 62 31.0 1.5L 0.139 0.323 10 62 31.0
4gioA L/5 0.105 0.014 2 17 144.0 L/2 0.208 0.069 10 38 144.0 1.0L 0.156 0.104 15 81 144.0 1.5L 0.132 0.111 16 105 144.0 L/5 0.158 0.075 3 16 40.0 L/2 0.188 0.225 9 39 40.0 1.0L 0.169 0.3 12 59 40.0 1.5L 0.169 0.3 12 59 40.0
1wnaA L/5 0.16 0.027 4 21 146.0 L/2 0.079 0.034 5 58 146.0 1.0L 0.047 0.041 6 121 146.0 1.5L 0.045 0.041 6 126 146.0 L/5 0.4 0.161 10 15 62.0 L/2 0.381 0.387 24 39 62.0 1.0L 0.238 0.468 29 93 62.0 1.5L 0.238 0.468 29 93 62.0
2jspA L/5 0.176 0.111 3 14 27.0 L/2 0.209 0.333 9 34 27.0 1.0L 0.103 0.333 9 78 27.0 1.5L 0.098 0.333 9 83 27.0 L/5 0.353 0.286 6 11 21.0 L/2 0.14 0.286 6 37 21.0 1.0L 0.073 0.286 6 76 21.0 1.5L 0.073 0.286 6 76 21.0
2d58A L/5 0.524 0.344 11 10 32.0 L/2 0.208 0.344 11 42 32.0 1.0L 0.116 0.344 11 84 32.0 1.5L 0.116 0.344 11 84 32.0 L/5 0.429 0.429 9 12 21.0 L/2 0.264 0.667 14 39 21.0 1.0L 0.14 0.714 15 92 21.0 1.5L 0.143 0.81 17 102 21.0
1pa4A L/5 0.579 0.172 11 8 64.0 L/2 0.521 0.391 25 23 64.0 1.0L 0.385 0.578 37 59 64.0 1.5L 0.268 0.578 37 101 64.0 L/5 0.842 0.444 16 3 36.0 L/2 0.563 0.75 27 21 36.0 1.0L 0.5 0.75 27 27 36.0 1.5L 0.5 0.75 27 27 36.0
2o37A L/5 0.688 0.355 11 5 31.0 L/2 0.45 0.581 18 22 31.0 1.0L 0.235 0.613 19 62 31.0 1.5L 0.213 0.613 19 70 31.0 L/5 0.813 0.684 13 3 19.0 L/2 0.35 0.737 14 26 19.0 1.0L 0.233 0.895 17 56 19.0 1.5L 0.233 0.895 17 56 19.0
2z4dA L/5 0.053 0.02 1 18 51.0 L/2 0.021 0.02 1 47 51.0 1.0L 0.054 0.078 4 70 51.0 1.5L 0.054 0.078 4 70 51.0 L/5 0.947 0.175 18 1 103.0 L/2 0.708 0.33 34 14 103.0 1.0L 0.438 0.408 42 54 103.0 1.5L 0.381 0.437 45 73 103.0
1v66A L/5 0.692 0.36 9 4 25.0 L/2 0.406 0.52 13 19 25.0 1.0L 0.262 0.68 17 48 25.0 1.5L 0.243 0.68 17 53 25.0 L/5 0.308 0.333 4 9 12.0 L/2 0.281 0.75 9 23 12.0 1.0L 0.183 0.917 11 49 12.0 1.5L 0.183 0.917 11 49 12.0
3nswA L/5 0.048 0.008 1 20 133.0 L/2 0.113 0.045 6 47 133.0 1.0L 0.101 0.053 7 62 133.0 1.5L 0.101 0.053 7 62 133.0 L/5 0.667 0.226 14 7 62.0 L/2 0.491 0.419 26 27 62.0 1.0L 0.283 0.484 30 76 62.0 1.5L 0.21 0.484 30 113 62.0
1ijyA L/5 0.458 0.1 11 13 110.0 L/2 0.262 0.145 16 45 110.0 1.0L 0.185 0.2 22 97 110.0 1.5L 0.185 0.2 22 97 110.0 L/5 0.083 0.057 2 22 35.0 L/2 0.082 0.143 5 56 35.0 1.0L 0.09 0.314 11 111 35.0 1.5L 0.088 0.314 11 114 35.0
3mazA L/5 0.105 0.042 2 17 48.0 L/2 0.143 0.146 7 42 48.0 1.0L 0.136 0.188 9 57 48.0 1.5L 0.136 0.188 9 57 48.0 L/5 0.632 0.188 12 7 64.0 L/2 0.408 0.313 20 29 64.0 1.0L 0.293 0.453 29 70 64.0 1.5L 0.25 0.516 33 99 64.0
2hqsC L/5 0.714 0.097 15 6 154.0 L/2 0.736 0.253 39 14 154.0 1.0L 0.701 0.487 75 32 154.0 1.5L 0.55 0.571 88 72 154.0 L/5 0.667 0.452 14 7 31.0 L/2 0.408 0.645 20 29 31.0 1.0L 0.408 0.645 20 29 31.0 1.5L 0.408 0.645 20 29 31.0
3ushA L/5 0.522 0.079 12 11 151.0 L/2 0.424 0.166 25 34 151.0 1.0L 0.288 0.225 34 84 151.0 1.5L 0.256 0.225 34 99 151.0 L/5 0.261 0.146 6 17 41.0 L/2 0.153 0.22 9 50 41.0 1.0L 0.117 0.293 12 91 41.0 1.5L 0.117 0.293 12 91 41.0
3c9pA L/5 0.417 0.103 10 14 97.0 L/2 0.279 0.175 17 44 97.0 1.0L 0.189 0.237 23 99 97.0 1.5L 0.146 0.247 24 140 97.0 L/5 0.208 0.238 5 19 21.0 L/2 0.131 0.381 8 53 21.0 1.0L 0.1 0.381 8 72 21.0 1.5L 0.1 0.381 8 72 21.0
2olmA L/5 0.308 0.088 8 18 91.0 L/2 0.273 0.198 18 48 91.0 1.0L 0.193 0.231 21 88 91.0 1.5L 0.193 0.231 21 88 91.0 L/5 0.346 0.273 9 17 33.0 L/2 0.212 0.424 14 52 33.0 1.0L 0.128 0.515 17 116 33.0 1.5L 0.115 0.545 18 139 33.0
1zmaA L/5 0.609 0.101 14 9 138.0 L/2 0.627 0.268 37 22 138.0 1.0L 0.517 0.442 61 57 138.0 1.5L 0.425 0.514 71 96 138.0 L/5 0.217 0.294 5 18 17.0 L/2 0.186 0.647 11 48 17.0 1.0L 0.174 0.706 12 57 17.0 1.5L 0.174 0.706 12 57 17.0
1yd0A L/5 0.706 0.121 12 5 99.0 L/2 0.591 0.263 26 18 99.0 1.0L 0.416 0.374 37 52 99.0 1.5L 0.333 0.424 42 84 99.0 L/5 0.647 0.333 11 6 33.0 L/2 0.364 0.485 16 28 33.0 1.0L 0.327 0.515 17 35 33.0 1.5L 0.327 0.515 17 35 33.0
2lepA L/5 0.5 0.133 6 6 45.0 L/2 0.387 0.267 12 19 45.0 1.0L 0.349 0.489 22 41 45.0 1.5L 0.315 0.511 23 50 45.0 L/5 0.583 0.292 7 5 24.0 L/2 0.516 0.667 16 15 24.0 1.0L 0.321 0.708 17 36 24.0 1.5L 0.321 0.708 17 36 24.0
1kafA L/5 0.762 0.242 16 5 66.0 L/2 0.444 0.364 24 30 66.0 1.0L 0.365 0.409 27 47 66.0 1.5L 0.365 0.409 27 47 66.0 L/5 0.905 0.306 19 2 62.0 L/2 0.722 0.629 39 15 62.0 1.0L 0.435 0.758 47 61 62.0 1.5L 0.345 0.79 49 93 62.0
2dstA L/5 0.583 0.144 14 10 97.0 L/2 0.639 0.402 39 22 97.0 1.0L 0.41 0.515 50 72 97.0 1.5L 0.347 0.515 50 94 97.0 L/5 0.708 0.173 17 7 98.0 L/2 0.475 0.296 29 32 98.0 1.0L 0.42 0.429 42 58 98.0 1.5L 0.42 0.429 42 58 98.0
1t0yA L/5 0.833 0.142 15 3 106.0 L/2 0.844 0.358 38 7 106.0 1.0L 0.589 0.5 53 37 106.0 1.5L 0.474 0.509 54 60 106.0 L/5 0.778 0.378 14 4 37.0 L/2 0.378 0.459 17 28 37.0 1.0L 0.273 0.486 18 48 37.0 1.5L 0.273 0.486 18 48 37.0
2jobA L/5 0.1 0.036 2 18 56.0 L/2 0.078 0.071 4 47 56.0 1.0L 0.049 0.071 4 78 56.0 1.5L 0.049 0.071 4 78 56.0 L/5 0.3 0.081 6 14 74.0 L/2 0.314 0.216 16 35 74.0 1.0L 0.235 0.324 24 78 74.0 1.5L 0.23 0.378 28 94 74.0
2knjA L/5 0.389 0.096 7 11 73.0 L/2 0.333 0.205 15 30 73.0 1.0L 0.233 0.288 21 69 73.0 1.5L 0.185 0.342 25 110 73.0 L/5 0.167 0.125 3 15 24.0 L/2 0.121 0.167 4 29 24.0 1.0L 0.121 0.167 4 29 24.0 1.5L 0.121 0.167 4 29 24.0
2y78A L/5 0.958 0.137 23 1 168.0 L/2 0.852 0.31 52 9 168.0 1.0L 0.607 0.44 74 48 168.0 1.5L 0.514 0.452 76 72 168.0 L/5 0.75 0.353 18 6 51.0 L/2 0.426 0.51 26 35 51.0 1.0L 0.281 0.529 27 69 51.0 1.5L 0.281 0.529 27 69 51.0
2jw5A L/5 0.667 0.119 14 7 118.0 L/2 0.604 0.271 32 21 118.0 1.0L 0.509 0.458 54 52 118.0 1.5L 0.373 0.475 56 94 118.0 L/5 0.524 0.282 11 10 39.0 L/2 0.302 0.41 16 37 39.0 1.0L 0.258 0.41 16 46 39.0 1.5L 0.258 0.41 16 46 39.0
2kbiA L/5 0.526 0.323 10 9 31.0 L/2 0.292 0.452 14 34 31.0 1.0L 0.165 0.516 16 81 31.0 1.5L 0.163 0.516 16 82 31.0 L/5 0.421 0.444 8 11 18.0 L/2 0.25 0.667 12 36 18.0 1.0L 0.135 0.722 13 83 18.0 1.5L 0.135 0.722 13 83 18.0
2l5vA L/5 0.3 0.158 9 21 57.0 L/2 0.173 0.228 13 62 57.0 1.0L 0.107 0.281 16 134 57.0 1.5L 0.092 0.281 16 158 57.0 L/5 0.4 0.3 12 18 40.0 L/2 0.253 0.475 19 56 40.0 1.0L 0.159 0.5 20 106 40.0 1.5L 0.159 0.5 20 106 40.0
2wgoA L/5 0.0 0.0 0 19 70.0 L/2 0.0 0.0 0 49 70.0 1.0L 0.011 0.014 1 90 70.0 1.5L 0.011 0.014 1 90 70.0 L/5 0.737 0.203 14 5 69.0 L/2 0.551 0.391 27 22 69.0 1.0L 0.378 0.536 37 61 69.0 1.5L 0.352 0.536 37 68 69.0
2xfvA L/5 0.0 0.0 0 21 39.0 L/2 0.037 0.051 2 52 39.0 1.0L 0.046 0.128 5 103 39.0 1.5L 0.034 0.128 5 142 39.0 L/5 0.19 0.108 4 17 37.0 L/2 0.13 0.189 7 47 37.0 1.0L 0.101 0.189 7 62 37.0 1.5L 0.101 0.189 7 62 37.0
2kkxA L/5 0.1 0.023 2 18 87.0 L/2 0.098 0.057 5 46 87.0 1.0L 0.092 0.08 7 69 87.0 1.5L 0.092 0.08 7 69 87.0 L/5 0.0 0.0 0 20 37.0 L/2 0.0 0.0 0 51 37.0 1.0L 0.049 0.135 5 97 37.0 1.5L 0.07 0.243 9 119 37.0
3fymA L/5 0.563 0.188 9 7 48.0 L/2 0.366 0.313 15 26 48.0 1.0L 0.244 0.417 20 62 48.0 1.5L 0.193 0.438 21 88 48.0 L/5 0.25 0.571 4 12 7.0 L/2 0.146 0.857 6 35 7.0 1.0L 0.127 1.0 7 48 7.0 1.5L 0.127 1.0 7 48 7.0
2gu3A L/5 0.36 0.164 9 16 55.0 L/2 0.281 0.327 18 46 55.0 1.0L 0.191 0.382 21 89 55.0 1.5L 0.191 0.382 21 89 55.0 L/5 1.0 0.191 25 0 131.0 L/2 0.984 0.481 63 1 131.0 1.0L 0.758 0.74 97 31 131.0 1.5L 0.685 0.763 100 46 131.0
2cokA L/5 0.818 0.148 18 4 122.0 L/2 0.696 0.32 39 17 122.0 1.0L 0.487 0.451 55 58 122.0 1.5L 0.379 0.451 55 90 122.0 L/5 0.5 0.204 11 11 54.0 L/2 0.196 0.204 11 45 54.0 1.0L 0.148 0.222 12 69 54.0 1.5L 0.148 0.222 12 69 54.0
3ndqA L/5 0.368 0.109 7 12 64.0 L/2 0.25 0.188 12 36 64.0 1.0L 0.165 0.25 16 81 64.0 1.5L 0.149 0.266 17 97 64.0 L/5 0.105 0.083 2 17 24.0 L/2 0.083 0.167 4 44 24.0 1.0L 0.075 0.25 6 74 24.0 1.5L 0.075 0.25 6 74 24.0
