Tx812_20Perc_PSM 0.865384615385 0.892857142857 0.736842105263
Tx812_20Perc_PR 0.942307692308 0.892857142857 0.764381884945
Tx767_20Perc_PSM 0.880733944954 0.782857142857 0.781418581419
Tx767_20Perc_PR 0.862385321101 0.782857142857 0.749450549451
Tx808_20Perc_PSM 0.845238095238 0.733333333333 0.771340523883
Tx808_20Perc_PR 0.916666666667 0.733333333333 0.839753466872
GFP_20Perc_PSM 0.866666666667 0.75 0.841185185185
GFP_20Perc_PR 0.866666666667 0.75 0.842962962963
HSA_20Perc_PSM 0.734219269103 0.622406639004 0.714664070989
HSA_20Perc_PR 0.867109634551 0.622406639004 0.824576693227
GST_20Perc_PSM 0.700854700855 0.526595744681 0.780109090909
GST_20Perc_PR 0.717948717949 0.526595744681 0.780218181818
Tx781_20Perc_PSM 0.478260869565 0.418181818182 0.566168507689
Tx781_20Perc_PR 0.405797101449 0.418181818182 0.482347844921
MDP_20Perc_PSM 0.169491525424 0.148936170213 0.536602700782
MDP_20Perc_PR 0.169491525424 0.148936170213 0.530348258706
HSA_10Perc_PSM 0.83606557377 0.720512820513 0.670744509044
HSA_10Perc_PR 0.868852459016 0.720512820513 0.773457687339
HSA_50Perc_PSM 0.457256461233 0.371037911746 0.711427743377
HSA_50Perc_PR 0.539761431412 0.371037911746 0.789977873517