1.0 69 159 0.0 20.0 4.87571191788
0.888344497839 68 159 0.0 20.0 7.06401586533
0.874712964561 14 62 0.0 20.0 11.2082052231
0.728000665261 69 161 0.0 20.0 6.45702695847
0.708410639192 105 156 0.0 20.0 7.99711704254
0.687417297787 79 128 0.0 20.0 4.62457847595
0.676194825779 79 127 0.0 20.0 5.53120660782
0.672106171213 14 64 0.0 20.0 10.0027303696
0.596099521909 69 160 0.0 20.0 4.6487402916
0.580058406477 77 185 0.0 20.0 5.41824674606
0.568569040818 95 137 0.0 20.0 12.9079389572
0.538449115443 31 50 0.0 20.0 11.3224878311
0.520082400188 14 63 0.0 20.0 8.90486621857
0.51125995252 31 52 0.0 20.0 8.32999515533
0.502550599672 156 204 0.0 20.0 999.9
0.48673176988 14 66 0.0 20.0 10.6724290848
0.477600002119 95 136 0.0 20.0 14.1635770798
0.474344696369 77 184 0.0 20.0 5.75576448441
0.469161696148 14 65 0.0 20.0 8.45962905884
0.460534872062 33 46 0.0 20.0 9.0950050354
0.453546685269 105 157 0.0 20.0 8.14360618591
0.453231868605 62 159 0.0 20.0 17.0027141571
0.395469520986 31 54 0.0 20.0 13.0145425797
0.383210977241 33 47 0.0 20.0 9.79628753662
0.38211867298 66 159 0.0 20.0 12.0595159531
0.378686593197 14 188 0.0 20.0 999.9
0.376285751457 9 63 0.0 20.0 17.3557853699
0.372618918435 9 64 0.0 20.0 17.1459121704
0.367081830425 9 66 0.0 20.0 13.0597877502
0.367041487505 78 183 0.0 20.0 5.80733537674
0.355321460475 14 67 0.0 20.0 13.548204422
0.348319774853 185 204 0.0 20.0 999.9
0.34621001857 75 183 0.0 20.0 13.926281929
0.34262918064 67 159 0.0 20.0 9.57762622833
0.326471205049 158 204 0.0 20.0 999.9
0.323688849298 160 204 0.0 20.0 999.9
0.32177655022 95 135 0.0 20.0 15.1847658157
0.316657845418 31 47 0.0 20.0 13.1092472076
0.315130166635 186 204 0.0 20.0 999.9
0.314151713903 159 204 0.0 20.0 999.9
0.310556299305 137 159 0.0 20.0 17.7524871826
0.308601015189 166 204 0.0 20.0 999.9
0.305414425826 77 186 0.0 20.0 8.31457233429
0.300800896608 33 52 0.0 20.0 9.61170196533
0.299363310303 95 132 0.0 20.0 21.2818260193
0.299097740823 115 137 0.0 20.0 8.35178661346
0.296195150375 95 130 0.0 20.0 19.623468399
0.293578893446 79 185 0.0 20.0 8.54892635345
0.292037492757 69 189 0.0 20.0 999.9
0.291726220675 69 188 0.0 20.0 999.9
0.288527047143 45 59 0.0 20.0 13.4298152924
0.284630804705 69 166 0.0 20.0 19.1333847046
0.283118419144 69 162 0.0 20.0 9.41302394867
0.28282088869 105 159 0.0 20.0 8.44936466217
0.280855453839 31 53 0.0 20.0 10.8217735291
0.278293927354 79 135 0.0 20.0 15.4762067795
0.276325155329 14 181 0.0 20.0 12.5735654831
0.275533418229 77 128 0.0 20.0 6.24960756302
0.274601877421 95 131 0.0 20.0 20.6305713654
0.267199007004 165 204 0.0 20.0 999.9
0.267149141666 77 127 0.0 20.0 9.65371608734
0.265691281926 117 137 0.0 20.0 15.0399608612
0.265549800448 187 204 0.0 20.0 999.9
0.26478290575 33 56 0.0 20.0 14.8288631439
0.262108470794 161 204 0.0 20.0 999.9
0.258707951576 31 51 0.0 20.0 10.5434484482
0.254734358819 88 137 0.0 20.0 27.5621128082
0.253939518635 69 190 0.0 20.0 999.9
0.251325420747 30 53 0.0 20.0 11.6846837997
0.249542493518 30 42 0.0 20.0 15.9400892258
0.247606261243 95 139 0.0 20.0 12.4027328491
0.245047691229 18 39 0.0 20.0 9.33770751953
0.242915306604 118 137 0.0 20.0 17.3680324554
0.241687145469 95 127 0.0 20.0 16.5907058716
0.238522125283 14 186 0.0 20.0 15.7376966476
0.235130079926 65 159 0.0 20.0 13.8410139084
0.228445025837 107 155 0.0 20.0 16.0093288422
0.227544489779 90 137 0.0 20.0 22.3401088715
0.227179007056 14 58 0.0 20.0 22.5110301971
0.225738281785 16 69 0.0 20.0 22.0262470245
0.225522273806 18 45 0.0 20.0 15.354724884
0.224736997111 95 128 0.0 20.0 18.2566566467
0.223102427481 18 34 0.0 20.0 13.333899498
0.222825966208 32 54 0.0 20.0 15.6888074875
0.221704971734 118 138 0.0 20.0 19.9251461029
0.218482369315 9 185 0.0 20.0 6.09096384048
0.217820250318 33 186 0.0 20.0 31.757270813
0.216396641066 31 43 0.0 20.0 13.0250854492
0.209275646458 93 139 0.0 20.0 15.2020196915
0.205813632868 64 159 0.0 20.0 14.5844144821
0.199885251305 77 182 0.0 20.0 10.6313676834
0.199276881678 33 51 0.0 20.0 10.1140966415
0.198080154853 104 148 0.0 20.0 17.3659858704
0.196514572729 157 204 0.0 20.0 999.9
0.196434243045 140 169 0.0 20.0 19.0676460266
0.195288037933 30 54 0.0 20.0 12.9099397659
0.19446980234 94 137 0.0 20.0 16.0009269714
0.194434143548 95 133 0.0 20.0 19.5746746063
0.19314371965 30 50 0.0 20.0 13.5075426102
0.192696762193 14 182 0.0 20.0 10.8974466324
0.186427544108 94 139 0.0 20.0 15.5716409683
0.186223151033 140 163 0.0 20.0 16.8178958893
0.184532895006 74 184 0.0 20.0 10.1716547012
0.18133264478 78 132 0.0 20.0 10.4670696259
0.178173757147 79 133 0.0 20.0 16.1568965912
0.178124850882 30 51 0.0 20.0 12.1189374924
0.173566910132 90 136 0.0 20.0 22.5648593903
0.17310033192 104 150 0.0 20.0 13.7863836288
0.17280509286 118 139 0.0 20.0 18.9468250275
0.172144466741 32 48 0.0 20.0 9.70484733582
0.170151204605 71 183 0.0 20.0 15.760764122
0.165206984382 95 142 0.0 20.0 14.0940628052
0.164779329353 14 190 0.0 20.0 999.9
0.164374861938 91 137 0.0 20.0 21.7154750824
0.163974569835 95 129 0.0 20.0 16.9820194244
0.158567343375 139 162 0.0 20.0 14.5854616165
0.157958476522 77 133 0.0 20.0 11.9354763031
0.156085608602 40 59 0.0 20.0 19.1877727509
0.156001420641 9 62 0.0 20.0 17.6744365692
0.15368733513 155 204 0.0 20.0 999.9
0.153417578751 56 95 0.0 20.0 12.7041740417
0.153034772496 95 141 0.0 20.0 13.2621917725
0.151940363719 10 77 0.0 20.0 9.4065990448
0.149708166266 31 49 0.0 20.0 8.16505241394
0.148836998006 18 63 0.0 20.0 10.9417238235
0.146719856613 77 131 0.0 20.0 5.54429531097
0.144866366623 93 137 0.0 20.0 17.1129627228
0.14450665872 64 163 0.0 20.0 7.95382070541
0.142373939408 32 51 0.0 20.0 12.4263286591
0.141758873135 190 204 0.0 20.0 999.9
0.140962305101 18 38 0.0 20.0 9.40378475189
0.138431921554 43 59 0.0 20.0 12.6404066086
0.137759921675 69 165 0.0 20.0 16.6662921906
0.133611423012 96 137 0.0 20.0 12.0124855042
0.129750727615 14 187 0.0 20.0 18.7538108826
0.129304197985 95 138 0.0 20.0 14.2395553589
0.123571962387 30 52 0.0 20.0 9.23379993439
0.122612772241 18 47 0.0 20.0 20.2475090027
0.121818020495 77 183 0.0 20.0 8.05867385864
0.121479861954 93 136 0.0 20.0 18.2280769348
0.120858377951 90 142 0.0 20.0 23.8940563202
0.118062168508 9 78 0.0 20.0 12.205950737
0.115085311307 74 179 0.0 20.0 23.1431217194
0.114429547412 32 49 0.0 20.0 8.59586906433
0.113238604433 76 134 0.0 20.0 12.9315462112
0.111223858356 89 132 0.0 20.0 29.7661247253
0.108818361803 120 139 0.0 20.0 25.1902217865
0.102667793403 31 45 0.0 20.0 11.7022562027
0.101020984822 89 137 0.0 20.0 25.0476226807
0.100572672972 1 142 0.0 20.0 999.9
0.098065719049 139 165 0.0 20.0 12.7283658981
0.0943270541153 139 166 0.0 20.0 14.2851705551
0.0937425567255 1 190 0.0 20.0 999.9
0.0936838236333 77 181 0.0 20.0 12.6463565826
0.0934952756876 18 51 0.0 20.0 23.3723983765
0.0903531407595 79 186 0.0 20.0 12.1615142822
0.0875717437396 66 194 0.0 20.0 999.9
0.0848870219152 18 41 0.0 20.0 8.86379814148
0.0818475515515 61 198 0.0 20.0 999.9
0.0797278136129 41 59 0.0 20.0 15.6300649643
0.0727426441071 12 76 0.0 20.0 13.6640729904
0.070449747731 128 167 0.0 20.0 13.6725940704
0.0685174652959 44 69 0.0 20.0 29.3079013824
0.0670694367578 78 134 0.0 20.0 14.5068206787
0.0634676489057 7 61 0.0 20.0 23.8552532196
0.0620308803048 74 119 0.0 20.0 25.837020874
0.0418281929234 150 186 0.0 20.0 20.844373703
