131 158 0 20 1.0
41 69 0 20 0.962656843273
130 157 0 20 0.951897516725
131 157 0 20 0.944567491609
149 195 0 20 0.93172581314
131 134 0 20 0.91577082547
127 157 0 20 0.913646551515
127 158 0 20 0.908757652377
13 158 0 20 0.899634589008
13 157 0 20 0.894858683077
13 132 0 20 0.884830352765
132 135 0 20 0.874835596981
130 158 0 20 0.87371371427
44 69 0 20 0.868971687943
148 195 0 20 0.864135089795
129 158 0 20 0.859798815045
40 69 0 20 0.858349517486
128 157 0 20 0.83763118521
95 201 0 20 0.831034305063
14 158 0 20 0.822479535593
131 133 0 20 0.817791669217
336 440 0 20 0.808781307999
491 536 0 20 0.801108417616
15 158 0 20 0.79927302098
1 7 0 20 0.795539728659
252 258 0 20 0.79548825822
203 347 0 20 0.791556224314
5 8 0 20 0.788949594286
205 347 0 20 0.785859711275
207 347 0 20 0.783055010587
337 440 0 20 0.780064730743
9 158 0 20 0.770028035944
204 208 0 20 0.768813369676
229 259 0 20 0.755101887758
186 421 0 20 0.753134831994
206 347 0 20 0.752967725163
38 69 0 20 0.750956234437
132 157 0 20 0.74485820792
421 428 0 20 0.741459129196
7 158 0 20 0.735134677581
188 195 0 20 0.731163464107
151 195 0 20 0.727236914811
42 69 0 20 0.726302860901
12 158 0 20 0.724349288945
410 488 0 20 0.724333474596
186 195 0 20 0.723826067163
89 96 0 20 0.721470858958
185 195 0 20 0.720077423795
13 155 0 20 0.712117424035
208 228 0 20 0.712045888947
121 158 0 20 0.711013842013
491 534 0 20 0.709147687274
123 158 0 20 0.7066804028
235 237 0 20 0.705467194179
9 157 0 20 0.70531344971
10 158 0 20 0.704893624725
150 195 0 20 0.704836290978
536 538 0 20 0.704265593587
190 195 0 20 0.701429228838
128 158 0 20 0.701301387767
187 195 0 20 0.700270854297
235 238 0 20 0.698971410188
89 95 0 20 0.696794936608
185 423 0 20 0.692168849133
191 210 0 20 0.691556046476
39 69 0 20 0.690890057761
201 206 0 20 0.69059870221
185 188 0 20 0.687860325926
10 157 0 20 0.687125560402
34 134 0 20 0.686636770577
125 155 0 20 0.685561385033
334 374 0 20 0.685324109255
155 158 0 20 0.682061378046
12 155 0 20 0.677060278974
15 132 0 20 0.672869028267
15 155 0 20 0.672596592213
521 552 0 20 0.672074687308
515 522 0 20 0.671790665747
338 369 0 20 0.6714565516
536 540 0 20 0.668650373138
202 347 0 20 0.667224586829
423 427 0 20 0.667201056623
553 567 0 20 0.665267868796
195 210 0 20 0.664061966945
36 134 0 20 0.663347332035
14 155 0 20 0.662374135037
536 539 0 20 0.661794302898
14 157 0 20 0.66166392305
11 158 0 20 0.66116539713
492 535 0 20 0.658661930033
418 427 0 20 0.653493295937
89 101 0 20 0.651077529162
120 133 0 20 0.644980138237
495 502 0 20 0.640857319589
189 421 0 20 0.640011267718
186 423 0 20 0.638360427476
397 521 0 20 0.632949392607
1 9 0 20 0.628064931055
31 134 0 20 0.628032040557
204 347 0 20 0.627716325196
553 568 0 20 0.627679638091
35 133 0 20 0.626809039191
181 186 0 20 0.626616169981
337 439 0 20 0.626115899794
513 522 0 20 0.625598378141
95 195 0 20 0.623640776583
188 421 0 20 0.623236855255
7 48 0 20 0.622313877455
337 369 0 20 0.621220537546
3 8 0 20 0.619523157875
15 157 0 20 0.618218406243
184 423 0 20 0.615291527643
126 158 0 20 0.615023539527
488 536 0 20 0.61377915682
410 495 0 20 0.611484860246
9 155 0 20 0.605944251638
4 8 0 20 0.602600481584
396 428 0 20 0.601963717046
129 156 0 20 0.600488337416
41 72 0 20 0.599833245915
232 538 0 20 0.599383560578
124 157 0 20 0.597815508027
178 186 0 20 0.596284212017
410 485 0 20 0.595802565814
124 155 0 20 0.594950015201
144 195 0 20 0.594354287306
68 72 0 20 0.594263334213
339 374 0 20 0.591460050051
31 133 0 20 0.590933507508
195 209 0 20 0.590513755782
133 157 0 20 0.589397985171
337 374 0 20 0.588847165328
208 346 0 20 0.585349551545
69 135 0 20 0.584766221591
534 540 0 20 0.583432035222
64 70 0 20 0.581885631921
132 134 0 20 0.580879018797
96 195 0 20 0.580420321989
315 320 0 20 0.579717582154
513 521 0 20 0.578084646507
163 177 0 20 0.574510614249
191 218 0 20 0.574421870346
11 157 0 20 0.574416315911
235 538 0 20 0.572777687937
35 134 0 20 0.572190619314
421 431 0 20 0.569092670201
408 488 0 20 0.568705309803
514 521 0 20 0.56680300029
409 495 0 20 0.566765948117
122 158 0 20 0.566226982712
162 171 0 20 0.565363890662
129 135 0 20 0.564856271056
432 436 0 20 0.562426738239
34 133 0 20 0.560495035739
153 158 0 20 0.560004391767
122 157 0 20 0.559048563857
410 494 0 20 0.558078723101
338 373 0 20 0.554603946714
183 423 0 20 0.554128954452
232 540 0 20 0.55337639637
93 102 0 20 0.552689391243
185 191 0 20 0.552488565615
235 540 0 20 0.551311159752
158 176 0 20 0.54983941127
201 207 0 20 0.546513445001
410 484 0 20 0.546170316357
12 157 0 20 0.545989365129
534 581 0 20 0.545414542
234 239 0 20 0.545306182911
155 157 0 20 0.544526904231
228 230 0 20 0.544375201154
45 69 0 20 0.542573597
493 535 0 20 0.542523214298
41 64 0 20 0.542489712213
229 260 0 20 0.542406548128
148 198 0 20 0.542208263872
88 102 0 20 0.541596733335
142 195 0 20 0.54119517121
8 421 0 20 0.540880205928
395 428 0 20 0.540293449865
119 157 0 20 0.536208304732
203 208 0 20 0.535984456286
208 433 0 20 0.535956861354
333 374 0 20 0.535838478171
98 201 0 20 0.535395291997
11 155 0 20 0.534290049276
125 158 0 20 0.533492638245
96 201 0 20 0.531834161617
409 493 0 20 0.531671186844
407 491 0 20 0.531510868402
36 133 0 20 0.531184752639
409 491 0 20 0.530242784298
492 536 0 20 0.528358328893
186 422 0 20 0.527360852545
174 541 0 20 0.527268516474
408 495 0 20 0.526752736481
218 440 0 20 0.524737067577
407 495 0 20 0.524529496465
149 198 0 20 0.524281692756
134 158 0 20 0.524212312542
89 99 0 20 0.524148049016
183 432 0 20 0.522829040274
490 536 0 20 0.522410833057
159 474 0 20 0.520317422178
61 70 0 20 0.519870983887
144 185 0 20 0.519565177529
536 581 0 20 0.518848968916
188 194 0 20 0.518594103729
397 399 0 20 0.518294211069
89 97 0 20 0.518076408575
185 418 0 20 0.517618662259
155 160 0 20 0.51736560236
154 158 0 20 0.516032033458
152 195 0 20 0.514160744324
566 570 0 20 0.513977226705
119 158 0 20 0.513814803723
493 536 0 20 0.51368234941
89 98 0 20 0.513535065635
409 488 0 20 0.509712318882
46 69 0 20 0.508947923565
338 439 0 20 0.508521819061
235 240 0 20 0.507413767612
89 100 0 20 0.506663294823
337 373 0 20 0.506502053948
152 158 0 20 0.504174726231
439 462 0 20 0.501164362819
130 134 0 20 0.500178940253
10 155 0 20 0.499790368242
489 537 0 20 0.498258863035
149 201 0 20 0.497745029769
208 232 0 20 0.497293687781
189 195 0 20 0.496966113627
7 277 0 20 0.496952042467
411 485 0 20 0.494496645577
159 470 0 20 0.494413421858
488 537 0 20 0.493824279276
1 8 0 20 0.48955985438
532 540 0 20 0.489391947263
490 534 0 20 0.488966945932
159 471 0 20 0.488837606354
124 158 0 20 0.48797581659
176 537 0 20 0.487149340264
124 134 0 20 0.485522271704
8 158 0 20 0.485024503174
201 421 0 20 0.483085888881
186 187 0 20 0.48222831933
184 418 0 20 0.481817457223
439 466 0 20 0.479873711857
515 529 0 20 0.478500335878
121 157 0 20 0.478256625734
9 195 0 20 0.477377555202
397 429 0 20 0.477109238057
157 160 0 20 0.477014972697
282 559 0 20 0.476927230656
398 545 0 20 0.47683853301
197 471 0 20 0.474907216315
534 538 0 20 0.4747377791
183 431 0 20 0.474623163746
433 462 0 20 0.474575818893
492 533 0 20 0.473930181645
408 484 0 20 0.473762402344
192 216 0 20 0.473694705334
409 482 0 20 0.473607184304
422 428 0 20 0.473579438068
153 195 0 20 0.47338832242
319 345 0 20 0.47291013525
536 542 0 20 0.472853577758
176 186 0 20 0.472292741108
189 419 0 20 0.469941397086
142 201 0 20 0.469781044034
146 195 0 20 0.469369599086
159 476 0 20 0.468618950837
12 132 0 20 0.468582841349
146 196 0 20 0.46841754474
410 482 0 20 0.468372283542
489 536 0 20 0.467529849507
121 155 0 20 0.467511685786
537 542 0 20 0.467365413678
135 158 0 20 0.466277610111
395 431 0 20 0.466026598939
532 538 0 20 0.465806394962
568 570 0 20 0.465733847688
397 427 0 20 0.465690276292
529 536 0 20 0.465639806311
398 552 0 20 0.46454744975
147 195 0 20 0.464175587004
33 133 0 20 0.463895753646
333 440 0 20 0.463382827766
189 210 0 20 0.463025163504
158 436 0 20 0.460880057929
157 274 0 20 0.460077355583
132 158 0 20 0.459871990884
491 537 0 20 0.459226072023
180 423 0 20 0.459107402784
235 243 0 20 0.459038171448
201 423 0 20 0.458747387202
70 562 0 20 0.458359207035
418 431 0 20 0.458242302129
195 207 0 20 0.457588961066
180 418 0 20 0.457269728665
120 134 0 20 0.45678904331
201 210 0 20 0.45644857585
157 159 0 20 0.455284962103
144 194 0 20 0.454765260026
123 155 0 20 0.454246714336
315 345 0 20 0.454037409113
185 189 0 20 0.453711517769
187 423 0 20 0.45359595354
9 258 0 20 0.451830116627
423 426 0 20 0.451230771548
408 490 0 20 0.449907578286
7 157 0 20 0.447909041268
437 462 0 20 0.447144896184
127 155 0 20 0.446473115918
319 346 0 20 0.446038690884
70 191 0 20 0.445754649671
374 386 0 20 0.445287285882
82 258 0 20 0.444338074557
182 432 0 20 0.443660845082
398 543 0 20 0.443652526998
9 198 0 20 0.443298406101
188 422 0 20 0.443195149527
189 568 0 20 0.442644867419
83 258 0 20 0.442345464055
7 155 0 20 0.442115736242
8 157 0 20 0.442041062563
187 201 0 20 0.440817524086
155 159 0 20 0.440668386438
154 195 0 20 0.440175430857
374 389 0 20 0.440109234173
407 488 0 20 0.440074184283
179 195 0 20 0.439746368365
553 565 0 20 0.439211550293
186 428 0 20 0.438951312563
438 462 0 20 0.43874148741
121 153 0 20 0.438586773721
79 254 0 20 0.438218133771
148 201 0 20 0.437637900349
80 254 0 20 0.437133633263
70 186 0 20 0.436821333658
14 132 0 20 0.436029468098
46 64 0 20 0.43554015229
227 239 0 20 0.435445723093
492 531 0 20 0.43485283672
532 535 0 20 0.434739259506
562 571 0 20 0.434129125348
43 67 0 20 0.434087149769
184 431 0 20 0.433540286872
195 206 0 20 0.433315950044
126 155 0 20 0.433169294928
84 258 0 20 0.432607815293
158 433 0 20 0.432053239282
199 208 0 20 0.43186025822
180 432 0 20 0.431831704739
283 559 0 20 0.431489291064
144 196 0 20 0.431481456611
70 188 0 20 0.431043834588
8 281 0 20 0.430768421934
315 321 0 20 0.430524212424
40 64 0 20 0.430489077793
183 195 0 20 0.430428610319
227 232 0 20 0.430079010579
396 432 0 20 0.429279719409
70 189 0 20 0.429175107574
2 8 0 20 0.429095767395
186 418 0 20 0.427872560829
316 432 0 20 0.427636565045
89 479 0 20 0.426529282402
317 432 0 20 0.426408060509
43 70 0 20 0.425639219608
89 102 0 20 0.424625983827
191 421 0 20 0.424141278259
158 178 0 20 0.423632722599
121 133 0 20 0.423608733524
157 176 0 20 0.423403477315
27 134 0 20 0.423210257954
195 219 0 20 0.422681057311
492 532 0 20 0.422537188502
122 134 0 20 0.420783118731
192 423 0 20 0.420386267124
59 189 0 20 0.41942368456
122 133 0 20 0.419407595042
235 239 0 20 0.418778487572
410 489 0 20 0.418127873772
134 157 0 20 0.416767312132
81 258 0 20 0.415737557817
251 258 0 20 0.414934442692
410 490 0 20 0.414439895787
493 531 0 20 0.414236711769
32 134 0 20 0.413706757341
143 195 0 20 0.413560108746
88 258 0 20 0.413538556364
8 154 0 20 0.41293377085
159 330 0 20 0.412722228451
143 201 0 20 0.412445102519
197 470 0 20 0.411857202706
4 431 0 20 0.411635400715
85 235 0 20 0.411452923525
124 133 0 20 0.411430628037
85 258 0 20 0.411190672806
495 536 0 20 0.410887510385
536 575 0 20 0.409424563099
155 161 0 20 0.409196929093
545 570 0 20 0.409148035767
274 431 0 20 0.408971820828
567 570 0 20 0.40891826956
433 466 0 20 0.408578872542
123 157 0 20 0.408562439118
162 176 0 20 0.408554923046
189 192 0 20 0.408456396098
492 540 0 20 0.40778428549
490 532 0 20 0.407579198441
119 155 0 20 0.407161088442
195 214 0 20 0.407032005393
80 257 0 20 0.406902294982
145 195 0 20 0.406745929203
283 310 0 20 0.405861912663
317 431 0 20 0.405198741273
189 422 0 20 0.404297200254
80 255 0 20 0.404230267269
126 134 0 20 0.403821119156
384 397 0 20 0.40335868202
423 428 0 20 0.403357571197
125 134 0 20 0.40287423014
529 532 0 20 0.40285034828
560 571 0 20 0.402651028676
87 258 0 20 0.40192945483
3 431 0 20 0.401894104623
146 194 0 20 0.4010347566
179 188 0 20 0.400718744171
209 228 0 20 0.400407006439
281 431 0 20 0.40037358594
337 438 0 20 0.399940405077
221 421 0 20 0.399652955499
232 539 0 20 0.399583061894
490 537 0 20 0.39953620514
182 418 0 20 0.398889343001
122 155 0 20 0.398700321553
1 70 0 20 0.398051642306
397 541 0 20 0.396651675271
179 186 0 20 0.395564153363
190 410 0 20 0.395329019907
8 280 0 20 0.39458796794
482 537 0 20 0.394325374727
422 471 0 20 0.393207194598
235 244 0 20 0.392722903418
129 157 0 20 0.392591529214
121 135 0 20 0.392370211003
534 539 0 20 0.391762956202
409 494 0 20 0.391627546693
235 539 0 20 0.391491064296
408 485 0 20 0.390912535371
3 258 0 20 0.390347008438
314 352 0 20 0.389534642455
79 258 0 20 0.389529751573
186 201 0 20 0.388601158771
36 43 0 20 0.388374154252
186 196 0 20 0.388166624789
191 237 0 20 0.387842014724
43 68 0 20 0.387799399881
92 258 0 20 0.387214379693
407 484 0 20 0.387153575367
200 471 0 20 0.387013443156
559 570 0 20 0.386928334419
133 314 0 20 0.386903955458
546 570 0 20 0.386078205461
86 258 0 20 0.386062021782
440 472 0 20 0.385472846813
176 188 0 20 0.385396008006
121 156 0 20 0.384684736742
125 157 0 20 0.384614056651
235 245 0 20 0.384532108519
422 432 0 20 0.384299539322
337 437 0 20 0.384195893297
13 129 0 20 0.383387028629
128 133 0 20 0.383075929322
90 235 0 20 0.382807023653
128 155 0 20 0.382734105794
188 192 0 20 0.382658778784
492 539 0 20 0.382551751891
410 535 0 20 0.381546017951
48 135 0 20 0.381538472602
409 484 0 20 0.381519768849
208 322 0 20 0.381406053372
86 235 0 20 0.381286324125
431 433 0 20 0.381015224257
129 159 0 20 0.381004934247
144 199 0 20 0.379552576291
493 540 0 20 0.379508181863
184 191 0 20 0.379178132411
189 194 0 20 0.378821001071
186 194 0 20 0.378741832585
188 294 0 20 0.378738033244
41 61 0 20 0.378538071205
2 431 0 20 0.378538013487
188 423 0 20 0.378441961438
72 433 0 20 0.377986736894
9 132 0 20 0.377451602832
40 61 0 20 0.37694380748
80 258 0 20 0.376600647431
182 195 0 20 0.376112782178
410 481 0 20 0.376025149052
553 560 0 20 0.376003339011
1 337 0 20 0.375554914843
116 133 0 20 0.37541129096
155 213 0 20 0.374901507072
91 102 0 20 0.374850739276
423 425 0 20 0.374845705792
338 440 0 20 0.374786066686
29 133 0 20 0.374487420811
195 540 0 20 0.373913665398
532 581 0 20 0.37310219396
186 197 0 20 0.372478887588
208 345 0 20 0.371933805532
192 283 0 20 0.371912883627
398 522 0 20 0.371499843011
186 199 0 20 0.371235105381
181 188 0 20 0.370780754173
158 432 0 20 0.37059353071
89 257 0 20 0.370564749071
179 418 0 20 0.369845588616
158 192 0 20 0.369361368045
121 154 0 20 0.369214750192
186 417 0 20 0.36894629418
250 258 0 20 0.368843201014
314 351 0 20 0.367784798136
72 461 0 20 0.367679653233
83 235 0 20 0.367515587314
278 431 0 20 0.367504311881
33 134 0 20 0.367079463633
71 189 0 20 0.366310968526
208 434 0 20 0.366046928611
186 346 0 20 0.365927804952
184 432 0 20 0.365622997786
419 428 0 20 0.365477381118
151 158 0 20 0.36542617934
422 474 0 20 0.36464929261
70 198 0 20 0.364472715704
129 134 0 20 0.364452397633
182 423 0 20 0.364323382811
431 473 0 20 0.364241965846
396 431 0 20 0.364136951936
127 134 0 20 0.363561987872
198 461 0 20 0.363537943217
433 536 0 20 0.363266635001
276 431 0 20 0.363122105208
222 537 0 20 0.36250660046
195 213 0 20 0.362381960912
385 464 0 20 0.361164298073
5 410 0 20 0.361042766782
331 338 0 20 0.360984627353
89 472 0 20 0.360815975861
202 208 0 20 0.360738209386
195 218 0 20 0.360651691524
144 179 0 20 0.360619919022
188 242 0 20 0.360514391633
195 220 0 20 0.360451689621
178 195 0 20 0.359956231876
14 129 0 20 0.359414750904
75 542 0 20 0.359225665662
58 189 0 20 0.359101438676
311 448 0 20 0.359048700189
134 159 0 20 0.359040172744
337 436 0 20 0.358853844982
171 541 0 20 0.358851375534
39 72 0 20 0.358357189193
423 431 0 20 0.357251585958
439 463 0 20 0.3568323419
104 195 0 20 0.356451483827
432 439 0 20 0.356371957607
157 213 0 20 0.356245659246
89 478 0 20 0.356068953767
133 324 0 20 0.356018004801
182 188 0 20 0.35569133162
181 432 0 20 0.355468896731
184 195 0 20 0.355299083732
183 198 0 20 0.35495903257
349 529 0 20 0.354558024296
43 69 0 20 0.354465560776
93 440 0 20 0.354409851573
202 348 0 20 0.354234123559
79 255 0 20 0.354069090051
230 259 0 20 0.354011652659
407 537 0 20 0.353658519194
39 64 0 20 0.352996882324
171 537 0 20 0.35275253065
422 431 0 20 0.352546718796
181 423 0 20 0.35175099739
397 400 0 20 0.351729779968
198 207 0 20 0.35123430841
7 189 0 20 0.350784539543
237 536 0 20 0.350606395947
69 70 0 20 0.350218530261
132 159 0 20 0.350136800835
200 208 0 20 0.350065870339
190 423 0 20 0.35005417376
89 255 0 20 0.349880521059
155 209 0 20 0.349748423808
427 432 0 20 0.349278373588
407 482 0 20 0.349152678967
397 522 0 20 0.349065912556
374 387 0 20 0.348725234822
398 542 0 20 0.348336800814
434 462 0 20 0.348287938284
172 541 0 20 0.348255313873
80 256 0 20 0.347427964089
70 195 0 20 0.347068375152
431 436 0 20 0.346971736473
235 248 0 20 0.346950966349
186 419 0 20 0.346918751516
84 235 0 20 0.346679767373
174 537 0 20 0.346550466493
179 432 0 20 0.346152980286
89 109 0 20 0.346091742542
430 562 0 20 0.345310092837
184 188 0 20 0.345206919677
338 374 0 20 0.345181707224
431 480 0 20 0.345124985172
178 418 0 20 0.344861250081
87 235 0 20 0.344762349472
146 388 0 20 0.344552981302
440 473 0 20 0.344072199651
176 541 0 20 0.344065744267
282 557 0 20 0.343430380653
38 72 0 20 0.343403039514
410 493 0 20 0.342790591359
2 72 0 20 0.342622276708
191 195 0 20 0.342466667977
7 228 0 20 0.342084811806
314 349 0 20 0.341901312985
131 155 0 20 0.341884825797
95 474 0 20 0.340963865123
88 235 0 20 0.340955975894
34 43 0 20 0.339458967292
183 201 0 20 0.339268458665
186 202 0 20 0.339055782713
123 134 0 20 0.338970618439
1 61 0 20 0.33780481158
15 26 0 20 0.337595040895
155 271 0 20 0.337394243689
130 155 0 20 0.336981264935
186 200 0 20 0.336071381095
48 354 0 20 0.336011906323
330 343 0 20 0.335929122099
42 72 0 20 0.335914737216
93 272 0 20 0.335840211328
191 206 0 20 0.33541771723
3 432 0 20 0.335168944646
203 349 0 20 0.334912966618
89 104 0 20 0.334893427368
398 427 0 20 0.334708683607
86 476 0 20 0.334112515053
175 537 0 20 0.33400958191
35 43 0 20 0.333975397282
319 353 0 20 0.333716278417
219 440 0 20 0.332989812088
314 432 0 20 0.332827093397
48 281 0 20 0.331826144031
330 335 0 20 0.331634176158
136 472 0 20 0.331542778323
185 428 0 20 0.331296023835
220 541 0 20 0.330856370385
80 235 0 20 0.330847168221
421 562 0 20 0.330559263633
189 420 0 20 0.330518618413
385 467 0 20 0.330355027152
553 561 0 20 0.330149783416
330 339 0 20 0.330149782181
89 103 0 20 0.329620058404
155 162 0 20 0.329271744349
410 486 0 20 0.329259523331
493 539 0 20 0.329137540431
503 521 0 20 0.328665345791
189 193 0 20 0.328413304485
316 431 0 20 0.328378760717
407 494 0 20 0.328266664059
491 532 0 20 0.328089300401
192 195 0 20 0.327620946427
235 434 0 20 0.327344603499
70 349 0 20 0.326941196959
427 431 0 20 0.326933617052
208 230 0 20 0.326840341051
240 258 0 20 0.326461456045
228 231 0 20 0.326460926384
176 536 0 20 0.326177883487
157 178 0 20 0.325821682496
9 201 0 20 0.325820464084
495 532 0 20 0.325420396676
470 472 0 20 0.324932405715
196 471 0 20 0.324857842093
396 553 0 20 0.32482225952
144 201 0 20 0.324783978707
80 354 0 20 0.324349976129
385 465 0 20 0.324233906231
181 431 0 20 0.324195955829
150 198 0 20 0.3241425987
197 450 0 20 0.32398307602
436 462 0 20 0.323976788631
95 440 0 20 0.323873275603
415 428 0 20 0.322288645471
10 195 0 20 0.322181630265
1 2 0 20 0.322109556688
420 428 0 20 0.321961206797
216 540 0 20 0.321891195397
320 352 0 20 0.321649950433
407 485 0 20 0.321610420894
272 278 0 20 0.321580061519
421 485 0 20 0.321328408521
430 435 0 20 0.321134142241
162 174 0 20 0.320628665195
205 348 0 20 0.320252851059
188 193 0 20 0.320023981287
199 450 0 20 0.31997938569
314 348 0 20 0.319480976945
495 504 0 20 0.319336748085
315 322 0 20 0.319166832268
187 418 0 20 0.318915448194
335 440 0 20 0.318663419543
89 258 0 20 0.318662324491
198 473 0 20 0.318616064945
89 473 0 20 0.318582290019
408 491 0 20 0.318463901036
120 158 0 20 0.31835061514
409 490 0 20 0.318132699513
323 410 0 20 0.317854737031
140 186 0 20 0.317479828383
466 469 0 20 0.317347711761
189 423 0 20 0.317285806804
235 252 0 20 0.317246092942
176 189 0 20 0.31717726289
241 520 0 20 0.31656126998
321 410 0 20 0.316451000644
82 235 0 20 0.316189322889
411 537 0 20 0.315616783391
172 536 0 20 0.315336603358
89 105 0 20 0.315206884712
330 334 0 20 0.315052214595
189 286 0 20 0.31492457586
423 467 0 20 0.314799925718
176 418 0 20 0.314188125226
188 428 0 20 0.313783714742
200 470 0 20 0.313525565194
69 196 0 20 0.31350445515
157 434 0 20 0.313291127061
54 354 0 20 0.313253654419
131 136 0 20 0.313243135834
417 428 0 20 0.313082502691
398 521 0 20 0.312991446368
7 132 0 20 0.312740763575
188 419 0 20 0.312576313261
119 134 0 20 0.312514216046
321 347 0 20 0.312427186436
408 493 0 20 0.312423937728
398 547 0 20 0.312258128843
186 420 0 20 0.312194568394
8 17 0 20 0.312027244288
560 572 0 20 0.312022068119
7 258 0 20 0.311755800959
194 283 0 20 0.311259425583
10 132 0 20 0.311084361292
69 137 0 20 0.310841762552
158 418 0 20 0.310608300769
435 472 0 20 0.310035642072
186 426 0 20 0.30993535185
228 239 0 20 0.309346634076
38 64 0 20 0.308611971577
434 463 0 20 0.308550682364
144 438 0 20 0.308378868783
12 129 0 20 0.308061379672
415 427 0 20 0.307319980822
186 415 0 20 0.307296212612
85 102 0 20 0.307279500241
239 539 0 20 0.307201948353
25 134 0 20 0.307086824629
157 161 0 20 0.307051153337
176 337 0 20 0.306793939934
72 149 0 20 0.306239574774
318 448 0 20 0.306172337579
157 209 0 20 0.305969707027
318 432 0 20 0.305957405757
398 544 0 20 0.30582322559
129 153 0 20 0.305659672569
225 239 0 20 0.305057928224
492 534 0 20 0.304997911892
506 521 0 20 0.30486119764
207 435 0 20 0.304642418738
426 431 0 20 0.30433159337
188 210 0 20 0.304240059526
1 421 0 20 0.303872185049
489 534 0 20 0.303454407518
5 186 0 20 0.303237792849
408 482 0 20 0.302996711967
88 272 0 20 0.302952089287
201 357 0 20 0.302928982834
69 139 0 20 0.302626423258
207 232 0 20 0.30258137842
259 274 0 20 0.302467199832
49 277 0 20 0.302109913687
398 426 0 20 0.302084816072
423 473 0 20 0.302052628509
150 158 0 20 0.301843789029
485 561 0 20 0.301835851662
417 511 0 20 0.301766435211
78 235 0 20 0.301495064267
71 72 0 20 0.301465719192
154 259 0 20 0.300815536069
421 471 0 20 0.300567419902
75 148 0 20 0.300012193911
195 237 0 20 0.299761612277
54 200 0 20 0.299277430375
121 137 0 20 0.299219234731
237 537 0 20 0.299144407186
531 534 0 20 0.298990494933
201 422 0 20 0.298892674932
144 200 0 20 0.298625774022
178 423 0 20 0.298444677854
78 258 0 20 0.298333776768
315 431 0 20 0.29813844166
437 466 0 20 0.297949616611
113 133 0 20 0.297801049744
320 410 0 20 0.297784322995
532 543 0 20 0.297645346384
58 198 0 20 0.297251234627
72 135 0 20 0.29691943857
126 133 0 20 0.296664290798
196 463 0 20 0.296655669241
70 208 0 20 0.296277553167
204 470 0 20 0.2962136608
286 471 0 20 0.296193095661
532 542 0 20 0.295873264182
397 425 0 20 0.295723001867
61 135 0 20 0.295692505669
228 238 0 20 0.295675317859
133 315 0 20 0.295673220575
529 534 0 20 0.295488248825
1 262 0 20 0.295463811065
69 427 0 20 0.294996365445
72 460 0 20 0.29473490636
153 157 0 20 0.294580390516
190 239 0 20 0.294494429601
482 562 0 20 0.294271652404
1 154 0 20 0.29425776674
157 271 0 20 0.294006580574
200 463 0 20 0.293876366762
461 463 0 20 0.293491013337
133 323 0 20 0.293329952849
226 239 0 20 0.29288056678
198 540 0 20 0.292805698407
58 186 0 20 0.292533729639
407 481 0 20 0.292448352375
155 212 0 20 0.29226910823
232 252 0 20 0.291918699552
315 346 0 20 0.291817818677
408 486 0 20 0.291747581945
409 486 0 20 0.291747581945
545 575 0 20 0.291555458672
397 428 0 20 0.291447087197
420 513 0 20 0.291231372902
282 554 0 20 0.291123601526
70 129 0 20 0.290893590969
268 472 0 20 0.290714738344
72 142 0 20 0.290706000355
186 427 0 20 0.290672092438
238 537 0 20 0.290649095453
188 417 0 20 0.290636658991
431 477 0 20 0.290561106621
142 198 0 20 0.290528570996
283 472 0 20 0.290340852412
48 139 0 20 0.290290619132
178 188 0 20 0.290177286679
561 570 0 20 0.29003811501
201 209 0 20 0.287946556292
418 426 0 20 0.287908565598
38 48 0 20 0.285279669307
530 535 0 20 0.285084997039
130 133 0 20 0.284212590614
332 338 0 20 0.283068556463
232 241 0 20 0.282314720392
408 420 0 20 0.281924382045
32 43 0 20 0.281363753231
420 431 0 20 0.280697416896
537 540 0 20 0.280582216736
128 134 0 20 0.27864718356
233 239 0 20 0.275715971514
431 434 0 20 0.273837762651
154 157 0 20 0.271594027342
123 133 0 20 0.271361308765
565 570 0 20 0.271334660128
330 333 0 20 0.269829961873
7 8 0 20 0.268150955855
329 338 0 20 0.267071311952
197 208 0 20 0.266525509181
61 71 0 20 0.264704140207
421 432 0 20 0.264143827501
183 188 0 20 0.263124668118
533 536 0 20 0.262797594509
180 186 0 20 0.261360808399
536 543 0 20 0.261320610429
226 232 0 20 0.260640301283
332 337 0 20 0.259634239525
539 541 0 20 0.258964280102
31 43 0 20 0.258038146744
466 471 0 20 0.257778051261
216 222 0 20 0.257082753888
187 198 0 20 0.256186623443
418 425 0 20 0.254751284464
315 323 0 20 0.254379395437
92 102 0 20 0.253674325339
41 48 0 20 0.25181234351
431 437 0 20 0.251621187274
194 198 0 20 0.250499510341
567 575 0 20 0.249115965164
564 570 0 20 0.246506074184
70 72 0 20 0.246500045057
559 562 0 20 0.245729118696
155 163 0 20 0.243928190386
235 246 0 20 0.24316329995
462 469 0 20 0.242962054721
80 90 0 20 0.242821595433
235 247 0 20 0.240642255613
221 230 0 20 0.238151795019
195 203 0 20 0.238044781753
558 570 0 20 0.237376771256
188 200 0 20 0.237236696749
195 202 0 20 0.236370190563
246 258 0 20 0.23567426294
186 198 0 20 0.235635344795
330 338 0 20 0.23542053488
125 133 0 20 0.23316429609
232 242 0 20 0.232042009113
436 440 0 20 0.230839630622
8 18 0 20 0.230709506563
188 196 0 20 0.230499987887
127 133 0 20 0.229827512215
509 521 0 20 0.226762423775
419 431 0 20 0.225720945447
397 401 0 20 0.22452316982
424 431 0 20 0.224327274864
562 570 0 20 0.224092174287
177 187 0 20 0.222163261837
1 4 0 20 0.221396652229
430 440 0 20 0.220777186273
418 430 0 20 0.218868260756
39 48 0 20 0.21768676484
553 562 0 20 0.217197490573
112 121 0 20 0.217010406835
553 557 0 20 0.21697375345
90 102 0 20 0.2159521977
195 205 0 20 0.215601241318
458 470 0 20 0.214356359705
151 162 0 20 0.21404141192
149 158 0 20 0.212181532306
58 69 0 20 0.211580188207
560 570 0 20 0.211472490608
330 342 0 20 0.211001384434
279 283 0 20 0.209861393082
248 258 0 20 0.207540520392
373 385 0 20 0.206783948558
550 560 0 20 0.206434858332
1 10 0 20 0.205689931517
330 340 0 20 0.204173500911
508 520 0 20 0.202923892248
166 177 0 20 0.201675781165
198 206 0 20 0.200728337076
259 260 0 20 0.200554901949
272 279 0 20 0.199747207034
235 241 0 20 0.199626653218
181 189 0 20 0.199286043407
530 538 0 20 0.198348740341
557 560 0 20 0.197451387199
553 564 0 20 0.195423825745
68 75 0 20 0.195166148876
129 139 0 20 0.194958274396
177 183 0 20 0.192692448779
198 208 0 20 0.188785468384
281 283 0 20 0.187403092075
249 259 0 20 0.187133781609
40 48 0 20 0.184866607879
188 197 0 20 0.184320289814
45 48 0 20 0.184216270454
568 575 0 20 0.183333741364
180 188 0 20 0.183121542961
191 198 0 20 0.181691810636
187 189 0 20 0.18116742387
198 202 0 20 0.180891955849
481 485 0 20 0.180841096929
63 69 0 20 0.180832657935
138 144 0 20 0.180757349641
534 542 0 20 0.18045194218
515 524 0 20 0.180199005202
46 48 0 20 0.179697754073
64 71 0 20 0.17894906021
473 485 0 20 0.177936840273
566 575 0 20 0.177433517107
181 191 0 20 0.17581867416
554 562 0 20 0.175683984311
512 521 0 20 0.174463493015
427 435 0 20 0.174383002431
186 191 0 20 0.174032107107
514 523 0 20 0.173917325957
431 439 0 20 0.171943991976
59 69 0 20 0.17120054744
513 524 0 20 0.170679073533
187 191 0 20 0.170569896077
278 283 0 20 0.170230521705
424 432 0 20 0.170157530242
428 436 0 20 0.169315265555
513 517 0 20 0.169276577871
552 560 0 20 0.168641282059
509 520 0 20 0.168634208764
42 48 0 20 0.168421364541
430 432 0 20 0.168248226396
522 523 0 20 0.168075653987
208 209 0 20 0.167754717082
80 91 0 20 0.166838930553
557 562 0 20 0.166769878199
530 542 0 20 0.166768592074
437 440 0 20 0.166706055546
69 81 0 20 0.166261295194
473 474 0 20 0.166198409494
423 430 0 20 0.16600203416
109 121 0 20 0.165571941637
228 240 0 20 0.165487708318
177 184 0 20 0.165307937653
252 259 0 20 0.164712310668
438 440 0 20 0.164302837597
129 140 0 20 0.163729577677
188 199 0 20 0.163020102244
474 475 0 20 0.162698468787
471 475 0 20 0.162698468787
272 284 0 20 0.161852768133
55 61 0 20 0.161644673109
426 432 0 20 0.161244070591
423 432 0 20 0.161218160018
562 572 0 20 0.161002409242
175 186 0 20 0.160687260801
260 269 0 20 0.159983166567
416 419 0 20 0.15891267187
534 543 0 20 0.15888210842
428 430 0 20 0.158656158755
177 188 0 20 0.157848778772
417 418 0 20 0.156363294348
190 201 0 20 0.156303541673
150 162 0 20 0.155833915004
125 136 0 20 0.155790852269
130 136 0 20 0.155607453878
552 562 0 20 0.155567055102
126 136 0 20 0.155330707484
423 433 0 20 0.155126549975
472 474 0 20 0.154994721008
62 69 0 20 0.154761736554
129 133 0 20 0.153657762402
408 417 0 20 0.153511319646
174 186 0 20 0.153481542582
537 543 0 20 0.153148122575
471 472 0 20 0.152310072736
220 228 0 20 0.152256508324
186 190 0 20 0.152254131237
431 438 0 20 0.151722183738
418 428 0 20 0.151107932218
429 432 0 20 0.150978499755
558 560 0 20 0.150913620085
129 137 0 20 0.150732231646
520 522 0 20 0.150621107526
397 402 0 20 0.150551250049
466 472 0 20 0.150489587128
280 283 0 20 0.150228466678
511 522 0 20 0.150185593542
251 259 0 20 0.150088427064
195 204 0 20 0.148521087612
537 544 0 20 0.148449386363
256 259 0 20 0.148274520587
428 431 0 20 0.148271369713
232 237 0 20 0.148261682396
511 521 0 20 0.148218244157
132 139 0 20 0.148122269859
