0.00546403493494 7 111 0.0 20.0 18.828874588
0.00537035988158 8 111 0.0 20.0 16.5157527924
0.00536875961986 7 113 0.0 20.0 25.2663230896
0.00517227893061 1 28 0.0 20.0 8.82511520386
0.00514249817583 6 113 0.0 20.0 29.0136089325
0.00509797147642 1 29 0.0 20.0 9.62050628662
0.00505140141488 8 113 0.0 20.0 22.6043720245
0.00504560948188 2 28 0.0 20.0 5.02760791779
0.00500408546935 2 29 0.0 20.0 6.43213796616
0.00499959245951 7 112 0.0 20.0 22.5866355896
0.00485986704035 2 27 0.0 20.0 6.10310077667
0.00484660103801 6 111 0.0 20.0 22.5360946655
0.00476375197326 25 191 0.0 20.0 10.903886795
0.00473620238035 8 112 0.0 20.0 20.2782535553
0.00469269936855 1 30 0.0 20.0 12.8116283417
0.00469031116462 7 114 0.0 20.0 27.3953304291
0.00462098935605 4 28 0.0 20.0 5.86040735245
0.004592233525 1 84 0.0 20.0 29.4418849945
0.00457940767716 5 113 0.0 20.0 31.7107086182
0.00456654146818 26 191 0.0 20.0 13.8628749847
0.00455312577419 6 112 0.0 20.0 26.2744865417
0.0045323135572 25 192 0.0 20.0 10.0483703613
0.00451934722676 2 33 0.0 20.0 18.6139469147
0.00449729487994 1 118 0.0 20.0 45.2310066223
0.0044853763393 1 25 0.0 20.0 15.5308103561
0.00447596898065 26 192 0.0 20.0 12.2233934402
0.00446839685267 24 191 0.0 20.0 12.6409893036
0.004462837015 1 27 0.0 20.0 9.4824962616
0.00442526426526 2 32 0.0 20.0 15.3381910324
0.00441715381681 2 26 0.0 20.0 8.93469238281
0.00441673889305 1 26 0.0 20.0 12.1192903519
0.00441376255948 1 78 0.0 20.0 16.4614830017
0.00441215460635 24 192 0.0 20.0 11.6502990723
0.00439776284011 26 78 0.0 20.0 11.0259475708
0.00438271711289 2 30 0.0 20.0 9.80385684967
0.00435860004039 25 78 0.0 20.0 13.0686607361
0.00435336537545 1 34 0.0 20.0 23.9927253723
0.00430326042008 11 36 0.0 20.0 16.3679199219
0.00429798398993 2 34 0.0 20.0 21.5644054413
0.00429259346326 1 23 0.0 20.0 19.8075294495
0.00427030240601 23 193 0.0 20.0 11.215054512
0.00426049110954 22 192 0.0 20.0 6.76649141312
0.00425160106108 2 81 0.0 20.0 20.7959117889
0.00424971014474 11 37 0.0 20.0 16.3258838654
0.00424908908474 27 191 0.0 20.0 14.564789772
0.0042291612989 23 191 0.0 20.0 9.73156166077
0.00421544253635 2 25 0.0 20.0 12.3557519913
0.00421295022441 1 77 0.0 20.0 19.633058548
0.00420299359726 22 191 0.0 20.0 8.86793804169
0.00417690014259 20 192 0.0 20.0 10.8281373978
0.004175505095 20 191 0.0 20.0 13.1022520065
0.00416659980534 1 33 0.0 20.0 20.9252185822
0.00410648211582 1 81 0.0 20.0 23.1351909637
0.00408554686102 5 28 0.0 20.0 7.06102323532
0.00408515784242 1 32 0.0 20.0 17.9483203888
0.00407218168245 23 188 0.0 20.0 5.21353340149
0.00406648483068 2 36 0.0 20.0 26.10887146
0.00406582025306 23 192 0.0 20.0 8.76269721985
0.00404112642865 23 189 0.0 20.0 6.14079093933
0.00402840123513 21 192 0.0 20.0 10.18633461
0.0040236452584 27 193 0.0 20.0 16.1842250824
0.00401261809609 2 78 0.0 20.0 14.8325185776
0.00400876824014 23 190 0.0 20.0 9.70204257965
0.00399850921459 1 37 0.0 20.0 25.0276565552
0.00399702900363 1 24 0.0 20.0 17.3187351227
0.00399084097499 5 27 0.0 20.0 10.5827331543
0.00398577563101 4 33 0.0 20.0 13.0452985764
0.00396530338892 2 86 0.0 20.0 31.3928012848
0.00395715359969 3 33 0.0 20.0 16.7600078583
0.00394794553247 4 78 0.0 20.0 15.6199378967
0.00393553882835 7 28 0.0 20.0 13.1821374893
0.00391756789202 3 28 0.0 20.0 4.88637590408
0.00390974527771 27 39 0.0 20.0 27.7412033081
0.00389917457419 10 28 0.0 20.0 17.1258602142
0.00388734222767 23 78 0.0 20.0 13.7533121109
0.0038761897516 6 23 0.0 20.0 18.5230770111
0.00386742936822 28 40 0.0 20.0 20.8644580841
0.00385997824032 28 41 0.0 20.0 19.404964447
0.0038546528674 5 23 0.0 20.0 15.5464429855
0.00385364267826 1 79 0.0 20.0 18.3617401123
0.00384876170336 109 125 0.0 20.0 13.4083042145
0.00383957397252 110 125 0.0 20.0 15.7301616669
0.00383312012328 27 192 0.0 20.0 12.6749305725
0.00383007030795 21 191 0.0 20.0 12.6349010468
0.00382467355036 1 83 0.0 20.0 27.946187973
0.00380803671004 10 33 0.0 20.0 8.86365699768
0.00380717965147 7 30 0.0 20.0 7.73489904404
0.00380356042709 27 189 0.0 20.0 14.4286136627
0.00379755065433 7 34 0.0 20.0 9.16224479675
0.00379452064713 5 33 0.0 20.0 11.1300773621
0.00379128197525 108 125 0.0 20.0 13.9437065125
0.00378752670774 7 84 0.0 20.0 30.7105731964
0.00378605156439 28 43 0.0 20.0 22.9826774597
0.00378516819056 23 36 0.0 20.0 30.3572273254
0.00378411477366 23 38 0.0 20.0 29.8744869232
0.00378011425731 112 125 0.0 20.0 18.2310619354
0.00377877648021 22 78 0.0 20.0 14.5227899551
0.00376471362599 1 86 0.0 20.0 33.1128921509
0.00374342773572 28 191 0.0 20.0 15.9347410202
0.00373104369143 1 80 0.0 20.0 21.7579364777
0.0037289109724 29 191 0.0 20.0 17.2190494537
0.00372529634412 2 80 0.0 20.0 19.9422283173
0.00371905663894 33 193 0.0 20.0 20.2500457764
0.00371803442216 31 191 0.0 20.0 21.1752510071
0.00371057453101 7 82 0.0 20.0 23.670665741
0.00369938478779 29 192 0.0 20.0 14.2421245575
0.00369663129733 37 191 0.0 20.0 28.7699680328
0.00369204776349 28 190 0.0 20.0 18.1492080688
0.00368639784227 2 76 0.0 20.0 16.6924648285
0.00368456073216 2 82 0.0 20.0 22.5359363556
0.00368053759014 32 192 0.0 20.0 16.8803272247
0.00367028338701 34 192 0.0 20.0 20.5457515717
0.00363706670341 19 40 0.0 20.0 25.6689376831
0.00363478948124 23 187 0.0 20.0 8.19461345673
0.00363043262851 34 191 0.0 20.0 24.0502891541
0.00361815091008 24 78 0.0 20.0 10.6476993561
0.00361703716088 111 125 0.0 20.0 18.8439865112
0.0035965764044 23 79 0.0 20.0 11.6301584244
0.00358123364942 28 187 0.0 20.0 18.4319572449
0.00357307893142 101 125 0.0 20.0 10.9861221313
0.00356548331369 39 192 0.0 20.0 29.5911026001
0.00356071632269 36 191 0.0 20.0 29.1914825439
0.00355984342685 21 78 0.0 20.0 11.3425188065
0.00355463631287 1 74 0.0 20.0 17.4355449677
0.00355120422599 29 78 0.0 20.0 17.7476387024
0.00354754094415 107 124 0.0 20.0 15.9798088074
0.00349096775055 23 81 0.0 20.0 12.4461278915
0.00343995665721 23 77 0.0 20.0 14.3406705856
0.00343612491053 27 80 0.0 20.0 17.6260108948
0.00343464076765 23 80 0.0 20.0 14.2348995209
0.00343281706706 20 78 0.0 20.0 11.885761261
0.00342278969392 26 74 0.0 20.0 12.9408979416
0.00337510758489 27 78 0.0 20.0 13.6994447708
0.0033632422594 34 78 0.0 20.0 29.6535587311
0.00332538324879 107 126 0.0 20.0 13.6323413849
0.00331407689001 107 127 0.0 20.0 17.346075058
0.0032972187222 22 74 0.0 20.0 14.9064264297
0.00329599842305 28 71 0.0 20.0 13.274597168
0.0032721851517 102 125 0.0 20.0 9.68561172485
0.00326665340075 19 78 0.0 20.0 15.5391492844
0.00324237834824 32 78 0.0 20.0 23.811170578
0.00321675904727 33 81 0.0 20.0 29.4958572388
0.00320435315354 33 78 0.0 20.0 26.5655021667
0.00319965817086 19 74 0.0 20.0 14.1381235123
0.00315925415818 27 75 0.0 20.0 11.7790145874
0.00315872056805 23 76 0.0 20.0 10.8492040634
0.00309449867033 23 82 0.0 20.0 15.3257656097
0.00309069432436 28 70 0.0 20.0 17.0324459076
0.00308066137509 27 77 0.0 20.0 16.3159999847
0.00307887580875 33 79 0.0 20.0 28.1691799164
0.00306500502955 27 82 0.0 20.0 20.2523326874
0.00305780542531 23 83 0.0 20.0 17.7442398071
0.00305256453589 33 83 0.0 20.0 33.4176635742
0.00303860119233 31 78 0.0 20.0 21.6855316162
0.00303808808471 33 84 0.0 20.0 36.6884727478
0.00301249815105 27 79 0.0 20.0 13.8572769165
0.00300484277574 23 86 0.0 20.0 24.8226242065
0.00297351715654 29 66 0.0 20.0 15.8340625763
0.00296776999148 33 80 0.0 20.0 30.7861194611
0.00296473585134 36 68 0.0 20.0 22.042755127
0.00294857138057 28 67 0.0 20.0 17.708065033
0.00292441356461 32 74 0.0 20.0 20.441362381
0.00291995750694 33 82 0.0 20.0 29.6794719696
0.0029188951171 36 78 0.0 20.0 34.1552886963
0.00291673471628 30 78 0.0 20.0 19.1813907623
0.00291614348608 100 125 0.0 20.0 14.2975711823
0.00290935997339 40 83 0.0 20.0 38.2909507751
0.00286988771765 17 80 0.0 20.0 15.6231832504
0.00284422113477 40 82 0.0 20.0 34.5165519714
0.00280191313904 100 124 0.0 20.0 17.2072486877
0.00277161833539 36 87 0.0 20.0 44.7633094788
0.00276002662192 111 133 0.0 20.0 26.3616886139
0.0027102468424 99 125 0.0 20.0 13.8254299164
0.00268276183535 13 74 0.0 20.0 15.0737390518
0.00267905628623 95 125 0.0 20.0 17.9819736481
0.00264624994003 36 66 0.0 20.0 21.7225818634
0.00264566225388 12 74 0.0 20.0 18.4805183411
0.00253969131026 74 89 0.0 20.0 13.2791013718
0.00233692394735 80 93 0.0 20.0 14.3614788055
0.00227584493924 73 87 0.0 20.0 16.3522605896
0.00227008865326 70 93 0.0 20.0 11.6332607269
0.00215186890237 93 122 0.0 20.0 23.5445766449
0.00187726047849 82 113 0.0 20.0 38.9441947937
0.00187053819411 78 109 0.0 20.0 34.283290863
0.00185138901516 74 133 0.0 20.0 24.2910995483
0.00183951184386 68 128 0.0 20.0 25.9123859406
0.00181731443646 78 114 0.0 20.0 42.3370018005
0.00176998982097 72 125 0.0 20.0 27.2187042236
0.00176998982097 72 124 0.0 20.0 29.8706703186
0.00169660976992 74 126 0.0 20.0 29.2007713318
0.00167138392577 80 124 0.0 20.0 37.5500450134
0.00163303236511 65 87 0.0 20.0 25.9587459564
0.00158087563455 1 126 0.0 20.0 42.3549346924
0.00152185369583 7 126 0.0 20.0 27.8315200806
0.001506611411 11 126 0.0 20.0 20.792886734
0.00147983164931 87 127 0.0 20.0 27.3459320068
0.00147554691194 11 128 0.0 20.0 25.1091861725
0.00146723263353 17 128 0.0 20.0 25.9897613525
0.00146134881586 17 129 0.0 20.0 22.3174953461
0.00145893692356 28 127 0.0 20.0 36.5476799011
0.00144381509036 33 121 0.0 20.0 32.876373291
0.00143482467105 65 112 0.0 20.0 30.1060333252
0.00141808968666 67 112 0.0 20.0 23.9490413666
0.00138948219285 28 116 0.0 20.0 38.31457901
0.00135036877638 36 104 0.0 20.0 24.4790000916
0.00134491613049 36 107 0.0 20.0 20.8832530975
0.00133384881557 41 113 0.0 20.0 26.8194160461
0.00106792350784 87 133 0.0 20.0 18.7820854187
0.000542348918625 19 180 0.0 20.0 13.0535774231
0.000262138756532 28 107 0.0 20.0 26.880241394
0.000208709107125 7 218 0.0 20.0 999.9
0.000169919487728 36 131 0.0 20.0 39.6316261292
