0.951897516725 130 157 0.0 20.0 10.4526786804
0.944567491609 131 157 0.0 20.0 8.2379989624
0.822479535593 14 158 0.0 20.0 14.588388443
0.808781307999 336 440 0.0 20.0 6.00857067108
0.791556224314 203 347 0.0 20.0 15.2585783005
0.727236914811 151 195 0.0 20.0 18.751449585
0.711013842013 121 158 0.0 20.0 13.4887399673
0.672869028267 15 132 0.0 20.0 12.8762903214
0.627716325196 204 347 0.0 20.0 15.6294803619
0.618218406243 15 157 0.0 20.0 18.6681919098
0.61377915682 488 536 0.0 20.0 14.3845233917
0.600488337416 129 156 0.0 20.0 16.1205234528
0.584766221591 69 135 0.0 20.0 19.0985393524
0.580420321989 96 195 0.0 20.0 17.9707012177
0.574510614249 163 177 0.0 20.0 10.6927690506
0.558078723101 410 494 0.0 20.0 13.0250377655
0.554603946714 338 373 0.0 20.0 13.790678978
0.540880205928 8 421 0.0 20.0 41.9134864807
0.535956861354 208 433 0.0 20.0 25.9736843109
0.531510868402 407 491 0.0 20.0 13.712972641
0.528358328893 492 536 0.0 20.0 16.5896873474
0.524281692756 149 198 0.0 20.0 19.0574207306
0.524212312542 134 158 0.0 20.0 9.78335666656
0.497293687781 208 232 0.0 20.0 7.70786476135
0.487149340264 176 537 0.0 20.0 38.9446182251
0.478256625734 121 157 0.0 20.0 15.2632665634
0.474575818893 433 462 0.0 20.0 30.6895828247
0.47291013525 319 345 0.0 20.0 15.7292985916
0.46841754474 146 196 0.0 20.0 9.64314556122
0.467529849507 489 536 0.0 20.0 11.5684986115
0.466277610111 135 158 0.0 20.0 11.2380743027
0.46454744975 398 552 0.0 20.0 17.2011871338
0.458359207035 70 562 0.0 20.0 51.4721412659
0.458242302129 418 431 0.0 20.0 20.9428062439
0.446473115918 127 155 0.0 20.0 11.8660173416
0.439211550293 553 565 0.0 20.0 12.0887699127
0.438586773721 121 153 0.0 20.0 20.8399448395
0.432607815293 84 258 0.0 20.0 40.9500846863
0.431831704739 180 432 0.0 20.0 14.8030509949
0.430428610319 183 195 0.0 20.0 19.2900753021
0.429279719409 396 432 0.0 20.0 10.7698040009
0.423632722599 158 178 0.0 20.0 10.2562141418
0.409148035767 545 570 0.0 20.0 15.7977819443
0.408578872542 433 466 0.0 20.0 30.049697876
0.399940405077 337 438 0.0 20.0 11.2649869919
0.396651675271 397 541 0.0 20.0 12.0052204132
0.393207194598 422 471 0.0 20.0 17.7368373871
0.391627546693 409 494 0.0 20.0 11.6485862732
0.382807023653 90 235 0.0 20.0 26.4851760864
0.382734105794 128 155 0.0 20.0 11.8943777084
0.381538472602 48 135 0.0 20.0 25.6581401825
0.378738033244 188 294 0.0 20.0 27.5842247009
0.378538013487 2 431 0.0 20.0 46.2173156738
0.377986736894 72 433 0.0 20.0 48.4408874512
0.375554914843 1 337 0.0 20.0 46.3781585693
0.371235105381 186 199 0.0 20.0 20.5771427155
0.367784798136 314 351 0.0 20.0 15.2864894867
0.364241965846 431 473 0.0 20.0 25.373714447
0.363122105208 276 431 0.0 20.0 32.1132545471
0.362381960912 195 213 0.0 20.0 14.0320339203
0.360651691524 195 218 0.0 20.0 17.655172348
0.359040172744 134 159 0.0 20.0 13.3706998825
0.358357189193 39 72 0.0 20.0 12.5505104065
0.356451483827 104 195 0.0 20.0 14.5838022232
0.356245659246 157 213 0.0 20.0 33.0568847656
0.356018004801 133 324 0.0 20.0 43.760269165
0.354069090051 79 255 0.0 20.0 39.9893417358
0.354011652659 230 259 0.0 20.0 9.06324577332
0.35275253065 171 537 0.0 20.0 44.6300697327
0.347427964089 80 256 0.0 20.0 38.0796470642
0.346679767373 84 235 0.0 20.0 31.4917106628
0.346550466493 174 537 0.0 20.0 44.0619621277
0.345124985172 431 480 0.0 20.0 21.7001667023
0.344552981302 146 388 0.0 20.0 30.8519477844
0.335840211328 93 272 0.0 20.0 43.8272476196
0.331826144031 48 281 0.0 20.0 31.1748790741
0.327344603499 235 434 0.0 20.0 31.2917079926
0.323976788631 436 462 0.0 20.0 35.9451980591
0.318915448194 187 418 0.0 20.0 16.70545578
0.318663419543 335 440 0.0 20.0 8.15859508514
0.318132699513 409 490 0.0 20.0 6.5323343277
0.31717726289 176 189 0.0 20.0 20.1610431671
0.316451000644 321 410 0.0 20.0 39.992641449
0.315616783391 411 537 0.0 20.0 18.0491714478
0.313291127061 157 434 0.0 20.0 30.0842666626
0.312991446368 398 521 0.0 20.0 11.5518903732
0.312427186436 321 347 0.0 20.0 14.1215839386
0.312194568394 186 420 0.0 20.0 15.8310070038
0.312022068119 560 572 0.0 20.0 19.6997833252
0.310608300769 158 418 0.0 20.0 31.8728179932
0.307296212612 186 415 0.0 20.0 20.4642505646
0.302928982834 201 357 0.0 20.0 30.05402565
0.302084816072 398 426 0.0 20.0 12.1468915939
0.300815536069 154 259 0.0 20.0 24.9021244049
0.297801049744 113 133 0.0 20.0 12.4987354279
0.295692505669 61 135 0.0 20.0 24.2734527588
0.295463811065 1 262 0.0 20.0 29.0443496704
0.294996365445 69 427 0.0 20.0 43.0389022827
0.294271652404 482 562 0.0 20.0 48.3898239136
0.29425776674 1 154 0.0 20.0 28.4890785217
0.291817818677 315 346 0.0 20.0 12.9068412781
0.291447087197 397 428 0.0 20.0 9.01223945618
0.281924382045 408 420 0.0 20.0 9.0255279541
0.225720945447 419 431 0.0 20.0 19.5045261383
0.214356359705 458 470 0.0 20.0 9.75299358368
0.211001384434 330 342 0.0 20.0 7.60192251205
0.161852768133 272 284 0.0 20.0 13.7336015701
