1.0 131 158 0.0 20.0 7.23957681656
0.962656843273 41 69 0.0 20.0 8.44973659515
0.951897516725 130 157 0.0 20.0 10.4526786804
0.944567491609 131 157 0.0 20.0 8.2379989624
0.93172581314 149 195 0.0 20.0 14.0218305588
0.913646551515 127 157 0.0 20.0 11.0722579956
0.908757652377 127 158 0.0 20.0 8.30046367645
0.899634589008 13 158 0.0 20.0 14.4075307846
0.894858683077 13 157 0.0 20.0 16.0599193573
0.884830352765 13 132 0.0 20.0 11.2151679993
0.87371371427 130 158 0.0 20.0 9.14916706085
0.868971687943 44 69 0.0 20.0 12.8764133453
0.864135089795 148 195 0.0 20.0 14.57924366
0.859798815045 129 158 0.0 20.0 11.8633670807
0.858349517486 40 69 0.0 20.0 10.8147001266
0.83763118521 128 157 0.0 20.0 12.2297353745
0.831034305063 95 201 0.0 20.0 17.1675376892
0.822479535593 14 158 0.0 20.0 14.588388443
0.808781307999 336 440 0.0 20.0 6.00857067108
0.801108417616 491 536 0.0 20.0 13.7513713837
0.79927302098 15 158 0.0 20.0 17.9503650665
0.791556224314 203 347 0.0 20.0 15.2585783005
0.785859711275 205 347 0.0 20.0 12.2854480743
0.783055010587 207 347 0.0 20.0 13.7442951202
0.780064730743 337 440 0.0 20.0 8.45222473145
0.770028035944 9 158 0.0 20.0 23.4048213959
0.755101887758 229 259 0.0 20.0 10.4699201584
0.753134831994 186 421 0.0 20.0 12.0809984207
0.752967725163 206 347 0.0 20.0 10.9791936874
0.750956234437 38 69 0.0 20.0 6.40222501755
0.74485820792 132 157 0.0 20.0 11.3369493484
0.735134677581 7 158 0.0 20.0 22.9751739502
0.727236914811 151 195 0.0 20.0 18.751449585
0.726302860901 42 69 0.0 20.0 7.69036626816
0.724349288945 12 158 0.0 20.0 18.1951541901
0.724333474596 410 488 0.0 20.0 5.62831306458
0.712117424035 13 155 0.0 20.0 12.0048732758
0.712045888947 208 228 0.0 20.0 9.12146663666
0.711013842013 121 158 0.0 20.0 13.4887399673
0.709147687274 491 534 0.0 20.0 8.5150680542
0.7066804028 123 158 0.0 20.0 9.02862167358
0.70531344971 9 157 0.0 20.0 24.2369594574
0.704893624725 10 158 0.0 20.0 19.7162189484
0.704836290978 150 195 0.0 20.0 15.789150238
0.701301387767 128 158 0.0 20.0 9.87705516815
0.692168849133 185 423 0.0 20.0 18.70221138
0.691556046476 191 210 0.0 20.0 13.0475893021
0.690890057761 39 69 0.0 20.0 8.78640460968
0.687125560402 10 157 0.0 20.0 20.5404682159
0.686636770577 34 134 0.0 20.0 15.0760154724
0.685561385033 125 155 0.0 20.0 18.0999011993
0.685324109255 334 374 0.0 20.0 13.9275064468
0.677060278974 12 155 0.0 20.0 15.7483263016
0.672869028267 15 132 0.0 20.0 12.8762903214
0.672596592213 15 155 0.0 20.0 14.795671463
0.672074687308 521 552 0.0 20.0 11.6567258835
0.6714565516 338 369 0.0 20.0 19.3761444092
0.667224586829 202 347 0.0 20.0 14.4308481216
0.665267868796 553 567 0.0 20.0 9.95307922363
0.664061966945 195 210 0.0 20.0 9.45457172394
0.663347332035 36 134 0.0 20.0 12.4508066177
0.662374135037 14 155 0.0 20.0 11.1327981949
0.66166392305 14 157 0.0 20.0 15.3846521378
0.66116539713 11 158 0.0 20.0 18.990240097
0.658661930033 492 535 0.0 20.0 14.9297571182
0.651077529162 89 101 0.0 20.0 13.8778972626
0.644980138237 120 133 0.0 20.0 14.0530910492
0.640011267718 189 421 0.0 20.0 14.5093412399
0.638360427476 186 423 0.0 20.0 15.149646759
0.632949392607 397 521 0.0 20.0 10.8986587524
0.628032040557 31 134 0.0 20.0 13.0156459808
0.627716325196 204 347 0.0 20.0 15.6294803619
0.627679638091 553 568 0.0 20.0 11.5284128189
0.626809039191 35 133 0.0 20.0 10.2972822189
0.626115899794 337 439 0.0 20.0 8.60201931
0.623640776583 95 195 0.0 20.0 19.3781852722
0.623236855255 188 421 0.0 20.0 16.2233047485
0.622313877455 7 48 0.0 20.0 10.9954767227
0.621220537546 337 369 0.0 20.0 17.5177936554
0.618218406243 15 157 0.0 20.0 18.6681919098
0.615291527643 184 423 0.0 20.0 17.9839305878
0.615023539527 126 158 0.0 20.0 11.9933633804
0.61377915682 488 536 0.0 20.0 14.3845233917
0.611484860246 410 495 0.0 20.0 13.386177063
0.605944251638 9 155 0.0 20.0 19.2392902374
0.601963717046 396 428 0.0 20.0 6.95695400238
0.600488337416 129 156 0.0 20.0 16.1205234528
0.599833245915 41 72 0.0 20.0 11.8206653595
0.599383560578 232 538 0.0 20.0 51.5195808411
0.597815508027 124 157 0.0 20.0 13.8624095917
0.595802565814 410 485 0.0 20.0 9.50827503204
0.594950015201 124 155 0.0 20.0 15.7667808533
0.594354287306 144 195 0.0 20.0 9.63565254211
0.591460050051 339 374 0.0 20.0 15.8059463501
0.590933507508 31 133 0.0 20.0 10.3410234451
0.590513755782 195 209 0.0 20.0 11.9470672607
0.589397985171 133 157 0.0 20.0 11.6902618408
0.588847165328 337 374 0.0 20.0 12.3867731094
0.585349551545 208 346 0.0 20.0 12.743724823
0.584766221591 69 135 0.0 20.0 19.0985393524
0.580420321989 96 195 0.0 20.0 17.9707012177
0.574510614249 163 177 0.0 20.0 10.6927690506
0.574421870346 191 218 0.0 20.0 17.2455196381
0.574416315911 11 157 0.0 20.0 20.4714164734
0.572777687937 235 538 0.0 20.0 47.7349853516
0.572190619314 35 134 0.0 20.0 12.8644504547
0.568705309803 408 488 0.0 20.0 10.6190700531
0.566765948117 409 495 0.0 20.0 11.0752458572
0.566226982712 122 158 0.0 20.0 12.5350599289
0.560495035739 34 133 0.0 20.0 11.9731044769
0.559048563857 122 157 0.0 20.0 14.1508016586
0.558078723101 410 494 0.0 20.0 13.0250377655
0.554603946714 338 373 0.0 20.0 13.790678978
0.554128954452 183 423 0.0 20.0 16.2820205688
0.55337639637 232 540 0.0 20.0 50.9702682495
0.551311159752 235 540 0.0 20.0 46.8037643433
0.54983941127 158 176 0.0 20.0 14.2020483017
0.546170316357 410 484 0.0 20.0 8.49419784546
0.545989365129 12 157 0.0 20.0 19.9060668945
0.542573597 45 69 0.0 20.0 11.4020309448
0.542523214298 493 535 0.0 20.0 13.1679115295
0.542489712213 41 64 0.0 20.0 14.4751768112
0.542406548128 229 260 0.0 20.0 10.4350090027
0.542208263872 148 198 0.0 20.0 19.2470245361
0.541596733335 88 102 0.0 20.0 17.362071991
0.54119517121 142 195 0.0 20.0 13.9842481613
0.540880205928 8 421 0.0 20.0 41.9134864807
0.540293449865 395 428 0.0 20.0 10.2937660217
0.536208304732 119 157 0.0 20.0 12.1589584351
0.535956861354 208 433 0.0 20.0 25.9736843109
0.535838478171 333 374 0.0 20.0 15.9086036682
0.535395291997 98 201 0.0 20.0 16.6724395752
0.534290049276 11 155 0.0 20.0 15.6849355698
0.533492638245 125 158 0.0 20.0 13.7483091354
0.531834161617 96 201 0.0 20.0 14.0532598495
0.531671186844 409 493 0.0 20.0 8.90957546234
0.531510868402 407 491 0.0 20.0 13.712972641
0.531184752639 36 133 0.0 20.0 9.49661254883
0.530242784298 409 491 0.0 20.0 9.10142993927
0.528358328893 492 536 0.0 20.0 16.5896873474
0.527360852545 186 422 0.0 20.0 12.6731615067
0.527268516474 174 541 0.0 20.0 37.3231811523
0.526752736481 408 495 0.0 20.0 12.086514473
0.524737067577 218 440 0.0 20.0 13.1950883865
0.524529496465 407 495 0.0 20.0 15.5881309509
0.524281692756 149 198 0.0 20.0 19.0574207306
0.524212312542 134 158 0.0 20.0 9.78335666656
0.522829040274 183 432 0.0 20.0 13.3168592453
0.522410833057 490 536 0.0 20.0 13.7070379257
0.520317422178 159 474 0.0 20.0 42.1859474182
0.519565177529 144 185 0.0 20.0 12.027258873
0.517618662259 185 418 0.0 20.0 19.1241436005
0.514160744324 152 195 0.0 20.0 19.0318584442
0.513814803723 119 158 0.0 20.0 11.7365064621
0.51368234941 493 536 0.0 20.0 14.4486560822
0.509712318882 409 488 0.0 20.0 7.9280090332
0.508947923565 46 69 0.0 20.0 13.0473442078
0.508521819061 338 439 0.0 20.0 10.565369606
0.506502053948 337 373 0.0 20.0 12.0910491943
0.501164362819 439 462 0.0 20.0 37.2938079834
0.499790368242 10 155 0.0 20.0 15.6625299454
0.498258863035 489 537 0.0 20.0 13.7043380737
0.497745029769 149 201 0.0 20.0 23.0776462555
0.497293687781 208 232 0.0 20.0 7.70786476135
0.496952042467 7 277 0.0 20.0 22.8006305695
0.494496645577 411 485 0.0 20.0 11.6605415344
0.494413421858 159 470 0.0 20.0 42.8870620728
0.493824279276 488 537 0.0 20.0 15.8341226578
0.488966945932 490 534 0.0 20.0 9.84921646118
0.488837606354 159 471 0.0 20.0 45.2513847351
0.48797581659 124 158 0.0 20.0 11.0455961227
0.487149340264 176 537 0.0 20.0 38.9446182251
0.485024503174 8 158 0.0 20.0 24.3442306519
0.483085888881 201 421 0.0 20.0 23.020866394
0.481817457223 184 418 0.0 20.0 20.0114498138
0.479873711857 439 466 0.0 20.0 35.6376037598
0.478500335878 515 529 0.0 20.0 21.2824172974
0.478256625734 121 157 0.0 20.0 15.2632665634
0.477377555202 9 195 0.0 20.0 25.4901046753
0.477109238057 397 429 0.0 20.0 11.8539953232
0.476927230656 282 559 0.0 20.0 56.4960861206
0.47683853301 398 545 0.0 20.0 10.5796279907
0.474907216315 197 471 0.0 20.0 15.6816062927
0.474623163746 183 431 0.0 20.0 14.239865303
0.474575818893 433 462 0.0 20.0 30.6895828247
0.473930181645 492 533 0.0 20.0 11.2314739227
0.473762402344 408 484 0.0 20.0 12.0063343048
0.473694705334 192 216 0.0 20.0 19.6983032227
0.473607184304 409 482 0.0 20.0 16.9734992981
0.47338832242 153 195 0.0 20.0 19.1973838806
0.47291013525 319 345 0.0 20.0 15.7292985916
0.469941397086 189 419 0.0 20.0 18.7885684967
0.469781044034 142 201 0.0 20.0 18.625082016
0.469369599086 146 195 0.0 20.0 9.77963352203
0.468618950837 159 476 0.0 20.0 42.3173332214
0.468582841349 12 132 0.0 20.0 14.1923866272
0.46841754474 146 196 0.0 20.0 9.64314556122
0.468372283542 410 482 0.0 20.0 13.6531352997
0.467529849507 489 536 0.0 20.0 11.5684986115
0.467511685786 121 155 0.0 20.0 18.598947525
0.466277610111 135 158 0.0 20.0 11.2380743027
0.466026598939 395 431 0.0 20.0 8.95143985748
0.465690276292 397 427 0.0 20.0 7.75318098068
0.46454744975 398 552 0.0 20.0 17.2011871338
0.464175587004 147 195 0.0 20.0 13.2561903
0.463895753646 33 133 0.0 20.0 9.44595336914
0.463382827766 333 440 0.0 20.0 13.9009628296
0.463025163504 189 210 0.0 20.0 18.0215892792
0.460880057929 158 436 0.0 20.0 32.844581604
0.460077355583 157 274 0.0 20.0 20.3665523529
0.459871990884 132 158 0.0 20.0 10.7962188721
0.459226072023 491 537 0.0 20.0 16.5637245178
0.459107402784 180 423 0.0 20.0 20.7806625366
0.458747387202 201 423 0.0 20.0 23.7056217194
0.458359207035 70 562 0.0 20.0 51.4721412659
0.458242302129 418 431 0.0 20.0 20.9428062439
0.457588961066 195 207 0.0 20.0 7.17955875397
0.457269728665 180 418 0.0 20.0 23.1535186768
0.45678904331 120 134 0.0 20.0 13.84009552
0.454765260026 144 194 0.0 20.0 9.54622554779
0.454246714336 123 155 0.0 20.0 13.8250656128
0.454037409113 315 345 0.0 20.0 16.0674629211
0.45359595354 187 423 0.0 20.0 14.8898439407
0.451830116627 9 258 0.0 20.0 13.8462896347
0.449907578286 408 490 0.0 20.0 9.51875495911
0.447909041268 7 157 0.0 20.0 23.980381012
0.447144896184 437 462 0.0 20.0 38.5793190002
0.446473115918 127 155 0.0 20.0 11.8660173416
0.446038690884 319 346 0.0 20.0 12.0705852509
0.445754649671 70 191 0.0 20.0 27.5149402618
0.445287285882 374 386 0.0 20.0 18.5008049011
0.444338074557 82 258 0.0 20.0 41.6377792358
0.443660845082 182 432 0.0 20.0 17.0818901062
0.443652526998 398 543 0.0 20.0 13.3118286133
0.443298406101 9 198 0.0 20.0 28.9119033813
0.443195149527 188 422 0.0 20.0 15.6981725693
0.442644867419 189 568 0.0 20.0 38.5661468506
0.442345464055 83 258 0.0 20.0 38.5911750793
0.442115736242 7 155 0.0 20.0 19.6224021912
0.442041062563 8 157 0.0 20.0 25.575843811
0.440817524086 187 201 0.0 20.0 21.164598465
0.440175430857 154 195 0.0 20.0 21.7494297028
0.440109234173 374 389 0.0 20.0 23.0239753723
0.440074184283 407 488 0.0 20.0 9.15201759338
0.439746368365 179 195 0.0 20.0 25.0178337097
0.439211550293 553 565 0.0 20.0 12.0887699127
0.438951312563 186 428 0.0 20.0 13.0417413712
0.43874148741 438 462 0.0 20.0 37.5514526367
0.438586773721 121 153 0.0 20.0 20.8399448395
0.438218133771 79 254 0.0 20.0 37.3080177307
0.437637900349 148 201 0.0 20.0 22.8740882874
0.437133633263 80 254 0.0 20.0 35.0527458191
0.436821333658 70 186 0.0 20.0 26.4633769989
0.436029468098 14 132 0.0 20.0 11.5709619522
0.43554015229 46 64 0.0 20.0 13.4110631943
0.435445723093 227 239 0.0 20.0 18.23595047
0.43485283672 492 531 0.0 20.0 13.3671274185
0.434087149769 43 67 0.0 20.0 14.2676439285
0.433540286872 184 431 0.0 20.0 14.7647018433
0.433169294928 126 155 0.0 20.0 15.6332836151
0.432607815293 84 258 0.0 20.0 40.9500846863
0.432053239282 158 433 0.0 20.0 30.598897934
0.431831704739 180 432 0.0 20.0 14.8030509949
0.431489291064 283 559 0.0 20.0 55.6112747192
0.431481456611 144 196 0.0 20.0 7.72548627853
0.431043834588 70 188 0.0 20.0 26.5478668213
0.430768421934 8 281 0.0 20.0 20.6833820343
0.430489077793 40 64 0.0 20.0 16.8892841339
0.430428610319 183 195 0.0 20.0 19.2900753021
0.429279719409 396 432 0.0 20.0 10.7698040009
0.429175107574 70 189 0.0 20.0 23.8078575134
0.427872560829 186 418 0.0 20.0 15.4396095276
0.427636565045 316 432 0.0 20.0 42.303352356
0.426529282402 89 479 0.0 20.0 37.2858428955
0.426408060509 317 432 0.0 20.0 43.4120788574
0.425639219608 43 70 0.0 20.0 13.8963499069
0.424625983827 89 102 0.0 20.0 16.7581119537
0.424141278259 191 421 0.0 20.0 15.6893215179
0.423632722599 158 178 0.0 20.0 10.2562141418
0.423608733524 121 133 0.0 20.0 14.6503190994
0.423403477315 157 176 0.0 20.0 11.8288393021
0.423210257954 27 134 0.0 20.0 15.8410825729
0.422681057311 195 219 0.0 20.0 20.0610485077
0.422537188502 492 532 0.0 20.0 13.4559278488
0.420783118731 122 134 0.0 20.0 12.464676857
0.420386267124 192 423 0.0 20.0 19.5062294006
0.41942368456 59 189 0.0 20.0 33.4403457642
0.418127873772 410 489 0.0 20.0 4.52875375748
0.416767312132 134 157 0.0 20.0 8.62406158447
0.415737557817 81 258 0.0 20.0 43.6606330872
0.414439895787 410 490 0.0 20.0 5.66316318512
0.414236711769 493 531 0.0 20.0 9.71011161804
0.413706757341 32 134 0.0 20.0 10.1349430084
0.413560108746 143 195 0.0 20.0 13.3156690598
0.413538556364 88 258 0.0 20.0 40.8604660034
0.41293377085 8 154 0.0 20.0 21.2621440887
0.412722228451 159 330 0.0 20.0 42.459980011
0.412445102519 143 201 0.0 20.0 16.6890735626
0.411857202706 197 470 0.0 20.0 14.0739393234
0.411635400715 4 431 0.0 20.0 47.1755714417
0.411452923525 85 235 0.0 20.0 30.6746788025
0.411190672806 85 258 0.0 20.0 41.1845016479
0.410887510385 495 536 0.0 20.0 13.8017959595
0.409424563099 536 575 0.0 20.0 12.6729164124
0.409148035767 545 570 0.0 20.0 15.7977819443
0.408971820828 274 431 0.0 20.0 27.2516822815
0.408578872542 433 466 0.0 20.0 30.049697876
0.408562439118 123 157 0.0 20.0 11.1672487259
0.408554923046 162 176 0.0 20.0 14.65483284
0.40778428549 492 540 0.0 20.0 21.1257476807
0.407579198441 490 532 0.0 20.0 12.4601650238
0.407161088442 119 155 0.0 20.0 16.5798912048
0.407032005393 195 214 0.0 20.0 12.5097522736
0.406902294982 80 257 0.0 20.0 38.892364502
0.406745929203 145 195 0.0 20.0 10.614689827
0.405861912663 283 310 0.0 20.0 41.2642593384
0.405198741273 317 431 0.0 20.0 46.4928398132
0.404297200254 189 422 0.0 20.0 14.1667537689
0.404230267269 80 255 0.0 20.0 37.5650215149
0.40335868202 384 397 0.0 20.0 17.9285545349
0.40192945483 87 258 0.0 20.0 38.1457099915
0.401894104623 3 431 0.0 20.0 45.1691360474
0.4010347566 146 194 0.0 20.0 11.0812311172
0.400407006439 209 228 0.0 20.0 10.3271284103
0.40037358594 281 431 0.0 20.0 26.5244903564
0.399940405077 337 438 0.0 20.0 11.2649869919
0.399652955499 221 421 0.0 20.0 39.6271057129
0.399583061894 232 539 0.0 20.0 53.8872375488
0.39953620514 490 537 0.0 20.0 16.4321174622
0.398889343001 182 418 0.0 20.0 19.4903030396
0.398700321553 122 155 0.0 20.0 17.2234134674
0.398051642306 1 70 0.0 20.0 20.0285358429
0.396651675271 397 541 0.0 20.0 12.0052204132
0.395329019907 190 410 0.0 20.0 22.659696579
0.39458796794 8 280 0.0 20.0 17.1772537231
0.394325374727 482 537 0.0 20.0 24.7109680176
0.393207194598 422 471 0.0 20.0 17.7368373871
0.392591529214 129 157 0.0 20.0 13.4670162201
0.392370211003 121 135 0.0 20.0 18.7692508698
0.391627546693 409 494 0.0 20.0 11.6485862732
0.391491064296 235 539 0.0 20.0 49.8814086914
0.390912535371 408 485 0.0 20.0 12.9353246689
0.390347008438 3 258 0.0 20.0 22.2522621155
0.389534642455 314 352 0.0 20.0 14.4750318527
0.389529751573 79 258 0.0 20.0 43.7320594788
0.388601158771 186 201 0.0 20.0 21.9873485565
0.387842014724 191 237 0.0 20.0 14.7387800217
0.387799399881 43 68 0.0 20.0 13.9905376434
0.387214379693 92 258 0.0 20.0 31.1992702484
0.387153575367 407 484 0.0 20.0 8.89065361023
0.387013443156 200 471 0.0 20.0 17.3194313049
0.386903955458 133 314 0.0 20.0 55.945274353
0.386078205461 546 570 0.0 20.0 12.1342563629
0.386062021782 86 258 0.0 20.0 37.4629173279
0.385472846813 440 472 0.0 20.0 26.3351860046
0.385396008006 176 188 0.0 20.0 18.4145050049
0.384684736742 121 156 0.0 20.0 18.1922130585
0.384614056651 125 157 0.0 20.0 16.3614711761
0.384195893297 337 437 0.0 20.0 13.2704515457
0.383387028629 13 129 0.0 20.0 13.3533859253
0.382807023653 90 235 0.0 20.0 26.4851760864
0.382734105794 128 155 0.0 20.0 11.8943777084
0.382551751891 492 539 0.0 20.0 22.9781856537
0.381546017951 410 535 0.0 20.0 13.9026222229
0.381538472602 48 135 0.0 20.0 25.6581401825
0.381519768849 409 484 0.0 20.0 11.9891681671
0.381406053372 208 322 0.0 20.0 13.7270622253
0.381286324125 86 235 0.0 20.0 27.1874008179
0.381004934247 129 159 0.0 20.0 15.3591623306
0.379552576291 144 199 0.0 20.0 12.6571826935
0.379508181863 493 540 0.0 20.0 18.3965797424
0.378738033244 188 294 0.0 20.0 27.5842247009
0.378538071205 41 61 0.0 20.0 16.0532722473
0.378538013487 2 431 0.0 20.0 46.2173156738
0.378441961438 188 423 0.0 20.0 18.188331604
0.377986736894 72 433 0.0 20.0 48.4408874512
0.377451602832 9 132 0.0 20.0 21.1187744141
0.37694380748 40 61 0.0 20.0 18.100402832
0.376600647431 80 258 0.0 20.0 41.4159812927
0.376112782178 182 195 0.0 20.0 20.6251602173
0.376025149052 410 481 0.0 20.0 13.4477882385
0.375554914843 1 337 0.0 20.0 46.3781585693
0.37541129096 116 133 0.0 20.0 16.292098999
0.374901507072 155 213 0.0 20.0 31.2251739502
0.374786066686 338 440 0.0 20.0 9.19014453888
0.374487420811 29 133 0.0 20.0 14.0156335831
0.373913665398 195 540 0.0 20.0 37.6641578674
0.371933805532 208 345 0.0 20.0 15.3058605194
0.371912883627 192 283 0.0 20.0 14.70499897
0.371499843011 398 522 0.0 20.0 9.92116165161
0.371235105381 186 199 0.0 20.0 20.5771427155
0.37059353071 158 432 0.0 20.0 27.3440513611
0.370564749071 89 257 0.0 20.0 36.786113739
0.369845588616 179 418 0.0 20.0 22.3005332947
0.369361368045 158 192 0.0 20.0 22.7294883728
0.369214750192 121 154 0.0 20.0 18.1274795532
0.36894629418 186 417 0.0 20.0 16.7386188507
0.367784798136 314 351 0.0 20.0 15.2864894867
0.367679653233 72 461 0.0 20.0 29.9371509552
0.367515587314 83 235 0.0 20.0 28.8941955566
0.367504311881 278 431 0.0 20.0 31.7295627594
0.367079463633 33 134 0.0 20.0 12.9734363556
0.366310968526 71 189 0.0 20.0 26.6933765411
0.366046928611 208 434 0.0 20.0 29.1860771179
0.365927804952 186 346 0.0 20.0 30.9891586304
0.365622997786 184 432 0.0 20.0 12.8743104935
0.36464929261 422 474 0.0 20.0 18.0102844238
0.364472715704 70 198 0.0 20.0 27.3980827332
0.364323382811 182 423 0.0 20.0 19.0167064667
0.364241965846 431 473 0.0 20.0 25.373714447
0.364136951936 396 431 0.0 20.0 7.18722867966
0.363537943217 198 461 0.0 20.0 14.7137136459
0.363266635001 433 536 0.0 20.0 28.8080539703
0.363122105208 276 431 0.0 20.0 32.1132545471
0.36250660046 222 537 0.0 20.0 52.3190841675
0.362381960912 195 213 0.0 20.0 14.0320339203
0.361164298073 385 464 0.0 20.0 32.5100593567
0.361042766782 5 410 0.0 20.0 52.088684082
0.360815975861 89 472 0.0 20.0 34.2025718689
0.360651691524 195 218 0.0 20.0 17.655172348
0.360619919022 144 179 0.0 20.0 21.0911331177
0.360514391633 188 242 0.0 20.0 14.0471010208
0.360451689621 195 220 0.0 20.0 22.2991218567
0.359956231876 178 195 0.0 20.0 25.9138641357
0.359414750904 14 129 0.0 20.0 14.9204654694
0.359225665662 75 542 0.0 20.0 53.71043396
0.359101438676 58 189 0.0 20.0 33.186290741
0.359048700189 311 448 0.0 20.0 34.4149627686
0.359040172744 134 159 0.0 20.0 13.3706998825
0.358853844982 337 436 0.0 20.0 13.8710803986
0.358851375534 171 541 0.0 20.0 37.4546356201
0.358357189193 39 72 0.0 20.0 12.5505104065
0.3568323419 439 463 0.0 20.0 38.8268470764
0.356451483827 104 195 0.0 20.0 14.5838022232
0.356245659246 157 213 0.0 20.0 33.0568847656
0.356068953767 89 478 0.0 20.0 35.5577201843
0.356018004801 133 324 0.0 20.0 43.760269165
0.355468896731 181 432 0.0 20.0 16.907541275
0.35495903257 183 198 0.0 20.0 23.5417842865
0.354558024296 349 529 0.0 20.0 41.5181236267
0.354465560776 43 69 0.0 20.0 11.4875802994
0.354409851573 93 440 0.0 20.0 44.9133758545
0.354234123559 202 348 0.0 20.0 17.7944660187
0.354069090051 79 255 0.0 20.0 39.9893417358
0.354011652659 230 259 0.0 20.0 9.06324577332
0.353658519194 407 537 0.0 20.0 14.8761138916
0.352996882324 39 64 0.0 20.0 14.6147642136
0.35275253065 171 537 0.0 20.0 44.6300697327
0.35175099739 181 423 0.0 20.0 21.6028442383
0.350784539543 7 189 0.0 20.0 25.7217063904
0.350606395947 237 536 0.0 20.0 47.9833145142
0.350136800835 132 159 0.0 20.0 14.5542564392
0.35005417376 190 423 0.0 20.0 14.2093629837
0.349880521059 89 255 0.0 20.0 33.6416244507
0.349748423808 155 209 0.0 20.0 32.6642074585
0.349152678967 407 482 0.0 20.0 13.7149610519
0.349065912556 397 522 0.0 20.0 9.49415493011
0.348725234822 374 387 0.0 20.0 20.5865783691
0.348336800814 398 542 0.0 20.0 11.6987037659
0.348287938284 434 462 0.0 20.0 32.9869232178
0.348255313873 172 541 0.0 20.0 36.3302459717
0.347427964089 80 256 0.0 20.0 38.0796470642
0.347068375152 70 195 0.0 20.0 25.9309768677
0.346950966349 235 248 0.0 20.0 12.9865627289
0.346918751516 186 419 0.0 20.0 17.3155021667
0.346679767373 84 235 0.0 20.0 31.4917106628
0.346550466493 174 537 0.0 20.0 44.0619621277
0.346152980286 179 432 0.0 20.0 17.0333938599
0.346091742542 89 109 0.0 20.0 30.7572994232
0.345310092837 430 562 0.0 20.0 39.3497276306
0.345181707224 338 374 0.0 20.0 14.3926086426
0.345124985172 431 480 0.0 20.0 21.7001667023
0.344861250081 178 418 0.0 20.0 24.5872650146
0.344762349472 87 235 0.0 20.0 29.170955658
0.344552981302 146 388 0.0 20.0 30.8519477844
0.344072199651 440 473 0.0 20.0 26.2613735199
0.344065744267 176 541 0.0 20.0 32.3287963867
0.343430380653 282 557 0.0 20.0 54.8163986206
0.343403039514 38 72 0.0 20.0 9.07907009125
0.342790591359 410 493 0.0 20.0 9.72053527832
0.342622276708 2 72 0.0 20.0 21.6357860565
0.342084811806 7 228 0.0 20.0 29.9589691162
0.341901312985 314 349 0.0 20.0 14.0939102173
0.341884825797 131 155 0.0 20.0 9.20844078064
0.340963865123 95 474 0.0 20.0 24.2331695557
0.340955975894 88 235 0.0 20.0 31.1437320709
0.339268458665 183 201 0.0 20.0 27.0609092712
0.339055782713 186 202 0.0 20.0 23.4787006378
0.33780481158 1 61 0.0 20.0 7.99985408783
0.337394243689 155 271 0.0 20.0 21.8388385773
0.336981264935 130 155 0.0 20.0 12.4353981018
0.336071381095 186 200 0.0 20.0 20.9986934662
0.336011906323 48 354 0.0 20.0 57.9989051819
0.335929122099 330 343 0.0 20.0 9.9589509964
0.335914737216 42 72 0.0 20.0 12.3793334961
0.335840211328 93 272 0.0 20.0 43.8272476196
0.33541771723 191 206 0.0 20.0 15.6120519638
0.335168944646 3 432 0.0 20.0 42.3486709595
0.334912966618 203 349 0.0 20.0 20.0213317871
0.334893427368 89 104 0.0 20.0 23.1346073151
0.334708683607 398 427 0.0 20.0 8.71592521667
0.334112515053 86 476 0.0 20.0 30.5358428955
0.33400958191 175 537 0.0 20.0 40.5679283142
0.333716278417 319 353 0.0 20.0 9.97304534912
0.332989812088 219 440 0.0 20.0 16.4162864685
0.332827093397 314 432 0.0 20.0 41.645980835
0.331826144031 48 281 0.0 20.0 31.1748790741
0.331542778323 136 472 0.0 20.0 33.8172569275
0.331296023835 185 428 0.0 20.0 15.4950885773
0.330856370385 220 541 0.0 20.0 46.506362915
0.330847168221 80 235 0.0 20.0 32.9664802551
0.330559263633 421 562 0.0 20.0 30.8281021118
0.330518618413 189 420 0.0 20.0 18.2931079865
0.330355027152 385 467 0.0 20.0 29.3745918274
0.329620058404 89 103 0.0 20.0 19.8013916016
0.329259523331 410 486 0.0 20.0 9.93663692474
0.329137540431 493 539 0.0 20.0 20.5573596954
0.328665345791 503 521 0.0 20.0 9.58292961121
0.328378760717 316 431 0.0 20.0 45.192943573
0.328266664059 407 494 0.0 20.0 16.2176380157
0.328089300401 491 532 0.0 20.0 12.0555505753
0.327344603499 235 434 0.0 20.0 31.2917079926
0.326941196959 70 349 0.0 20.0 48.0171775818
0.326840341051 208 230 0.0 20.0 10.4160528183
0.326461456045 240 258 0.0 20.0 18.4002456665
0.326177883487 176 536 0.0 20.0 39.0087966919
0.325821682496 157 178 0.0 20.0 7.28187656403
0.325820464084 9 201 0.0 20.0 31.6114826202
0.325420396676 495 532 0.0 20.0 7.33198451996
0.324857842093 196 471 0.0 20.0 19.4879760742
0.32482225952 396 553 0.0 20.0 23.0118503571
0.324783978707 144 201 0.0 20.0 14.4368267059
0.324349976129 80 354 0.0 20.0 50.8782234192
0.324233906231 385 465 0.0 20.0 31.8802394867
0.324195955829 181 431 0.0 20.0 18.2718448639
0.3241425987 150 198 0.0 20.0 20.6076431274
0.32398307602 197 450 0.0 20.0 11.7661972046
0.323976788631 436 462 0.0 20.0 35.9451980591
0.323873275603 95 440 0.0 20.0 41.4412727356
0.322288645471 415 428 0.0 20.0 20.117149353
0.322181630265 10 195 0.0 20.0 24.0451927185
0.321891195397 216 540 0.0 20.0 45.8004798889
0.321649950433 320 352 0.0 20.0 14.5043954849
0.321610420894 407 485 0.0 20.0 9.43844032288
0.321328408521 421 485 0.0 20.0 18.1105289459
0.320628665195 162 174 0.0 20.0 9.80444908142
0.320252851059 205 348 0.0 20.0 16.0221347809
0.31997938569 199 450 0.0 20.0 15.2514362335
0.319480976945 314 348 0.0 20.0 17.5315303802
0.318915448194 187 418 0.0 20.0 16.70545578
0.318663419543 335 440 0.0 20.0 8.15859508514
0.318662324491 89 258 0.0 20.0 38.4750709534
0.318616064945 198 473 0.0 20.0 11.3827934265
0.318582290019 89 473 0.0 20.0 30.7983512878
0.318463901036 408 491 0.0 20.0 12.4419260025
0.31835061514 120 158 0.0 20.0 10.9082269669
0.318132699513 409 490 0.0 20.0 6.5323343277
0.317854737031 323 410 0.0 20.0 35.7110748291
0.317479828383 140 186 0.0 20.0 13.1512479782
0.317285806804 189 423 0.0 20.0 17.2080249786
0.317246092942 235 252 0.0 20.0 10.6501045227
0.31717726289 176 189 0.0 20.0 20.1610431671
0.31656126998 241 520 0.0 20.0 35.9316596985
0.316451000644 321 410 0.0 20.0 39.992641449
0.316189322889 82 235 0.0 20.0 31.0754795074
0.315616783391 411 537 0.0 20.0 18.0491714478
0.315336603358 172 536 0.0 20.0 43.6508102417
0.315206884712 89 105 0.0 20.0 25.2192344666
0.31492457586 189 286 0.0 20.0 17.5586032867
0.314799925718 423 467 0.0 20.0 18.983751297
0.314188125226 176 418 0.0 20.0 26.9152412415
0.313783714742 188 428 0.0 20.0 15.0839881897
0.313525565194 200 470 0.0 20.0 15.9272966385
0.31350445515 69 196 0.0 20.0 25.1885681152
0.313291127061 157 434 0.0 20.0 30.0842666626
0.313253654419 54 354 0.0 20.0 55.6723556519
0.312991446368 398 521 0.0 20.0 11.5518903732
0.312740763575 7 132 0.0 20.0 18.280670166
0.312576313261 188 419 0.0 20.0 20.7835788727
0.312514216046 119 134 0.0 20.0 11.8420782089
0.312427186436 321 347 0.0 20.0 14.1215839386
0.312423937728 408 493 0.0 20.0 11.0553817749
0.312258128843 398 547 0.0 20.0 14.1707983017
0.312194568394 186 420 0.0 20.0 15.8310070038
0.312022068119 560 572 0.0 20.0 19.6997833252
0.311755800959 7 258 0.0 20.0 19.0208873749
0.311259425583 194 283 0.0 20.0 19.0838375092
0.311084361292 10 132 0.0 20.0 17.4471302032
0.310841762552 69 137 0.0 20.0 19.8757228851
0.310608300769 158 418 0.0 20.0 31.8728179932
0.310035642072 435 472 0.0 20.0 29.0711021423
0.30993535185 186 426 0.0 20.0 13.9004402161
0.308611971577 38 64 0.0 20.0 14.1750183105
0.308550682364 434 463 0.0 20.0 34.0063171387
0.308378868783 144 438 0.0 20.0 33.3971405029
0.308061379672 12 129 0.0 20.0 15.9607286453
0.307319980822 415 427 0.0 20.0 17.9512882233
0.307296212612 186 415 0.0 20.0 20.4642505646
0.307279500241 85 102 0.0 20.0 14.0966348648
0.307201948353 239 539 0.0 20.0 49.3729476929
0.307086824629 25 134 0.0 20.0 13.1684961319
0.306793939934 176 337 0.0 20.0 33.9653091431
0.306239574774 72 149 0.0 20.0 28.6968212128
0.306172337579 318 448 0.0 20.0 32.8114814758
0.305969707027 157 209 0.0 20.0 34.5622520447
0.305957405757 318 432 0.0 20.0 40.2375106812
0.30582322559 398 544 0.0 20.0 10.435461998
0.305659672569 129 153 0.0 20.0 16.2204875946
0.305057928224 225 239 0.0 20.0 21.2845001221
0.304997911892 492 534 0.0 20.0 11.2043104172
0.30486119764 506 521 0.0 20.0 11.8688869476
0.304642418738 207 435 0.0 20.0 29.163022995
0.304240059526 188 210 0.0 20.0 17.4426136017
0.303872185049 1 421 0.0 20.0 44.6800460815
0.303454407518 489 534 0.0 20.0 9.14677429199
0.303237792849 5 186 0.0 20.0 31.9338760376
0.302996711967 408 482 0.0 20.0 17.1841564178
0.302952089287 88 272 0.0 20.0 50.5328941345
0.302928982834 201 357 0.0 20.0 30.05402565
0.302626423258 69 139 0.0 20.0 17.9784011841
0.30258137842 207 232 0.0 20.0 10.2539825439
0.302467199832 259 274 0.0 20.0 12.8572921753
0.302109913687 49 277 0.0 20.0 31.8166370392
0.302084816072 398 426 0.0 20.0 12.1468915939
0.302052628509 423 473 0.0 20.0 16.4108638763
0.301835851662 485 561 0.0 20.0 43.4436454773
0.301766435211 417 511 0.0 20.0 20.6583385468
0.301495064267 78 235 0.0 20.0 38.8205947876
0.300815536069 154 259 0.0 20.0 24.9021244049
0.300567419902 421 471 0.0 20.0 20.6767787933
0.300012193911 75 148 0.0 20.0 29.5524673462
0.299761612277 195 237 0.0 20.0 10.8033246994
0.299277430375 54 200 0.0 20.0 35.9075202942
0.299219234731 121 137 0.0 20.0 19.1410102844
0.299144407186 237 537 0.0 20.0 49.1024665833
0.298892674932 201 422 0.0 20.0 20.700006485
0.298625774022 144 200 0.0 20.0 12.1251659393
0.298444677854 178 423 0.0 20.0 23.7935714722
0.298333776768 78 258 0.0 20.0 46.991317749
0.29813844166 315 431 0.0 20.0 42.3825111389
0.297949616611 437 466 0.0 20.0 37.0719146729
0.297801049744 113 133 0.0 20.0 12.4987354279
0.297784322995 320 410 0.0 20.0 37.4952850342
0.297251234627 58 198 0.0 20.0 33.9524116516
0.29691943857 72 135 0.0 20.0 21.7159519196
0.296655669241 196 463 0.0 20.0 19.4930515289
0.296277553167 70 208 0.0 20.0 32.8049964905
0.2962136608 204 470 0.0 20.0 21.174123764
0.296193095661 286 471 0.0 20.0 35.7022247314
0.295723001867 397 425 0.0 20.0 10.8656902313
0.295692505669 61 135 0.0 20.0 24.2734527588
0.295673220575 133 315 0.0 20.0 53.7309379578
0.295463811065 1 262 0.0 20.0 29.0443496704
0.294996365445 69 427 0.0 20.0 43.0389022827
0.29473490636 72 460 0.0 20.0 31.7957782745
0.294494429601 190 239 0.0 20.0 16.526725769
0.294271652404 482 562 0.0 20.0 48.3898239136
0.29425776674 1 154 0.0 20.0 28.4890785217
0.294006580574 157 271 0.0 20.0 25.1606731415
0.293876366762 200 463 0.0 20.0 18.5103721619
0.293329952849 133 323 0.0 20.0 46.810874939
0.29288056678 226 239 0.0 20.0 20.2748222351
0.292805698407 198 540 0.0 20.0 37.8776741028
0.292533729639 58 186 0.0 20.0 36.8294067383
0.292448352375 407 481 0.0 20.0 12.4704017639
0.29226910823 155 212 0.0 20.0 30.5500984192
0.291918699552 232 252 0.0 20.0 11.6718568802
0.291817818677 315 346 0.0 20.0 12.9068412781
0.291747581945 409 486 0.0 20.0 13.0488138199
0.291747581945 408 486 0.0 20.0 14.4567537308
0.291555458672 545 575 0.0 20.0 11.2585525513
0.291447087197 397 428 0.0 20.0 9.01223945618
0.291231372902 420 513 0.0 20.0 16.6676597595
0.291123601526 282 554 0.0 20.0 51.9429588318
0.290893590969 70 129 0.0 20.0 20.4815597534
0.290714738344 268 472 0.0 20.0 36.5725021362
0.290706000355 72 142 0.0 20.0 23.1252632141
0.290672092438 186 427 0.0 20.0 15.4328727722
0.290649095453 238 537 0.0 20.0 45.7397117615
0.290636658991 188 417 0.0 20.0 21.1205806732
0.290561106621 431 477 0.0 20.0 24.6595935822
0.290528570996 142 198 0.0 20.0 17.1935462952
0.290340852412 283 472 0.0 20.0 33.7630119324
0.290290619132 48 139 0.0 20.0 27.5849742889
0.281924382045 408 420 0.0 20.0 9.0255279541
0.258038146744 31 43 0.0 20.0 18.6538066864
0.240642255613 235 247 0.0 20.0 15.6951618195
0.237376771256 558 570 0.0 20.0 18.9135112762
0.237236696749 188 200 0.0 20.0 18.5729351044
0.23567426294 246 258 0.0 20.0 18.3834495544
0.235635344795 186 198 0.0 20.0 18.7998447418
0.226762423775 509 521 0.0 20.0 10.2842931747
0.225720945447 419 431 0.0 20.0 19.5045261383
0.218868260756 418 430 0.0 20.0 19.8456306458
0.2159521977 90 102 0.0 20.0 17.7382297516
0.214356359705 458 470 0.0 20.0 9.75299358368
0.211001384434 330 342 0.0 20.0 7.60192251205
0.206783948558 373 385 0.0 20.0 19.2523460388
0.202923892248 508 520 0.0 20.0 11.553404808
0.177936840273 473 485 0.0 20.0 12.4847736359
0.166768592074 530 542 0.0 20.0 16.6605014801
0.166261295194 69 81 0.0 20.0 17.6121826172
0.165571941637 109 121 0.0 20.0 23.1383972168
0.165487708318 228 240 0.0 20.0 18.7169189453
0.161852768133 272 284 0.0 20.0 13.7336015701
0.155833915004 150 162 0.0 20.0 18.3990936279
0.153481542582 174 186 0.0 20.0 18.6850452423
