0.00160696278314 13 158 0.0 20.0 14.4075307846
0.00160528036114 13 157 0.0 20.0 16.0599193573
0.00157978315241 14 158 0.0 20.0 14.588388443
0.00157160812732 15 158 0.0 20.0 17.9503650665
0.00156130591302 9 158 0.0 20.0 23.4048213959
0.00154901393015 7 158 0.0 20.0 22.9751739502
0.00154521453053 12 158 0.0 20.0 18.1951541901
0.00154090557659 13 155 0.0 20.0 12.0048732758
0.00153850872115 9 157 0.0 20.0 24.2369594574
0.0015383608282 10 158 0.0 20.0 19.7162189484
0.0015321016215 10 157 0.0 20.0 20.5404682159
0.00152855589611 12 155 0.0 20.0 15.7483263016
0.00152698346044 15 155 0.0 20.0 14.795671463
0.00152338236629 14 155 0.0 20.0 11.1327981949
0.00152313217789 14 157 0.0 20.0 15.3846521378
0.00152295656074 11 158 0.0 20.0 18.990240097
0.00150782750177 15 157 0.0 20.0 18.6681919098
0.00150350365032 9 155 0.0 20.0 19.2392902374
0.00149239721447 11 157 0.0 20.0 20.4714164734
0.00148897617158 131 158 0.0 20.0 7.23957681656
0.00148238317144 12 157 0.0 20.0 19.9060668945
0.00147826182007 11 155 0.0 20.0 15.6849355698
0.00147180164487 130 157 0.0 20.0 10.4526786804
0.00146918453025 131 157 0.0 20.0 8.2379989624
0.00146610851903 10 155 0.0 20.0 15.6625299454
0.00146170166532 95 201 0.0 20.0 17.1675376892
0.00146090690563 8 158 0.0 20.0 24.3442306519
0.00146088359769 203 347 0.0 20.0 15.2585783005
0.00145897585425 205 347 0.0 20.0 12.2854480743
0.00145814450746 127 157 0.0 20.0 11.0722579956
0.00145803656923 207 347 0.0 20.0 13.7442951202
0.00145639897328 127 158 0.0 20.0 8.30046367645
0.00144796043652 206 347 0.0 20.0 10.9791936874
0.001447832136 7 157 0.0 20.0 23.980381012
0.00144579131191 7 155 0.0 20.0 19.6224021912
0.0014457650064 8 157 0.0 20.0 25.575843811
0.0014438868739 130 158 0.0 20.0 9.14916706085
0.00143891869363 129 158 0.0 20.0 11.8633670807
0.00143551129773 8 154 0.0 20.0 21.2621440887
0.00143100395567 128 157 0.0 20.0 12.2297353745
0.00141924534213 202 347 0.0 20.0 14.4308481216
0.00140635615543 41 69 0.0 20.0 8.44973659515
0.00140601415554 204 347 0.0 20.0 15.6294803619
0.00139873685331 334 374 0.0 20.0 13.9275064468
0.00139788026084 132 157 0.0 20.0 11.3369493484
0.00139729216204 95 195 0.0 20.0 19.3781852722
0.00139418186458 338 369 0.0 20.0 19.3761444092
0.00139370496327 1 154 0.0 20.0 28.4890785217
0.00139182566269 208 346 0.0 20.0 12.743724823
0.00138579645712 121 158 0.0 20.0 13.4887399673
0.00138424924454 123 158 0.0 20.0 9.02862167358
0.00138386933235 96 195 0.0 20.0 17.9707012177
0.00138232871921 128 158 0.0 20.0 9.87705516815
0.00137768115955 337 369 0.0 20.0 17.5177936554
0.00137670890338 125 155 0.0 20.0 18.0999011993
0.00137393364075 229 259 0.0 20.0 10.4699201584
0.00137358076538 44 69 0.0 20.0 12.8764133453
0.00136988606181 98 201 0.0 20.0 16.6724395752
0.00136986464004 40 69 0.0 20.0 10.8147001266
0.00136878009366 96 201 0.0 20.0 14.0532598495
0.00136790592091 339 374 0.0 20.0 15.8059463501
0.00136704768324 337 374 0.0 20.0 12.3867731094
0.00135580003033 338 373 0.0 20.0 13.790678978
0.00135152404744 126 158 0.0 20.0 11.9933633804
0.00134963625586 333 374 0.0 20.0 15.9086036682
0.00134633439402 129 156 0.0 20.0 16.1205234528
0.00134538008612 124 157 0.0 20.0 13.8624095917
0.0013443569896 124 155 0.0 20.0 15.7667808533
0.00134237469094 133 157 0.0 20.0 11.6902618408
0.00134000030659 337 373 0.0 20.0 12.0910491943
0.00133410170848 122 158 0.0 20.0 12.5350599289
0.0013330091762 149 195 0.0 20.0 14.0218305588
0.00133229351441 38 69 0.0 20.0 6.40222501755
0.00133153872341 122 157 0.0 20.0 14.1508016586
0.00132366862682 42 69 0.0 20.0 7.69036626816
0.00132338382966 119 157 0.0 20.0 12.1589584351
0.00132241422719 125 158 0.0 20.0 13.7483091354
0.00132035343283 208 345 0.0 20.0 15.3058605194
0.00131969813032 229 260 0.0 20.0 10.4350090027
0.0013191007766 134 158 0.0 20.0 9.78335666656
0.00131538844657 119 158 0.0 20.0 11.7365064621
0.00131442586768 202 348 0.0 20.0 17.7944660187
0.00131431209148 104 195 0.0 20.0 14.5838022232
0.00131127959431 39 69 0.0 20.0 8.78640460968
0.00131051629708 336 440 0.0 20.0 6.00857067108
0.00130917281712 148 195 0.0 20.0 14.57924366
0.00130795527591 203 349 0.0 20.0 20.0213317871
0.00130616288597 124 158 0.0 20.0 11.0455961227
0.00130304565153 205 348 0.0 20.0 16.0221347809
0.00130269274282 121 157 0.0 20.0 15.2632665634
0.00130098220011 337 440 0.0 20.0 8.45222473145
0.00129885636587 121 155 0.0 20.0 18.598947525
0.00129841575107 135 158 0.0 20.0 11.2380743027
0.00129689647163 34 134 0.0 20.0 15.0760154724
0.00129612868664 132 158 0.0 20.0 10.7962188721
0.00129412023602 123 155 0.0 20.0 13.8250656128
0.00129134474785 127 155 0.0 20.0 11.8660173416
0.00128895331349 36 134 0.0 20.0 12.4508066177
0.00128852900559 121 153 0.0 20.0 20.8399448395
0.00128701243512 338 374 0.0 20.0 14.3926086426
0.00128659474715 126 155 0.0 20.0 15.6332836151
0.00128073857773 134 157 0.0 20.0 8.62406158447
0.00127942372009 41 72 0.0 20.0 11.8206653595
0.00127780910713 123 157 0.0 20.0 11.1672487259
0.00127730876842 119 155 0.0 20.0 16.5798912048
0.00127690858582 31 134 0.0 20.0 13.0156459808
0.00127649146571 35 133 0.0 20.0 10.2972822189
0.00127428793338 122 155 0.0 20.0 17.2234134674
0.00127210684812 129 157 0.0 20.0 13.4670162201
0.00127165902737 230 259 0.0 20.0 9.06324577332
0.00126928380429 121 156 0.0 20.0 18.1922130585
0.00126925856865 125 157 0.0 20.0 16.3614711761
0.00126858735036 128 155 0.0 20.0 11.8943777084
0.00126796996638 129 159 0.0 20.0 15.3591623306
0.00126425566102 31 133 0.0 20.0 10.3410234451
0.00126376039512 121 154 0.0 20.0 18.1274795532
0.00126089468226 151 195 0.0 20.0 18.751449585
0.00126012766059 134 159 0.0 20.0 13.3706998825
0.00125939165289 45 69 0.0 20.0 11.4020309448
0.00125936230612 41 64 0.0 20.0 14.4751768112
0.00125786316149 35 134 0.0 20.0 12.8644504547
0.00125694879771 132 159 0.0 20.0 14.5542564392
0.00125400250978 131 155 0.0 20.0 9.20844078064
0.00125387423451 34 133 0.0 20.0 11.9731044769
0.00125299493971 150 195 0.0 20.0 15.789150238
0.00125225174077 130 155 0.0 20.0 12.4353981018
0.00124987015183 337 439 0.0 20.0 8.60201931
0.00124762784081 46 69 0.0 20.0 13.0473442078
0.00124559984734 120 158 0.0 20.0 10.9082269669
0.00124387759104 36 133 0.0 20.0 9.49661254883
0.00124106866896 129 153 0.0 20.0 16.2204875946
0.00123502914094 491 536 0.0 20.0 13.7513713837
0.00123331387986 13 132 0.0 20.0 11.2151679993
0.00122194641532 46 64 0.0 20.0 13.4110631943
0.001221438088 43 67 0.0 20.0 14.2676439285
0.00122092782525 33 133 0.0 20.0 9.44595336914
0.0012201793164 40 64 0.0 20.0 16.8892841339
0.00121848261223 43 70 0.0 20.0 13.8963499069
0.00121403265937 144 195 0.0 20.0 9.63565254211
0.00121082812536 338 439 0.0 20.0 10.565369606
0.00120705152138 27 134 0.0 20.0 15.8410825729
0.00120524449733 43 68 0.0 20.0 13.9905376434
0.00120381023207 32 134 0.0 20.0 10.1349430084
0.00120259852204 491 534 0.0 20.0 8.5150680542
0.00120200445723 41 61 0.0 20.0 16.0532722473
0.00120144671022 40 61 0.0 20.0 18.100402832
0.00119584167637 333 440 0.0 20.0 13.9009628296
0.00119564298579 148 198 0.0 20.0 19.2470245361
0.00119528571131 142 195 0.0 20.0 13.9842481613
0.00119494425354 39 72 0.0 20.0 12.5505104065
0.00119472006312 159 474 0.0 20.0 42.1859474182
0.00119358278236 43 69 0.0 20.0 11.4875802994
0.00119306897087 39 64 0.0 20.0 14.6147642136
0.00119043398036 29 133 0.0 20.0 14.0156335831
0.00118971260199 38 72 0.0 20.0 9.07907009125
0.0011893210504 149 198 0.0 20.0 19.0574207306
0.00118790740269 33 134 0.0 20.0 12.9734363556
0.00118738560601 159 470 0.0 20.0 42.8870620728
0.00118709284833 42 72 0.0 20.0 12.3793334961
0.00118580686994 159 471 0.0 20.0 45.2513847351
0.00118575182449 152 195 0.0 20.0 19.0318584442
0.00118479435338 492 535 0.0 20.0 14.9297571182
0.00118008216103 159 476 0.0 20.0 42.3173332214
0.00117996270362 149 201 0.0 20.0 23.0776462555
0.00117754108113 38 64 0.0 20.0 14.1750183105
0.00117477836493 337 438 0.0 20.0 11.2649869919
0.00117137313402 153 195 0.0 20.0 19.1973838806
0.00117010100112 142 201 0.0 20.0 18.625082016
0.00116995590208 146 195 0.0 20.0 9.77963352203
0.0011696201532 146 196 0.0 20.0 9.64314556122
0.00116955108102 337 437 0.0 20.0 13.2704515457
0.0011689661177 488 536 0.0 20.0 14.3845233917
0.00116812419602 147 195 0.0 20.0 13.2561903
0.00116744615294 25 134 0.0 20.0 13.1684961319
0.00116642695524 338 440 0.0 20.0 9.19014453888
0.00116480557593 144 194 0.0 20.0 9.54622554779
0.00116294129317 15 132 0.0 20.0 12.8762903214
0.00116173787627 410 488 0.0 20.0 5.62831306458
0.00116113735038 337 436 0.0 20.0 13.8710803986
0.00116013608166 208 228 0.0 20.0 9.12146663666
0.00115966036679 154 195 0.0 20.0 21.7494297028
0.00115876548825 148 201 0.0 20.0 22.8740882874
0.00115876001064 89 101 0.0 20.0 13.8778972626
0.00115659437368 144 196 0.0 20.0 7.72548627853
0.00115027428031 143 195 0.0 20.0 13.3156690598
0.00114988106527 143 201 0.0 20.0 16.6890735626
0.00114787121044 145 195 0.0 20.0 10.614689827
0.00114779385856 335 440 0.0 20.0 8.15859508514
0.00114585712398 146 194 0.0 20.0 11.0812311172
0.00114383719248 493 535 0.0 20.0 13.1679115295
0.00113884184285 492 536 0.0 20.0 16.5896873474
0.0011382812772 144 199 0.0 20.0 12.6571826935
0.00113674441528 490 536 0.0 20.0 13.7070379257
0.00113603173466 186 421 0.0 20.0 12.0809984207
0.00113468727366 158 192 0.0 20.0 22.7294883728
0.00113366625218 493 536 0.0 20.0 14.4486560822
0.00112822704779 489 537 0.0 20.0 13.7043380737
0.00112666315965 488 537 0.0 20.0 15.8341226578
0.00112495018579 490 534 0.0 20.0 9.84921646118
0.00112165372594 410 495 0.0 20.0 13.386177063
0.00112087309441 88 102 0.0 20.0 17.362071991
0.00111964736175 492 533 0.0 20.0 11.2314739227
0.00111896673382 144 201 0.0 20.0 14.4368267059
0.0011187405465 150 198 0.0 20.0 20.6076431274
0.00111739023817 489 536 0.0 20.0 11.5684986115
0.00111608333014 410 485 0.0 20.0 9.50827503204
0.00111446185079 491 537 0.0 20.0 16.5637245178
0.00111424211719 185 423 0.0 20.0 18.70221138
0.00110974185311 144 200 0.0 20.0 12.1251659393
0.0011068863157 142 198 0.0 20.0 17.1935462952
0.00110645830737 408 488 0.0 20.0 10.6190700531
0.00110586645248 492 531 0.0 20.0 13.3671274185
0.00110576944055 409 495 0.0 20.0 11.0752458572
0.0011026837134 410 494 0.0 20.0 13.0250377655
0.00110152324977 492 532 0.0 20.0 13.4559278488
0.0010986722535 536 575 0.0 20.0 12.6729164124
0.00109859602641 493 531 0.0 20.0 9.71011161804
0.00109849231928 232 538 0.0 20.0 51.5195808411
0.00109845381329 410 484 0.0 20.0 8.49419784546
0.00109741490624 495 536 0.0 20.0 13.8017959595
0.00109632053146 492 540 0.0 20.0 21.1257476807
0.00109624820602 490 532 0.0 20.0 12.4601650238
0.00109577897844 208 232 0.0 20.0 7.70786476135
0.00109560067659 189 421 0.0 20.0 14.5093412399
0.00109511690382 12 132 0.0 20.0 14.1923866272
0.00109501065613 186 423 0.0 20.0 15.149646759
0.00109341178607 490 537 0.0 20.0 16.4321174622
0.00109330368105 409 493 0.0 20.0 8.90957546234
0.00109324673548 407 491 0.0 20.0 13.712972641
0.00109279630839 409 491 0.0 20.0 9.10142993927
0.00109157414891 482 537 0.0 20.0 24.7109680176
0.00109155663343 408 495 0.0 20.0 12.086514473
0.00109152001039 235 248 0.0 20.0 12.9865627289
0.00109076693222 407 495 0.0 20.0 15.5881309509
0.00108965899045 235 538 0.0 20.0 47.7349853516
0.00108960539834 188 421 0.0 20.0 16.2233047485
0.00108742209538 492 539 0.0 20.0 22.9781856537
0.00108676568936 184 423 0.0 20.0 17.9839305878
0.00108634875832 493 540 0.0 20.0 18.3965797424
0.0010855038284 409 488 0.0 20.0 7.9280090332
0.00108430896475 14 132 0.0 20.0 11.5709619522
0.00108321763103 232 540 0.0 20.0 50.9702682495
0.00108253195857 235 540 0.0 20.0 46.8037643433
0.00108039420535 89 102 0.0 20.0 16.7581119537
0.00108009917775 411 485 0.0 20.0 11.6605415344
0.00107871467499 7 277 0.0 20.0 22.8006305695
0.0010727343153 408 484 0.0 20.0 12.0063343048
0.00107267918141 409 482 0.0 20.0 16.9734992981
0.0010708197297 410 482 0.0 20.0 13.6531352997
0.00106943743411 163 177 0.0 20.0 10.6927690506
0.00106901420225 397 521 0.0 20.0 10.8986587524
0.00106858518609 493 539 0.0 20.0 20.5573596954
0.00106821551664 491 532 0.0 20.0 12.0555505753
0.00106727430837 495 532 0.0 20.0 7.33198451996
0.00106719605792 396 428 0.0 20.0 6.95695400238
0.00106683132045 13 129 0.0 20.0 13.3533859253
0.00106674390398 209 228 0.0 20.0 10.3271284103
0.00106490580929 183 423 0.0 20.0 16.2820205688
0.00106486071913 9 132 0.0 20.0 21.1187744141
0.00106426101362 408 490 0.0 20.0 9.51875495911
0.00106183841222 8 281 0.0 20.0 20.6833820343
0.0010613338405 158 176 0.0 20.0 14.2020483017
0.00106076816397 407 488 0.0 20.0 9.15201759338
0.00106007217091 492 534 0.0 20.0 11.2043104172
0.00105952784289 489 534 0.0 20.0 9.14677429199
0.00105887236286 14 129 0.0 20.0 14.9204654694
0.00105616238831 218 440 0.0 20.0 13.1950883865
0.00105533872493 186 422 0.0 20.0 12.6731615067
0.0010537365234 235 247 0.0 20.0 15.6951618195
0.00105371902733 183 432 0.0 20.0 13.3168592453
0.00105321665153 89 109 0.0 20.0 30.7572994232
0.00105297277175 410 489 0.0 20.0 4.52875375748
0.00105261270284 8 280 0.0 20.0 17.1772537231
0.00105185680616 185 418 0.0 20.0 19.1241436005
0.00105166279144 410 490 0.0 20.0 5.66316318512
0.0010493413634 89 104 0.0 20.0 23.1346073151
0.00104751646172 89 103 0.0 20.0 19.8013916016
0.00104654288872 395 428 0.0 20.0 10.2937660217
0.00104469738967 208 230 0.0 20.0 10.4160528183
0.00104355977984 409 494 0.0 20.0 11.6485862732
0.00104337628485 7 132 0.0 20.0 18.280670166
0.00104330580578 408 485 0.0 20.0 12.9353246689
0.00104282634814 10 132 0.0 20.0 17.4471302032
0.00104252863988 89 105 0.0 20.0 25.2192344666
0.00104197061244 407 484 0.0 20.0 8.89065361023
0.00104182269789 12 129 0.0 20.0 15.9607286453
0.00103996946826 409 484 0.0 20.0 11.9891681671
0.00103978528978 85 102 0.0 20.0 14.0966348648
0.00103906123515 184 418 0.0 20.0 20.0114498138
0.00103801776361 410 481 0.0 20.0 13.4477882385
0.00103742744527 207 232 0.0 20.0 10.2539825439
0.00103707726546 235 252 0.0 20.0 10.6501045227
0.00103648995039 183 431 0.0 20.0 14.239865303
0.00103481665817 189 419 0.0 20.0 18.7885684967
0.00103215720862 232 539 0.0 20.0 53.8872375488
0.00103094452193 180 423 0.0 20.0 20.7806625366
0.00103028772589 180 418 0.0 20.0 23.1535186768
0.00102947061094 235 539 0.0 20.0 49.8814086914
0.00102897469605 187 423 0.0 20.0 14.8898439407
0.00102875372444 187 201 0.0 20.0 21.164598465
0.00102847258544 407 482 0.0 20.0 13.7149610519
0.00102701241974 195 207 0.0 20.0 7.17955875397
0.00102621275374 410 493 0.0 20.0 9.72053527832
0.00102542382714 182 432 0.0 20.0 17.0818901062
0.00102538270446 397 429 0.0 20.0 11.8539953232
0.00102525738469 188 422 0.0 20.0 15.6981725693
0.00102374061124 186 428 0.0 20.0 13.0417413712
0.00102180667735 184 431 0.0 20.0 14.7647018433
0.00102167116515 395 431 0.0 20.0 8.95143985748
0.0010215585318 397 427 0.0 20.0 7.75318098068
0.0010214064797 410 486 0.0 20.0 9.93663692474
0.00102119601959 180 432 0.0 20.0 14.8030509949
0.00102105381325 407 494 0.0 20.0 16.2176380157
0.00101987952966 158 178 0.0 20.0 10.2562141418
0.00101980423091 157 176 0.0 20.0 11.8288393021
0.00101978099719 186 418 0.0 20.0 15.4396095276
0.00101868949666 407 485 0.0 20.0 9.43844032288
0.00101844741383 191 421 0.0 20.0 15.6893215179
0.00101833268164 201 421 0.0 20.0 23.020866394
0.00101757184381 408 491 0.0 20.0 12.4419260025
0.00101745420008 409 490 0.0 20.0 6.5323343277
0.00101710534974 192 423 0.0 20.0 19.5062294006
0.00101676654319 219 440 0.0 20.0 16.4162864685
0.00101589662581 237 536 0.0 20.0 47.9833145142
0.00101542643158 408 493 0.0 20.0 11.0553817749
0.00101492702043 162 176 0.0 20.0 14.65483284
0.00101212656982 201 423 0.0 20.0 23.7056217194
0.00101207785405 408 482 0.0 20.0 17.1841564178
0.00101135501823 189 422 0.0 20.0 14.1667537689
0.00100993703899 186 201 0.0 20.0 21.9873485565
0.00100942221676 182 418 0.0 20.0 19.4903030396
0.00100936475632 396 432 0.0 20.0 10.7698040009
0.00100833104658 407 481 0.0 20.0 12.4704017639
0.00100818057012 90 102 0.0 20.0 17.7382297516
0.00100808213092 409 486 0.0 20.0 13.0488138199
0.00100808213092 408 486 0.0 20.0 14.4567537308
0.00100806774765 208 433 0.0 20.0 25.9736843109
0.00100211419675 188 423 0.0 20.0 18.188331604
0.001001486057 239 539 0.0 20.0 49.3729476929
0.00100118007495 191 210 0.0 20.0 13.0475893021
0.000999395735073 232 252 0.0 20.0 11.6718568802
0.000999041800202 179 418 0.0 20.0 22.3005332947
0.00099881089909 237 537 0.0 20.0 49.1024665833
0.000998720386835 186 417 0.0 20.0 16.7386188507
0.000997963019143 120 133 0.0 20.0 14.0530910492
0.000997629896042 144 185 0.0 20.0 12.027258873
0.000997532620251 184 432 0.0 20.0 12.8743104935
0.000997068129861 182 423 0.0 20.0 19.0167064667
0.000995990398403 238 537 0.0 20.0 45.7397117615
0.000994987392358 398 522 0.0 20.0 9.92116165161
0.000993903482043 181 432 0.0 20.0 16.907541275
0.000992574681938 181 423 0.0 20.0 21.6028442383
0.000992082871031 186 202 0.0 20.0 23.4787006378
0.00099196822673 190 423 0.0 20.0 14.2093629837
0.000991548543963 190 410 0.0 20.0 22.659696579
0.000991285320163 195 210 0.0 20.0 9.45457172394
0.00099100741229 186 200 0.0 20.0 20.9986934662
0.000990847607523 186 419 0.0 20.0 17.3155021667
0.000990771858029 191 206 0.0 20.0 15.6120519638
0.000990112243848 178 418 0.0 20.0 24.5872650146
0.000988635450625 397 522 0.0 20.0 9.49415493011
0.000987752157465 157 178 0.0 20.0 7.28187656403
0.000987548658225 396 431 0.0 20.0 7.18722867966
0.000986046439998 162 174 0.0 20.0 9.80444908142
0.000985320954645 186 199 0.0 20.0 20.5771427155
0.000985263948503 185 428 0.0 20.0 15.4950885773
0.000984986099021 189 420 0.0 20.0 18.2931079865
0.000982726340502 181 431 0.0 20.0 18.2718448639
0.000980839054575 187 418 0.0 20.0 16.70545578
0.000980256610713 189 423 0.0 20.0 17.2080249786
0.000979149480253 176 418 0.0 20.0 26.9152412415
0.000979004941457 188 428 0.0 20.0 15.0839881897
0.000978573408737 188 419 0.0 20.0 20.7835788727
0.000978436970772 186 420 0.0 20.0 15.8310070038
0.000978421328418 398 521 0.0 20.0 11.5518903732
0.000977693228166 398 427 0.0 20.0 8.71592521667
0.000977629512876 186 426 0.0 20.0 13.9004402161
0.000977406642364 183 195 0.0 20.0 19.2900753021
0.00097668626827 186 415 0.0 20.0 20.4642505646
0.000974454389584 240 258 0.0 20.0 18.4002456665
0.00097405472185 158 436 0.0 20.0 32.844581604
0.000973679794438 179 432 0.0 20.0 17.0333938599
0.000973522675272 178 423 0.0 20.0 23.7935714722
0.000971364971891 201 422 0.0 20.0 20.700006485
0.00097074470541 186 427 0.0 20.0 15.4328727722
0.000970732041278 188 417 0.0 20.0 21.1205806732
0.000967726916692 82 258 0.0 20.0 41.6377792358
0.000967032393164 83 258 0.0 20.0 38.5911750793
0.000966956244119 70 191 0.0 20.0 27.5149402618
0.000966767602465 398 426 0.0 20.0 12.1468915939
0.000965892698135 158 433 0.0 20.0 30.598897934
0.000965593813981 79 254 0.0 20.0 37.3080177307
0.000965215811798 80 254 0.0 20.0 35.0527458191
0.000964816293865 195 209 0.0 20.0 11.9470672607
0.000964742153652 208 434 0.0 20.0 29.1860771179
0.000964637051858 397 425 0.0 20.0 10.8656902313
0.000964061689882 70 186 0.0 20.0 26.4633769989
0.000963638339905 84 258 0.0 20.0 40.9500846863
0.00096320506213 397 428 0.0 20.0 9.01223945618
0.000962189676803 70 188 0.0 20.0 26.5478668213
0.000961584175812 70 189 0.0 20.0 23.8078575134
0.000961559325848 398 545 0.0 20.0 10.5796279907
0.000961147961644 282 559 0.0 20.0 56.4960861206
0.000959570498686 439 462 0.0 20.0 37.2938079834
0.000958759297379 174 541 0.0 20.0 37.3231811523
0.00095784172937 182 195 0.0 20.0 20.6251602173
0.000957758218967 81 258 0.0 20.0 43.6606330872
0.00095757679494 398 552 0.0 20.0 17.2011871338
0.000957100201124 144 179 0.0 20.0 21.0911331177
0.000956991757963 88 258 0.0 20.0 40.8604660034
0.000956173404166 85 258 0.0 20.0 41.1845016479
0.000955391352934 188 200 0.0 20.0 18.5729351044
0.000954678691933 80 257 0.0 20.0 38.892364502
0.00095374735783 80 255 0.0 20.0 37.5650215149
0.000952945410651 87 258 0.0 20.0 38.1457099915
0.000952224520595 439 466 0.0 20.0 35.6376037598
0.000950806466083 398 543 0.0 20.0 13.3118286133
0.000950396572463 433 462 0.0 20.0 30.6895828247
0.000950222011789 183 198 0.0 20.0 23.5417842865
0.000949084523627 207 435 0.0 20.0 29.163022995
0.000948623499451 79 258 0.0 20.0 43.7320594788
0.000948490999912 158 432 0.0 20.0 27.3440513611
0.000948282666135 283 559 0.0 20.0 55.6112747192
0.000947816477584 92 258 0.0 20.0 31.1992702484
0.000947414823733 86 258 0.0 20.0 37.4629173279
0.000946099843335 140 186 0.0 20.0 13.1512479782
0.000945439460788 176 537 0.0 20.0 38.9446182251
0.000944570165471 183 201 0.0 20.0 27.0609092712
0.000944117065801 80 258 0.0 20.0 41.4159812927
0.000942013256041 89 257 0.0 20.0 36.786113739
0.000941215069895 71 189 0.0 20.0 26.6933765411
0.000940931997725 437 462 0.0 20.0 38.5793190002
0.000940619443087 70 198 0.0 20.0 27.3980827332
0.000940361074674 274 431 0.0 20.0 27.2516822815
0.000938032544024 438 462 0.0 20.0 37.5514526367
0.00093792657096 281 431 0.0 20.0 26.5244903564
0.000936464310681 186 198 0.0 20.0 18.7998447418
0.000936263701233 79 255 0.0 20.0 39.9893417358
0.000935577349109 397 541 0.0 20.0 12.0052204132
0.000934980125322 70 195 0.0 20.0 25.9309768677
0.000934803777325 89 255 0.0 20.0 33.6416244507
0.000934549411723 4 431 0.0 20.0 47.1755714417
0.00093398330321 179 195 0.0 20.0 25.0178337097
0.000933948939655 80 256 0.0 20.0 38.0796470642
0.000932671264238 9 195 0.0 20.0 25.4901046753
0.000932266400756 157 434 0.0 20.0 30.0842666626
0.000931791261728 3 431 0.0 20.0 45.1691360474
0.000931039932793 120 134 0.0 20.0 13.84009552
0.00092945389075 319 345 0.0 20.0 15.7292985916
0.000928619966661 278 431 0.0 20.0 31.7295627594
0.000927625445227 433 466 0.0 20.0 30.049697876
0.000927379188925 276 431 0.0 20.0 32.1132545471
0.000925178219475 2 431 0.0 20.0 46.2173156738
0.000924254241884 69 135 0.0 20.0 19.0985393524
0.000924104814662 69 196 0.0 20.0 25.1885681152
0.000923922688431 89 258 0.0 20.0 38.4750709534
0.000923349671488 282 557 0.0 20.0 54.8163986206
0.000923133476976 315 345 0.0 20.0 16.0674629211
0.000922087418726 9 198 0.0 20.0 28.9119033813
0.000920454732607 319 346 0.0 20.0 12.0705852509
0.000919922465258 398 542 0.0 20.0 11.6987037659
0.000919653102855 440 472 0.0 20.0 26.3351860046
0.000919240603299 121 133 0.0 20.0 14.6503190994
0.000918934839397 189 210 0.0 20.0 18.0215892792
0.000918235779649 122 134 0.0 20.0 12.464676857
0.000916837181925 78 258 0.0 20.0 46.991317749
0.000913550313529 197 471 0.0 20.0 15.6816062927
0.000912898703907 3 432 0.0 20.0 42.3486709595
0.000912327747387 431 473 0.0 20.0 25.373714447
0.000912303333118 396 553 0.0 20.0 23.0118503571
0.000910695134189 227 239 0.0 20.0 18.23595047
0.000909771182288 439 463 0.0 20.0 38.8268470764
0.000908539533162 282 554 0.0 20.0 51.9429588318
0.000908470642702 157 274 0.0 20.0 20.3665523529
0.000908232329961 398 547 0.0 20.0 14.1707983017
0.000908131797428 121 135 0.0 20.0 18.7692508698
0.000906823080707 434 462 0.0 20.0 32.9869232178
0.000906147306164 398 544 0.0 20.0 10.435461998
0.000905799174982 9 258 0.0 20.0 13.8462896347
0.00090573175737 431 480 0.0 20.0 21.7001667023
0.000905368511578 440 473 0.0 20.0 26.2613735199
0.000905255941785 178 195 0.0 20.0 25.9138641357
0.000904892062622 1 70 0.0 20.0 20.0285358429
0.000902843672774 171 541 0.0 20.0 37.4546356201
0.000902100995222 116 133 0.0 20.0 16.292098999
0.000901531713041 314 352 0.0 20.0 14.4750318527
0.000900818815214 171 537 0.0 20.0 44.6300697327
0.000899569010031 374 386 0.0 20.0 18.5008049011
0.000899325708968 172 541 0.0 20.0 36.3302459717
0.00089875968816 174 537 0.0 20.0 44.0619621277
0.00089843493076 436 462 0.0 20.0 35.9451980591
0.000898102896778 374 389 0.0 20.0 23.0239753723
0.000897934743654 176 541 0.0 20.0 32.3287963867
0.000897796983816 316 432 0.0 20.0 42.303352356
0.000897405982648 317 432 0.0 20.0 43.4120788574
0.000894596030052 175 537 0.0 20.0 40.5679283142
0.000894247761872 314 351 0.0 20.0 15.2864894867
0.000893624774539 435 472 0.0 20.0 29.0711021423
0.000893503702999 2 72 0.0 20.0 21.6357860565
0.000893483127595 197 470 0.0 20.0 14.0739393234
0.000893355701614 7 189 0.0 20.0 25.7217063904
0.000893112414372 434 463 0.0 20.0 34.0063171387
0.000892211615042 545 570 0.0 20.0 15.7977819443
0.000891995853451 176 536 0.0 20.0 39.0087966919
0.000890655605792 317 431 0.0 20.0 46.4928398132
0.000889454696395 437 466 0.0 20.0 37.0719146729
0.000888396475463 172 536 0.0 20.0 43.6508102417
0.000888390851392 3 258 0.0 20.0 22.2522621155
0.000887840218092 89 479 0.0 20.0 37.2858428955
0.000886905416309 431 477 0.0 20.0 24.6595935822
0.000886329003677 546 570 0.0 20.0 12.1342563629
0.000885602693544 9 201 0.0 20.0 31.6114826202
0.000885579468014 314 349 0.0 20.0 14.0939102173
0.000885576002542 200 471 0.0 20.0 17.3194313049
0.000884472593292 10 195 0.0 20.0 24.0451927185
0.000883876221796 59 189 0.0 20.0 33.4403457642
0.000882838326918 319 353 0.0 20.0 9.97304534912
0.000879734015651 119 134 0.0 20.0 11.8420782089
0.00087879735345 320 352 0.0 20.0 14.5043954849
0.00087858927009 5 186 0.0 20.0 31.9338760376
0.000878070971378 314 348 0.0 20.0 17.5315303802
0.00087718748809 155 271 0.0 20.0 21.8388385773
0.000876733232565 85 235 0.0 20.0 30.6746788025
0.000875708680188 321 347 0.0 20.0 14.1215839386
0.000875006155478 121 137 0.0 20.0 19.1410102844
0.000872228436646 374 387 0.0 20.0 20.5865783691
0.00086880667086 315 346 0.0 20.0 12.9068412781
0.000868494559924 58 189 0.0 20.0 33.186290741
0.000867621585161 314 432 0.0 20.0 41.645980835
0.000867431859818 89 472 0.0 20.0 34.2025718689
0.000867222600958 90 235 0.0 20.0 26.4851760864
0.000866717718477 86 235 0.0 20.0 27.1874008179
0.000866205796109 316 431 0.0 20.0 45.192943573
0.000866138541589 7 258 0.0 20.0 19.0208873749
0.000866124001417 157 271 0.0 20.0 25.1606731415
0.0008659575933 89 478 0.0 20.0 35.5577201843
0.000865793484951 196 471 0.0 20.0 19.4879760742
0.000864079371154 150 162 0.0 20.0 18.3990936279
0.000863806888987 198 473 0.0 20.0 11.3827934265
0.000862226503695 545 575 0.0 20.0 11.2585525513
0.000862186714792 200 470 0.0 20.0 15.9272966385
0.000862145741149 83 235 0.0 20.0 28.8941955566
0.000861525628541 1 262 0.0 20.0 29.0443496704
0.000861266457257 95 474 0.0 20.0 24.2331695557
0.000860274736959 226 239 0.0 20.0 20.2748222351
0.000860116332045 410 535 0.0 20.0 13.9026222229
0.00085922775541 553 567 0.0 20.0 9.95307922363
0.000859138656752 86 476 0.0 20.0 30.5358428955
0.000859069659682 318 432 0.0 20.0 40.2375106812
0.000856676784113 204 470 0.0 20.0 21.174123764
0.000856581085971 315 431 0.0 20.0 42.3825111389
0.000856201058288 113 133 0.0 20.0 12.4987354279
0.000855228108658 84 235 0.0 20.0 31.4917106628
0.000854591513007 87 235 0.0 20.0 29.170955658
0.000854315487545 89 473 0.0 20.0 30.7983512878
0.000853327771353 88 235 0.0 20.0 31.1437320709
0.000853005256022 407 537 0.0 20.0 14.8761138916
0.000852998567662 188 210 0.0 20.0 17.4426136017
0.000851520357837 58 186 0.0 20.0 36.8294067383
0.000849971579152 80 235 0.0 20.0 32.9664802551
0.000845922993743 553 568 0.0 20.0 11.5284128189
0.000845105075823 82 235 0.0 20.0 31.0754795074
0.000843304935542 411 537 0.0 20.0 18.0491714478
0.000840440542601 133 314 0.0 20.0 55.945274353
0.000840226483036 78 235 0.0 20.0 38.8205947876
0.000839377843547 225 239 0.0 20.0 21.2845001221
0.00083549781566 69 137 0.0 20.0 19.8757228851
0.000833876125291 422 471 0.0 20.0 17.7368373871
0.000832835898727 69 139 0.0 20.0 17.9784011841
0.000832627993692 191 237 0.0 20.0 14.7387800217
0.00083203918931 373 385 0.0 20.0 19.2523460388
0.00083198884164 75 148 0.0 20.0 29.5524673462
0.000830986733569 72 135 0.0 20.0 21.7159519196
0.00083048390703 385 464 0.0 20.0 32.5100593567
0.000830478436769 222 537 0.0 20.0 52.3190841675
0.000829968698207 155 213 0.0 20.0 31.2251739502
0.000829169939213 93 440 0.0 20.0 44.9133758545
0.000828973468407 72 142 0.0 20.0 23.1252632141
0.000828343168294 72 433 0.0 20.0 48.4408874512
0.000827838153468 48 135 0.0 20.0 25.6581401825
0.000825317871471 422 474 0.0 20.0 18.0102844238
0.000824890452118 188 242 0.0 20.0 14.0471010208
0.000824377899521 157 213 0.0 20.0 33.0568847656
0.000822895981266 95 440 0.0 20.0 41.4412727356
0.000822627803848 385 467 0.0 20.0 29.3745918274
0.000822430803056 155 209 0.0 20.0 32.6642074585
0.000822407896124 220 541 0.0 20.0 46.506362915
0.000821696535588 133 315 0.0 20.0 53.7309379578
0.000821066969849 385 465 0.0 20.0 31.8802394867
0.000820921856521 192 283 0.0 20.0 14.70499897
0.000820804381587 195 540 0.0 20.0 37.6641578674
0.000820121852422 216 540 0.0 20.0 45.8004798889
0.000817282360485 530 542 0.0 20.0 16.6605014801
0.000815220260156 228 240 0.0 20.0 18.7169189453
0.000815115818979 195 213 0.0 20.0 14.0320339203
0.000814917594076 72 461 0.0 20.0 29.9371509552
0.000811292202888 69 427 0.0 20.0 43.0389022827
0.000810378975232 423 467 0.0 20.0 18.983751297
0.000809311163866 157 209 0.0 20.0 34.5622520447
0.000809090629318 48 139 0.0 20.0 27.5849742889
0.000807688913791 195 237 0.0 20.0 10.8033246994
0.000806558855494 423 473 0.0 20.0 16.4108638763
0.000806390320636 189 286 0.0 20.0 17.5586032867
0.000806197564002 190 239 0.0 20.0 16.526725769
0.000806113767048 421 471 0.0 20.0 20.6767787933
0.000805455738353 194 283 0.0 20.0 19.0838375092
0.000805205357983 155 212 0.0 20.0 30.5500984192
0.00080414016964 198 540 0.0 20.0 37.8776741028
0.000803314932037 176 189 0.0 20.0 20.1610431671
0.000799930574091 72 460 0.0 20.0 31.7957782745
0.000798540893275 133 324 0.0 20.0 43.760269165
0.000794342335914 48 354 0.0 20.0 57.9989051819
0.000793222214232 418 431 0.0 20.0 20.9428062439
0.000789673230294 515 529 0.0 20.0 21.2824172974
0.000789666490281 54 354 0.0 20.0 55.6723556519
0.000788108602438 198 461 0.0 20.0 14.7137136459
0.000786196826784 197 450 0.0 20.0 11.7661972046
0.000785661184622 133 323 0.0 20.0 46.810874939
0.00078537423997 199 450 0.0 20.0 15.2514362335
0.000783101098312 93 272 0.0 20.0 43.8272476196
0.000779212671306 553 565 0.0 20.0 12.0887699127
0.000777080397428 48 281 0.0 20.0 31.1748790741
0.000776343998406 88 272 0.0 20.0 50.5328941345
0.000773787092607 176 188 0.0 20.0 18.4145050049
0.000771054188955 196 463 0.0 20.0 19.4930515289
0.000770974985357 49 277 0.0 20.0 31.8166370392
0.000770345490359 200 463 0.0 20.0 18.5103721619
0.000765191629675 192 216 0.0 20.0 19.6983032227
0.000761144280697 323 410 0.0 20.0 35.7110748291
0.000760786339805 321 410 0.0 20.0 39.992641449
0.00075602649508 320 410 0.0 20.0 37.4952850342
0.00074460146285 415 428 0.0 20.0 20.117149353
0.000741263641208 195 214 0.0 20.0 12.5097522736
0.000739248258381 415 427 0.0 20.0 17.9512882233
0.000737683806377 503 521 0.0 20.0 9.58292961121
0.000734192575514 560 572 0.0 20.0 19.6997833252
0.00073044366615 485 561 0.0 20.0 43.4436454773
0.00073036864524 54 200 0.0 20.0 35.9075202942
0.000729952348831 58 198 0.0 20.0 33.9524116516
0.000729424294039 506 521 0.0 20.0 11.8688869476
0.000729321500394 72 149 0.0 20.0 28.6968212128
0.000728889547309 482 562 0.0 20.0 48.3898239136
0.000727102156069 417 511 0.0 20.0 20.6583385468
0.000724937652165 420 513 0.0 20.0 16.6676597595
0.000723745338854 70 129 0.0 20.0 20.4815597534
0.000719041006701 286 471 0.0 20.0 35.7022247314
0.000717838621467 283 472 0.0 20.0 33.7630119324
0.000713543091037 330 343 0.0 20.0 9.9589509964
0.000710066208339 419 431 0.0 20.0 19.5045261383
0.000708305971084 191 218 0.0 20.0 17.2455196381
0.000707771063627 558 570 0.0 20.0 18.9135112762
0.000707615500599 418 430 0.0 20.0 19.8456306458
0.000702325748769 509 521 0.0 20.0 10.2842931747
0.000694054306162 508 520 0.0 20.0 11.553404808
0.000676829788373 69 81 0.0 20.0 17.6121826172
0.000671405100499 330 342 0.0 20.0 7.60192251205
0.000670510146152 246 258 0.0 20.0 18.3834495544
0.000657458278764 174 186 0.0 20.0 18.6850452423
0.000653965356712 195 219 0.0 20.0 20.0610485077
0.000631921558595 31 43 0.0 20.0 18.6538066864
0.00063175172955 195 218 0.0 20.0 17.655172348
0.000587565689277 259 274 0.0 20.0 12.8572921753
0.000554440429819 408 420 0.0 20.0 9.0255279541
0.000538047113514 458 470 0.0 20.0 9.75299358368
0.000487814090677 272 284 0.0 20.0 13.7336015701
0.000485513483836 195 220 0.0 20.0 22.2991218567
0.000473984054118 109 121 0.0 20.0 23.1383972168
0.000244207023218 521 552 0.0 20.0 11.6567258835
0.000226125789872 7 48 0.0 20.0 10.9954767227
0.000196535812911 8 421 0.0 20.0 41.9134864807
0.0001665507415 70 562 0.0 20.0 51.4721412659
0.000160840733116 189 568 0.0 20.0 38.5661468506
0.00014996795554 159 330 0.0 20.0 42.459980011
0.000147475171139 283 310 0.0 20.0 41.2642593384
0.000146565589935 384 397 0.0 20.0 17.9285545349
0.000145219066312 221 421 0.0 20.0 39.6271057129
0.000138588818609 208 322 0.0 20.0 13.7270622253
0.000137619359016 188 294 0.0 20.0 27.5842247009
0.000136462731808 1 337 0.0 20.0 46.3781585693
0.000132964597012 186 346 0.0 20.0 30.9891586304
0.000131997626519 433 536 0.0 20.0 28.8080539703
0.000131189555261 5 410 0.0 20.0 52.088684082
0.000130529288086 75 542 0.0 20.0 53.71043396
0.000130464985394 311 448 0.0 20.0 34.4149627686
0.000128833240273 349 529 0.0 20.0 41.5181236267
0.000125472884862 430 562 0.0 20.0 39.3497276306
0.000125197778601 146 388 0.0 20.0 30.8519477844
0.000124300937317 7 228 0.0 20.0 29.9589691162
0.000122745743922 1 61 0.0 20.0 7.99985408783
0.00012047035321 136 472 0.0 20.0 33.8172569275
0.000120112980437 421 562 0.0 20.0 30.8281021118
0.000118944892133 235 434 0.0 20.0 31.2917079926
0.000118798309153 70 349 0.0 20.0 48.0171775818
0.000117856755577 80 354 0.0 20.0 50.8782234192
0.000116758829937 421 485 0.0 20.0 18.1105289459
0.00011502662854 241 520 0.0 20.0 35.9316596985
0.000112863540244 158 418 0.0 20.0 31.8728179932
0.000112053447319 144 438 0.0 20.0 33.3971405029
0.000111477542939 176 337 0.0 20.0 33.9653091431
0.00011125167569 318 448 0.0 20.0 32.8114814758
0.000110415885542 1 421 0.0 20.0 44.6800460815
0.000110073160828 201 357 0.0 20.0 30.05402565
0.000109305212632 154 259 0.0 20.0 24.9021244049
0.000107656277898 70 208 0.0 20.0 32.8049964905
0.000107443693329 61 135 0.0 20.0 24.2734527588
0.000105634957241 268 472 0.0 20.0 36.5725021362
6.46556504871e-05 473 485 0.0 20.0 12.4847736359
