0.00214167732371 13 158 0.0 20.0 14.4075307846
0.00213945506009 13 157 0.0 20.0 16.0599193573
0.00210577651852 14 158 0.0 20.0 14.588388443
0.00209497835919 15 158 0.0 20.0 17.9503650665
0.00208137045583 9 158 0.0 20.0 23.4048213959
0.00206513432345 7 158 0.0 20.0 22.9751739502
0.002060115804 12 158 0.0 20.0 18.1951541901
0.00205442422866 13 155 0.0 20.0 12.0048732758
0.00205125829013 9 157 0.0 20.0 24.2369594574
0.00205106294252 10 158 0.0 20.0 19.7162189484
0.0020427953335 10 157 0.0 20.0 20.5404682159
0.00203603489937 15 155 0.0 20.0 14.795671463
0.002031278316 14 155 0.0 20.0 11.1327981949
0.0020307158815 11 158 0.0 20.0 18.990240097
0.00202022289308 12 155 0.0 20.0 15.7483263016
0.00201469853247 14 157 0.0 20.0 15.3846521378
0.00201073233557 15 157 0.0 20.0 18.6681919098
0.00200502108253 9 155 0.0 20.0 19.2392902374
0.00199035090568 11 157 0.0 20.0 20.4714164734
0.00197712363959 12 157 0.0 20.0 19.9060668945
0.00197167986318 11 155 0.0 20.0 15.6849355698
0.00195562691172 10 155 0.0 20.0 15.6625299454
0.00194875624775 8 158 0.0 20.0 24.3442306519
0.0019314861545 7 157 0.0 20.0 23.980381012
0.00191521190785 8 154 0.0 20.0 21.2621440887
0.00190661906081 8 157 0.0 20.0 25.575843811
0.00189751973035 7 155 0.0 20.0 19.6224021912
0.00188655837261 131 158 0.0 20.0 7.23957681656
0.00188017243394 130 157 0.0 20.0 10.4526786804
0.00187671027394 131 157 0.0 20.0 8.2379989624
0.00186210551606 127 157 0.0 20.0 11.0722579956
0.00185979636284 127 158 0.0 20.0 8.30046367645
0.00182721908947 130 158 0.0 20.0 9.14916706085
0.00182620149707 128 157 0.0 20.0 12.2297353745
0.00181878820281 129 158 0.0 20.0 11.8633670807
0.00176676207129 149 195 0.0 20.0 14.0218305588
0.00176639685868 121 158 0.0 20.0 13.4887399673
0.00176465099921 41 69 0.0 20.0 8.44973659515
0.00176435006352 123 158 0.0 20.0 9.02862167358
0.00176180941592 128 158 0.0 20.0 9.87705516815
0.00175437500647 125 155 0.0 20.0 18.0999011993
0.00173531161816 148 195 0.0 20.0 14.57924366
0.00172113650906 203 347 0.0 20.0 15.2585783005
0.0017210581619 126 158 0.0 20.0 11.9933633804
0.00171858029059 205 347 0.0 20.0 12.2854480743
0.00171732172633 207 347 0.0 20.0 13.7442951202
0.001716572655 40 69 0.0 20.0 10.8147001266
0.00171419281088 129 156 0.0 20.0 16.1205234528
0.00171157691839 124 155 0.0 20.0 15.7667808533
0.00170895455134 133 157 0.0 20.0 11.6902618408
0.0017038205416 206 347 0.0 20.0 10.9791936874
0.00169801028898 122 158 0.0 20.0 12.5350599289
0.00169461973653 122 157 0.0 20.0 14.1508016586
0.00169184315293 124 157 0.0 20.0 13.8624095917
0.00168383169278 119 157 0.0 20.0 12.1589584351
0.00168254901342 125 158 0.0 20.0 13.7483091354
0.00167933797805 132 157 0.0 20.0 11.3369493484
0.00167816567613 134 158 0.0 20.0 9.78335666656
0.00167325466442 119 158 0.0 20.0 11.7365064621
0.00167161190579 151 195 0.0 20.0 18.751449585
0.00166534468933 202 347 0.0 20.0 14.4308481216
0.00166118873327 150 195 0.0 20.0 15.789150238
0.00166105024405 124 158 0.0 20.0 11.0455961227
0.00165645961942 121 157 0.0 20.0 15.2632665634
0.00165570842941 42 69 0.0 20.0 7.69036626816
0.00165138450702 121 155 0.0 20.0 18.598947525
0.00164777608198 132 158 0.0 20.0 10.7962188721
0.00164761599328 204 347 0.0 20.0 15.6294803619
0.00164753447645 229 259 0.0 20.0 10.4699201584
0.00164745797039 38 69 0.0 20.0 6.40222501755
0.00164511911872 123 155 0.0 20.0 13.8250656128
0.00164106993312 336 440 0.0 20.0 6.00857067108
0.00164100437339 334 374 0.0 20.0 13.9275064468
0.00162835208332 337 440 0.0 20.0 8.45222473145
0.00162741662995 134 157 0.0 20.0 8.62406158447
0.00162354125671 123 157 0.0 20.0 11.1672487259
0.00162287936262 119 155 0.0 20.0 16.5798912048
0.00162133557389 127 155 0.0 20.0 11.8660173416
0.00161921584766 338 369 0.0 20.0 19.3761444092
0.0016188831241 122 155 0.0 20.0 17.2234134674
0.00161285950242 337 369 0.0 20.0 17.5177936554
0.00161263661708 126 155 0.0 20.0 15.6332836151
0.00161226320174 121 156 0.0 20.0 18.1922130585
0.00161222981771 125 157 0.0 20.0 16.3614711761
0.00161134186841 128 155 0.0 20.0 11.8943777084
0.00161052513607 129 159 0.0 20.0 15.3591623306
0.00160978065674 144 195 0.0 20.0 9.63565254211
0.00160495632791 121 154 0.0 20.0 18.1274795532
0.00160415478501 44 69 0.0 20.0 12.8764133453
0.00159864587345 337 374 0.0 20.0 12.3867731094
0.00159594532014 132 159 0.0 20.0 14.5542564392
0.00159456568056 121 153 0.0 20.0 20.8399448395
0.00159125227668 129 157 0.0 20.0 13.4670162201
0.00158973162108 130 155 0.0 20.0 12.4353981018
0.00158629629872 135 158 0.0 20.0 11.2380743027
0.00158551673435 148 198 0.0 20.0 19.2470245361
0.00157717537096 149 198 0.0 20.0 19.0574207306
0.00157537224578 333 374 0.0 20.0 15.9086036682
0.00157370522082 339 374 0.0 20.0 15.8059463501
0.00157246602035 152 195 0.0 20.0 19.0318584442
0.00156975273061 41 72 0.0 20.0 11.8206653595
0.00156789484267 229 260 0.0 20.0 10.4350090027
0.00156641969313 159 474 0.0 20.0 42.1859474182
0.00156611648507 34 134 0.0 20.0 15.0760154724
0.00156482766947 149 201 0.0 20.0 23.0776462555
0.00156462792894 95 201 0.0 20.0 17.1675376892
0.00156374453044 131 155 0.0 20.0 9.20844078064
0.00156017201814 337 439 0.0 20.0 8.60201931
0.00155677838 235 248 0.0 20.0 12.9865627289
0.00155583919275 123 162 0.0 20.0 8.41646957397
0.00155542128791 129 153 0.0 20.0 16.2204875946
0.00155463268826 159 471 0.0 20.0 45.2513847351
0.00155349431712 153 195 0.0 20.0 19.1973838806
0.00155245577446 132 156 0.0 20.0 13.698307991
0.00155181582436 142 201 0.0 20.0 18.625082016
0.00155167144216 208 346 0.0 20.0 12.743724823
0.00155118137827 146 196 0.0 20.0 9.64314556122
0.00154983848745 121 152 0.0 20.0 22.9689483643
0.00154931536343 41 64 0.0 20.0 14.4751768112
0.00154920756461 147 195 0.0 20.0 13.2561903
0.00154828053824 159 470 0.0 20.0 42.8870620728
0.00154706220588 159 476 0.0 20.0 42.3173332214
0.00154611325984 39 69 0.0 20.0 8.78640460968
0.00154482887131 144 194 0.0 20.0 9.54622554779
0.00154030836177 46 69 0.0 20.0 13.0473442078
0.00153968406038 31 134 0.0 20.0 13.0156459808
0.00153804011812 154 195 0.0 20.0 21.7494297028
0.0015368593868 148 201 0.0 20.0 22.8740882874
0.00153399474893 144 196 0.0 20.0 7.72548627853
0.00152714097345 491 536 0.0 20.0 13.7513713837
0.00152565581597 143 195 0.0 20.0 13.3156690598
0.00152513699549 143 201 0.0 20.0 16.6890735626
0.00152295155124 31 133 0.0 20.0 10.3410234451
0.00152248512887 145 195 0.0 20.0 10.614689827
0.00152101752982 43 67 0.0 20.0 14.2676439285
0.00151982767889 146 194 0.0 20.0 11.0812311172
0.00151712362792 43 70 0.0 20.0 13.8963499069
0.00151622520226 203 349 0.0 20.0 20.0213317871
0.00151449796771 35 134 0.0 20.0 12.8644504547
0.00151388683513 35 133 0.0 20.0 10.2972822189
0.00151229161569 338 373 0.0 20.0 13.790678978
0.00151128836917 142 195 0.0 20.0 13.9842481613
0.00151112580365 40 64 0.0 20.0 16.8892841339
0.00150641084917 491 534 0.0 20.0 8.5150680542
0.00150508982179 158 192 0.0 20.0 22.7294883728
0.00149968213123 43 68 0.0 20.0 13.9905376434
0.00149932020706 13 132 0.0 20.0 11.2151679993
0.00149878158345 191 210 0.0 20.0 13.0475893021
0.00149777299261 45 69 0.0 20.0 11.4020309448
0.00149735802644 337 373 0.0 20.0 12.0910491943
0.00149735403765 230 259 0.0 20.0 9.06324577332
0.00149719985336 144 199 0.0 20.0 12.6571826935
0.00149541330979 41 61 0.0 20.0 16.0532722473
0.00149110738879 205 348 0.0 20.0 16.0221347809
0.00149004667386 203 348 0.0 20.0 18.8857059479
0.00148810163353 333 440 0.0 20.0 13.9009628296
0.00148784402101 40 61 0.0 20.0 18.100402832
0.00148765618247 146 195 0.0 20.0 9.77963352203
0.00148597337155 195 210 0.0 20.0 9.45457172394
0.00148434763965 144 201 0.0 20.0 14.4368267059
0.00148431757482 43 69 0.0 20.0 11.4875802994
0.00148395403291 208 345 0.0 20.0 15.3058605194
0.00148284227597 492 535 0.0 20.0 14.9297571182
0.00148187646544 208 350 0.0 20.0 15.457239151
0.00147955658193 89 101 0.0 20.0 13.8778972626
0.00147898258008 205 349 0.0 20.0 16.2511482239
0.00147576694931 42 72 0.0 20.0 12.3793334961
0.00147454288977 95 195 0.0 20.0 19.3781852722
0.00147269942473 228 260 0.0 20.0 12.7262325287
0.00147188460624 186 421 0.0 20.0 12.0809984207
0.00146798190772 36 134 0.0 20.0 12.4508066177
0.00146597124397 141 195 0.0 20.0 17.6865653992
0.0014656538577 33 133 0.0 20.0 9.44595336914
0.0014600045802 337 438 0.0 20.0 11.2649869919
0.00145923228872 338 371 0.0 20.0 18.8950462341
0.00145472368029 536 575 0.0 20.0 12.6729164124
0.00145336059766 38 61 0.0 20.0 16.8436012268
0.00145303173193 337 437 0.0 20.0 13.2704515457
0.00145171068337 195 209 0.0 20.0 11.9470672607
0.00145143715811 337 371 0.0 20.0 16.6994609833
0.00145118904012 44 72 0.0 20.0 16.7747440338
0.0014488643564 338 440 0.0 20.0 9.19014453888
0.00144421422296 191 218 0.0 20.0 17.2455196381
0.00144321414922 185 423 0.0 20.0 18.70221138
0.00144301717182 32 134 0.0 20.0 10.1349430084
0.00144212962942 338 439 0.0 20.0 10.565369606
0.00144180837613 337 436 0.0 20.0 13.8710803986
0.00143773198074 39 72 0.0 20.0 12.5505104065
0.00143517968084 34 133 0.0 20.0 11.9731044769
0.00143466506636 96 201 0.0 20.0 14.0532598495
0.00142996016724 88 102 0.0 20.0 17.362071991
0.00142954224474 235 538 0.0 20.0 47.7349853516
0.00142946403988 410 488 0.0 20.0 5.62831306458
0.00142862453272 493 535 0.0 20.0 13.1679115295
0.00142828159807 96 195 0.0 20.0 17.9707012177
0.00142583188219 36 133 0.0 20.0 9.49661254883
0.0014253281191 29 133 0.0 20.0 14.0156335831
0.00142400904755 335 440 0.0 20.0 8.15859508514
0.00141923534742 490 536 0.0 20.0 13.7070379257
0.00141790967666 186 423 0.0 20.0 15.149646759
0.00141541879645 397 521 0.0 20.0 10.8986587524
0.00141079751826 188 421 0.0 20.0 16.2233047485
0.00140796033632 489 537 0.0 20.0 13.7043380737
0.0014058901126 488 537 0.0 20.0 15.8341226578
0.00140362253412 490 534 0.0 20.0 9.84921646118
0.00140259257137 208 228 0.0 20.0 9.12146663666
0.00139891721999 33 134 0.0 20.0 12.9734363556
0.00139727616452 343 440 0.0 20.0 17.740655899
0.00139660282997 492 533 0.0 20.0 11.2314739227
0.00139361492398 489 536 0.0 20.0 11.5684986115
0.00139293755611 189 421 0.0 20.0 14.5093412399
0.00139231968235 189 210 0.0 20.0 18.0215892792
0.00138978720867 195 207 0.0 20.0 7.17955875397
0.0013892422886 120 133 0.0 20.0 14.0530910492
0.00138569690361 493 536 0.0 20.0 14.4486560822
0.00138457416111 492 536 0.0 20.0 16.5896873474
0.00138267321648 29 134 0.0 20.0 15.2190647125
0.00138150502996 491 537 0.0 20.0 16.5637245178
0.00138061922044 32 133 0.0 20.0 7.07655239105
0.00138010289182 184 423 0.0 20.0 17.9839305878
0.00137836011529 492 531 0.0 20.0 13.3671274185
0.00137829816359 183 423 0.0 20.0 16.2820205688
0.00137796543676 488 536 0.0 20.0 14.3845233917
0.0013769706931 89 102 0.0 20.0 16.7581119537
0.00137642452304 410 495 0.0 20.0 13.386177063
0.00136905375182 410 485 0.0 20.0 9.50827503204
0.00136873576425 493 531 0.0 20.0 9.71011161804
0.00136836865511 232 538 0.0 20.0 51.5195808411
0.0013680971297 98 201 0.0 20.0 16.6724395752
0.00136717223619 495 536 0.0 20.0 13.8017959595
0.00136623507626 195 214 0.0 20.0 12.5097522736
0.00136572353884 492 540 0.0 20.0 21.1257476807
0.00136570993522 186 422 0.0 20.0 12.6731615067
0.0013656277968 490 532 0.0 20.0 12.4601650238
0.00136357876103 183 432 0.0 20.0 13.3168592453
0.00136187303731 490 537 0.0 20.0 16.4321174622
0.00135944043364 482 537 0.0 20.0 24.7109680176
0.00135841118066 232 539 0.0 20.0 53.8872375488
0.0013554063696 409 495 0.0 20.0 11.0752458572
0.00135508779579 235 539 0.0 20.0 49.8814086914
0.00135500776598 232 540 0.0 20.0 50.9702682495
0.00135440800292 235 540 0.0 20.0 46.8037643433
0.00135173314365 235 252 0.0 20.0 10.6501045227
0.00135109405581 195 219 0.0 20.0 20.0610485077
0.00134572630074 410 484 0.0 20.0 8.49419784546
0.00134543469883 195 213 0.0 20.0 14.0320339203
0.00134462864686 195 218 0.0 20.0 17.655172348
0.00134453547528 195 220 0.0 20.0 22.2991218567
0.00134382253335 9 195 0.0 20.0 25.4901046753
0.00134089853552 163 177 0.0 20.0 10.6927690506
0.00133973958782 503 521 0.0 20.0 9.58292961121
0.00133760687425 15 132 0.0 20.0 12.8762903214
0.00133659992324 408 495 0.0 20.0 12.086514473
0.00133632052201 89 104 0.0 20.0 23.1346073151
0.00133555498727 407 495 0.0 20.0 15.5881309509
0.00133444243804 12 132 0.0 20.0 14.1923866272
0.00133393160812 89 103 0.0 20.0 19.8013916016
0.00133361240302 180 423 0.0 20.0 20.7806625366
0.00133265670077 192 216 0.0 20.0 19.6983032227
0.0013310205352 187 423 0.0 20.0 14.8898439407
0.00133006656773 158 176 0.0 20.0 14.2020483017
0.00132888947069 407 491 0.0 20.0 13.712972641
0.00132859082609 409 488 0.0 20.0 7.9280090332
0.00132851904409 491 532 0.0 20.0 12.0555505753
0.00132788768247 185 418 0.0 20.0 19.1241436005
0.00132727310352 495 532 0.0 20.0 7.33198451996
0.00132634835432 182 432 0.0 20.0 17.0818901062
0.0013258567401 104 201 0.0 20.0 15.3874254227
0.00132583977092 218 440 0.0 20.0 13.1950883865
0.00132413360367 186 428 0.0 20.0 13.0417413712
0.00132158896202 184 431 0.0 20.0 14.7647018433
0.00132064829032 492 539 0.0 20.0 22.9781856537
0.00132011569157 409 482 0.0 20.0 16.9734992981
0.00131834909327 188 210 0.0 20.0 17.4426136017
0.00131752409684 398 522 0.0 20.0 9.92116165161
0.00131701858717 489 534 0.0 20.0 9.14677429199
0.00131573887984 89 109 0.0 20.0 30.7572994232
0.00131560681875 183 431 0.0 20.0 14.239865303
0.00131483589682 492 532 0.0 20.0 13.4559278488
0.0013143938037 208 232 0.0 20.0 7.70786476135
0.0013135166109 409 491 0.0 20.0 9.10142993927
0.00131326830314 503 520 0.0 20.0 9.71836185455
0.00131313555731 104 195 0.0 20.0 14.5838022232
0.00131302504902 105 201 0.0 20.0 18.7295875549
0.00131290051211 103 195 0.0 20.0 16.6857013702
0.00131182420074 191 421 0.0 20.0 15.6893215179
0.00130921907784 7 189 0.0 20.0 25.7217063904
0.00130916076473 410 482 0.0 20.0 13.6531352997
0.00130912414784 397 522 0.0 20.0 9.49415493011
0.00130848354783 493 540 0.0 20.0 18.3965797424
0.00130819817773 194 216 0.0 20.0 19.4065227509
0.00130783682322 189 422 0.0 20.0 14.1667537689
0.00130733212361 89 105 0.0 20.0 25.2192344666
0.00130386292957 14 132 0.0 20.0 11.5709619522
0.00130373573173 493 539 0.0 20.0 20.5573596954
0.00130173779819 195 217 0.0 20.0 17.71966362
0.00130048224395 408 490 0.0 20.0 9.51875495911
0.00129835933223 494 536 0.0 20.0 15.7939062119
0.00129703695357 13 129 0.0 20.0 13.3533859253
0.00129625021671 493 533 0.0 20.0 8.59221363068
0.00129586049055 407 488 0.0 20.0 9.15201759338
0.00129561676549 398 521 0.0 20.0 11.5518903732
0.00129443098656 9 132 0.0 20.0 21.1187744141
0.00129406416019 396 428 0.0 20.0 6.95695400238
0.00129236398161 184 418 0.0 20.0 20.0114498138
0.00129177660908 180 418 0.0 20.0 23.1535186768
0.00128964951601 184 432 0.0 20.0 12.8743104935
0.00128681592301 508 520 0.0 20.0 11.553404808
0.00128554559468 410 489 0.0 20.0 4.52875375748
0.00128453820007 189 419 0.0 20.0 18.7885684967
0.00128312593397 181 423 0.0 20.0 21.6028442383
0.00128232796916 190 423 0.0 20.0 14.2093629837
0.00128085347495 186 419 0.0 20.0 17.3155021667
0.00128049335591 179 432 0.0 20.0 17.0333938599
0.00127988589428 178 418 0.0 20.0 24.5872650146
0.00127802902843 408 488 0.0 20.0 10.6190700531
0.00127465513162 158 178 0.0 20.0 10.2562141418
0.00127455448077 157 176 0.0 20.0 11.8288393021
0.00127449734213 410 494 0.0 20.0 13.0250377655
0.00127413483798 179 195 0.0 20.0 25.0178337097
0.00127350657884 185 428 0.0 20.0 15.4950885773
0.00127279258511 192 423 0.0 20.0 19.5062294006
0.00127275422451 408 485 0.0 20.0 12.9353246689
0.00126974851289 188 423 0.0 20.0 18.188331604
0.00126891478371 186 417 0.0 20.0 16.7386188507
0.00126768847085 144 185 0.0 20.0 12.027258873
0.00126691799769 189 423 0.0 20.0 17.2080249786
0.00126655603959 395 428 0.0 20.0 10.2937660217
0.0012660194929 7 132 0.0 20.0 18.280670166
0.00126575706481 410 481 0.0 20.0 13.4477882385
0.00126572094604 409 493 0.0 20.0 8.90957546234
0.00126529224437 10 132 0.0 20.0 17.4471302032
0.00126413998548 116 133 0.0 20.0 16.292098999
0.00125937106228 217 440 0.0 20.0 12.3298120499
0.00125805758484 178 423 0.0 20.0 23.7935714722
0.00125440237311 186 427 0.0 20.0 15.4328727722
0.00125336619642 411 485 0.0 20.0 11.6605415344
0.00125227554416 120 134 0.0 20.0 13.84009552
0.00125013662593 410 493 0.0 20.0 9.72053527832
0.00124642836086 190 428 0.0 20.0 13.5662918091
0.00124438858353 208 230 0.0 20.0 10.4160528183
0.00124417871888 182 195 0.0 20.0 20.6251602173
0.00124377694385 410 486 0.0 20.0 9.93663692474
0.00124179389032 186 425 0.0 20.0 10.6964349747
0.00124069317835 179 418 0.0 20.0 22.3005332947
0.00124044971028 9 129 0.0 20.0 24.1128635406
0.00124029266981 14 129 0.0 20.0 14.9204654694
0.00124018182042 407 485 0.0 20.0 9.43844032288
0.0012395770249 188 428 0.0 20.0 15.0839881897
0.00123885687415 182 423 0.0 20.0 19.0167064667
0.00123870293746 408 491 0.0 20.0 12.4419260025
0.00123854727079 409 490 0.0 20.0 6.5323343277
0.00123837502315 174 541 0.0 20.0 37.3231811523
0.00123707824174 122 134 0.0 20.0 12.464676857
0.00123591248372 181 432 0.0 20.0 16.907541275
0.00123442542321 207 232 0.0 20.0 10.2539825439
0.00123348591707 240 258 0.0 20.0 18.4002456665
0.00123327917556 397 427 0.0 20.0 7.75318098068
0.00123171089264 157 178 0.0 20.0 7.28187656403
0.00123145677758 407 484 0.0 20.0 8.89065361023
0.00123043431041 407 482 0.0 20.0 13.7149610519
0.00122943088237 162 174 0.0 20.0 9.80444908142
0.00122892783958 121 133 0.0 20.0 14.6503190994
0.00122878055204 121 137 0.0 20.0 19.1410102844
0.00122812239658 113 133 0.0 20.0 12.4987354279
0.00122675978607 410 490 0.0 20.0 5.66316318512
0.00122647547557 407 481 0.0 20.0 12.4704017639
0.00122643694784 209 228 0.0 20.0 10.3271284103
0.00122614610932 409 486 0.0 20.0 13.0488138199
0.00122614610932 408 486 0.0 20.0 14.4567537308
0.0012236313566 408 481 0.0 20.0 15.9884176254
0.00122322646666 409 484 0.0 20.0 11.9891681671
0.00122322646666 408 484 0.0 20.0 12.0063343048
0.00122294144503 411 493 0.0 20.0 9.12874794006
0.00121917823021 409 494 0.0 20.0 11.6485862732
0.00121703818885 396 432 0.0 20.0 10.7698040009
0.00121670031265 208 233 0.0 20.0 10.3348712921
0.00121669597596 409 485 0.0 20.0 12.4537258148
0.00121549678251 162 176 0.0 20.0 14.65483284
0.0012154690373 409 481 0.0 20.0 16.6333217621
0.00121409110076 144 179 0.0 20.0 21.0911331177
0.00121385816811 187 201 0.0 20.0 21.164598465
0.00121039993477 183 195 0.0 20.0 19.2900753021
0.00120971596913 201 423 0.0 20.0 23.7056217194
0.00120441268131 176 188 0.0 20.0 18.4145050049
0.00120296113644 173 195 0.0 20.0 34.3935394287
0.001202210825 227 239 0.0 20.0 18.23595047
0.00120148984374 433 462 0.0 20.0 30.6895828247
0.00120133670625 162 177 0.0 20.0 12.0088510513
0.00119928333986 208 433 0.0 20.0 25.9736843109
0.00119574850779 208 434 0.0 20.0 29.1860771179
0.00119123506914 374 386 0.0 20.0 18.5008049011
0.00118929624837 374 389 0.0 20.0 23.0239753723
0.00118694128126 178 195 0.0 20.0 25.9138641357
0.00118391004956 439 462 0.0 20.0 37.2938079834
0.00118315679203 83 258 0.0 20.0 38.5911750793
0.00118160010435 319 345 0.0 20.0 15.7292985916
0.00118005299463 146 180 0.0 20.0 18.0984516144
0.00117892707244 84 258 0.0 20.0 40.9500846863
0.00117705734404 317 432 0.0 20.0 43.4120788574
0.00117604045363 397 429 0.0 20.0 11.8539953232
0.00117485462816 398 427 0.0 20.0 8.71592521667
0.00117340240269 315 345 0.0 20.0 16.0674629211
0.00117254492162 395 431 0.0 20.0 8.95143985748
0.00117159917838 81 258 0.0 20.0 43.6606330872
0.00117021085521 201 421 0.0 20.0 23.020866394
0.00116998726405 82 258 0.0 20.0 41.6377792358
0.00116992801827 319 346 0.0 20.0 12.0705852509
0.00116927715633 197 470 0.0 20.0 14.0739393234
0.00116865199531 317 431 0.0 20.0 46.4928398132
0.00116522006576 171 541 0.0 20.0 37.4546356201
0.00116257092485 171 537 0.0 20.0 44.6300697327
0.00116061747938 172 541 0.0 20.0 36.3302459717
0.00116030270025 398 426 0.0 20.0 12.1468915939
0.00115987694883 174 537 0.0 20.0 44.0619621277
0.00115897178549 176 537 0.0 20.0 38.9446182251
0.00115879766588 176 541 0.0 20.0 32.3287963867
0.00115853117364 437 462 0.0 20.0 38.5793190002
0.00115746500292 397 425 0.0 20.0 10.8656902313
0.00115581192534 201 422 0.0 20.0 20.700006485
0.00115507928689 374 387 0.0 20.0 20.5865783691
0.00115102775787 176 536 0.0 20.0 39.0087966919
0.0011503749158 398 429 0.0 20.0 13.0187807083
0.00114963711608 9 258 0.0 20.0 13.8462896347
0.00114637925273 397 426 0.0 20.0 11.2481498718
0.00114631865652 172 536 0.0 20.0 43.6508102417
0.00114538448765 314 352 0.0 20.0 14.4750318527
0.00114363358542 197 471 0.0 20.0 15.6816062927
0.00114069631052 316 432 0.0 20.0 42.303352356
0.00114002736773 398 425 0.0 20.0 12.8340768814
0.00113997078532 314 432 0.0 20.0 41.645980835
0.00113994040874 196 471 0.0 20.0 19.4879760742
0.00113455056912 398 545 0.0 20.0 10.5796279907
0.0011306069188 79 258 0.0 20.0 43.7320594788
0.00112915413109 398 552 0.0 20.0 17.2011871338
0.00112803165943 415 428 0.0 20.0 20.117149353
0.00112527108341 3 258 0.0 20.0 22.2522621155
0.00112150692735 312 431 0.0 20.0 44.9514923096
0.0011210028732 79 254 0.0 20.0 37.3080177307
0.00112060277415 78 258 0.0 20.0 46.991317749
0.00112045085186 191 237 0.0 20.0 14.7387800217
0.00111922609258 86 235 0.0 20.0 27.1874008179
0.00111887617816 436 462 0.0 20.0 35.9451980591
0.00111718891495 87 258 0.0 20.0 38.1457099915
0.00111688299417 92 258 0.0 20.0 31.1992702484
0.00111570427393 438 462 0.0 20.0 37.5514526367
0.00111189150334 321 347 0.0 20.0 14.1215839386
0.00110860582482 85 235 0.0 20.0 30.6746788025
0.00110722308305 407 537 0.0 20.0 14.8761138916
0.00110707728768 90 235 0.0 20.0 26.4851760864
0.00110293946074 315 346 0.0 20.0 12.9068412781
0.0011026624113 88 235 0.0 20.0 31.1437320709
0.00110193213249 373 385 0.0 20.0 19.2523460388
0.00110108428746 410 535 0.0 20.0 13.9026222229
0.00109936210951 418 431 0.0 20.0 20.9428062439
0.00109671086335 83 235 0.0 20.0 28.8941955566
0.00109637459243 195 237 0.0 20.0 10.8033246994
0.00109412564059 320 347 0.0 20.0 11.8055324554
0.00109412503395 7 258 0.0 20.0 19.0208873749
0.00108914624904 314 351 0.0 20.0 15.2864894867
0.00108809568012 69 135 0.0 20.0 19.0985393524
0.00108766844498 1 262 0.0 20.0 29.0443496704
0.00108631463737 319 347 0.0 20.0 12.438785553
0.0010845120389 78 235 0.0 20.0 38.8205947876
0.00107918342446 415 427 0.0 20.0 17.9512882233
0.00107813148707 398 542 0.0 20.0 11.6987037659
0.00107724064709 545 570 0.0 20.0 15.7977819443
0.00107626124701 5 258 0.0 20.0 18.529964447
0.00107568763881 95 474 0.0 20.0 24.2331695557
0.00107263342763 553 565 0.0 20.0 12.0887699127
0.00107209108138 553 567 0.0 20.0 9.95307922363
0.00107106749388 89 479 0.0 20.0 37.2858428955
0.00106292835615 398 543 0.0 20.0 13.3118286133
0.00106229103481 398 547 0.0 20.0 14.1707983017
0.00105946577069 398 544 0.0 20.0 10.435461998
0.00105576038388 70 186 0.0 20.0 26.4633769989
0.00105223097749 70 188 0.0 20.0 26.5478668213
0.00105101376431 396 553 0.0 20.0 23.0118503571
0.00104966023471 69 137 0.0 20.0 19.8757228851
0.00104912470321 70 189 0.0 20.0 23.8078575134
0.00104833659325 397 541 0.0 20.0 12.0052204132
0.00104480662995 398 549 0.0 20.0 15.3385772705
0.00104444729123 72 135 0.0 20.0 21.7159519196
0.00104033162752 70 134 0.0 20.0 19.9569396973
0.0010388733114 553 568 0.0 20.0 11.5284128189
0.00103758766887 545 575 0.0 20.0 11.2585525513
0.0010375455102 398 546 0.0 20.0 14.2746639252
0.00103416244498 221 421 0.0 20.0 39.6271057129
0.00103133014806 546 570 0.0 20.0 12.1342563629
0.00101358818288 222 537 0.0 20.0 52.3190841675
0.00100323573285 385 465 0.0 20.0 31.8802394867
0.00100150974395 8 280 0.0 20.0 17.1772537231
0.000999120140756 8 281 0.0 20.0 20.6833820343
0.000998380534275 216 540 0.0 20.0 45.8004798889
0.000998351641146 95 440 0.0 20.0 41.4412727356
0.000997530706595 385 464 0.0 20.0 32.5100593567
0.000992685703903 385 467 0.0 20.0 29.3745918274
0.000989038226017 96 440 0.0 20.0 40.1638336182
0.000988971217503 221 419 0.0 20.0 42.1894226074
0.000988812743092 221 423 0.0 20.0 38.062664032
0.000982331179309 216 541 0.0 20.0 44.2207374573
0.00098026629555 558 570 0.0 20.0 18.9135112762
0.000976153595789 215 541 0.0 20.0 43.0160713196
0.000972603684056 560 572 0.0 20.0 19.6997833252
0.00097242825553 158 432 0.0 20.0 27.3440513611
0.000945744262085 3 431 0.0 20.0 45.1691360474
0.000945585359212 4 431 0.0 20.0 47.1755714417
0.000938462914358 158 436 0.0 20.0 32.844581604
0.000934055580855 157 430 0.0 20.0 28.2596282959
0.000930713536019 158 433 0.0 20.0 30.598897934
0.000926085675012 157 432 0.0 20.0 23.8517856598
0.000922796116428 64 246 0.0 20.0 14.2138700485
0.000921673407983 64 245 0.0 20.0 11.8618755341
0.000912857615918 283 559 0.0 20.0 55.6112747192
0.000909703725977 31 43 0.0 20.0 18.6538066864
0.00090661137199 330 343 0.0 20.0 9.9589509964
0.000905103098447 440 473 0.0 20.0 26.2613735199
0.00090222891612 440 472 0.0 20.0 26.3351860046
0.000898278409456 282 559 0.0 20.0 56.4960861206
0.000852346804416 330 342 0.0 20.0 7.60192251205
0.000850272878067 246 258 0.0 20.0 18.3834495544
0.000835922337619 419 513 0.0 20.0 20.4244613647
0.000835037722514 418 505 0.0 20.0 19.8490638733
0.000833735734203 417 511 0.0 20.0 20.6583385468
0.000322944798178 521 552 0.0 20.0 11.6567258835
0.00029903377311 7 48 0.0 20.0 10.9954767227
0.000229928603645 515 529 0.0 20.0 21.2824172974
0.000193821595454 384 397 0.0 20.0 17.9285545349
0.000183779406782 8 421 0.0 20.0 41.9134864807
0.000183272935666 208 322 0.0 20.0 13.7270622253
0.0001804613512 1 337 0.0 20.0 46.3781585693
0.000172614833274 75 542 0.0 20.0 53.71043396
0.000167192079659 1 70 0.0 20.0 20.0285358429
0.000164378323711 7 228 0.0 20.0 29.9589691162
0.000162321701381 1 61 0.0 20.0 7.99985408783
0.000157295370452 235 434 0.0 20.0 31.2917079926
0.000155856394472 80 354 0.0 20.0 50.8782234192
0.00015574055445 70 562 0.0 20.0 51.4721412659
0.000152735307309 323 410 0.0 20.0 35.7110748291
0.000150401161399 189 568 0.0 20.0 38.5661468506
0.000149253255477 158 418 0.0 20.0 31.8728179932
0.000147732513505 192 283 0.0 20.0 14.70499897
0.000147420381819 176 337 0.0 20.0 33.9653091431
0.00014557429878 88 272 0.0 20.0 50.5328941345
0.000145341300081 259 274 0.0 20.0 12.8572921753
0.000145037925157 485 561 0.0 20.0 43.4436454773
0.000144428419329 421 471 0.0 20.0 20.6767787933
0.000144161622574 75 148 0.0 20.0 29.5524673462
0.000140499331927 431 480 0.0 20.0 21.7001667023
0.000139514357192 283 472 0.0 20.0 33.7630119324
0.000138959787766 274 431 0.0 20.0 27.2516822815
0.000137824521142 369 423 0.0 20.0 36.1752548218
0.000137309886488 158 185 0.0 20.0 14.3732242584
0.000136083012817 268 418 0.0 20.0 40.3015289307
0.000133148861042 219 268 0.0 20.0 5.37152862549
0.000131499119982 415 463 0.0 20.0 9.20863819122
0.000128687000028 188 294 0.0 20.0 27.5842247009
0.000128601806137 100 146 0.0 20.0 17.2737922668
0.000126511708778 180 440 0.0 20.0 23.4399795532
0.000124555723091 188 384 0.0 20.0 22.8326663971
0.000124039193491 1 247 0.0 20.0 13.6035881042
0.000123430153207 433 536 0.0 20.0 28.8080539703
0.000123057477904 374 411 0.0 20.0 29.7917823792
0.000122441848051 235 411 0.0 20.0 33.5139884949
0.000121850745944 17 189 0.0 20.0 17.8764877319
0.000103002348742 458 470 0.0 20.0 9.75299358368
