0.0164879748259 14 158 0.0 20.0 14.588388443
0.0162084600419 203 347 0.0 20.0 15.2585783005
0.0161091831705 15 157 0.0 20.0 18.6681919098
0.0159046274586 204 347 0.0 20.0 15.6294803619
0.0141567851554 130 157 0.0 20.0 10.4526786804
0.0141338346655 131 157 0.0 20.0 8.2379989624
0.0134025724161 121 158 0.0 20.0 13.4887399673
0.01334348127 151 195 0.0 20.0 18.751449585
0.0130565143295 129 156 0.0 20.0 16.1205234528
0.0128596414588 149 198 0.0 20.0 19.0574207306
0.0128176922103 134 158 0.0 20.0 9.78335666656
0.0127264628268 146 196 0.0 20.0 9.64314556122
0.0126738038191 121 157 0.0 20.0 15.2632665634
0.0126362972251 135 158 0.0 20.0 11.2380743027
0.0125742888643 127 155 0.0 20.0 11.8660173416
0.012549596532 121 153 0.0 20.0 20.8399448395
0.0123747204482 128 155 0.0 20.0 11.8943777084
0.0123301811872 488 536 0.0 20.0 14.3845233917
0.0123005341582 134 159 0.0 20.0 13.3706998825
0.0122407715535 336 440 0.0 20.0 6.00857067108
0.0121265402223 492 536 0.0 20.0 16.5896873474
0.0119815267574 489 536 0.0 20.0 11.5684986115
0.0114390902731 163 177 0.0 20.0 10.6927690506
0.0112661057959 337 438 0.0 20.0 11.2649869919
0.0111592950594 158 178 0.0 20.0 10.2562141418
0.0110723436402 335 440 0.0 20.0 8.15859508514
0.0104733586786 410 494 0.0 20.0 13.0250377655
0.0104030298722 407 491 0.0 20.0 13.712972641
0.0100933875391 418 431 0.0 20.0 20.9428062439
0.010032739265 409 494 0.0 20.0 11.6485862732
0.00983818818295 409 490 0.0 20.0 6.5323343277
0.00944191316829 419 431 0.0 20.0 19.5045261383
0.00928666348776 433 462 0.0 20.0 30.6895828247
0.00917733451745 176 537 0.0 20.0 38.9446182251
0.00912932853606 433 466 0.0 20.0 30.049697876
0.00892763943493 436 462 0.0 20.0 35.9451980591
0.00885693612451 171 537 0.0 20.0 44.6300697327
0.00884215056974 174 537 0.0 20.0 44.0619621277
0.00869467314148 84 258 0.0 20.0 40.9500846863
0.00850743892495 79 255 0.0 20.0 39.9893417358
0.00849160665861 80 256 0.0 20.0 38.0796470642
0.00848062561884 319 345 0.0 20.0 15.7292985916
0.00847442294591 183 195 0.0 20.0 19.2900753021
0.00830857559351 186 199 0.0 20.0 20.5771427155
0.00829777063285 90 235 0.0 20.0 26.4851760864
0.00823077451247 84 235 0.0 20.0 31.4917106628
0.00820234423086 314 351 0.0 20.0 15.2864894867
0.00819297804494 195 213 0.0 20.0 14.0320339203
0.00818976935022 195 218 0.0 20.0 17.655172348
0.00805587382542 176 189 0.0 20.0 20.1610431671
0.00805580493366 321 347 0.0 20.0 14.1215839386
0.00800124907089 315 346 0.0 20.0 12.9068412781
0.00793701820806 396 432 0.0 20.0 10.7698040009
0.00770292060795 72 433 0.0 20.0 48.4408874512
0.0076337889667 398 426 0.0 20.0 12.1468915939
0.00760842890611 397 428 0.0 20.0 9.01223945618
0.00754901927447 69 427 0.0 20.0 43.0389022827
0.00721412386784 553 565 0.0 20.0 12.0887699127
0.00710532044702 187 418 0.0 20.0 16.70545578
0.00708929804966 186 420 0.0 20.0 15.8310070038
0.00707762050073 186 415 0.0 20.0 20.4642505646
0.00670852366751 560 572 0.0 20.0 19.6997833252
0.00602623289473 330 342 0.0 20.0 7.60192251205
0.00228584497067 15 132 0.0 20.0 12.8762903214
0.00198654547985 69 135 0.0 20.0 19.0985393524
0.00197178175567 96 195 0.0 20.0 17.9707012177
0.00188407935133 338 373 0.0 20.0 13.790678978
0.00183745758314 8 421 0.0 20.0 41.9134864807
0.00182073218495 208 433 0.0 20.0 25.9736843109
0.00168938712796 208 232 0.0 20.0 7.70786476135
0.00157814285847 398 552 0.0 20.0 17.2011871338
0.00155712039661 70 562 0.0 20.0 51.4721412659
0.00146700217871 180 432 0.0 20.0 14.8030509949
0.00138994208461 545 570 0.0 20.0 15.7977819443
0.00134748992588 397 541 0.0 20.0 12.0052204132
0.00133578846765 422 471 0.0 20.0 17.7368373871
0.00129614793084 48 135 0.0 20.0 25.6581401825
0.00128663438518 188 294 0.0 20.0 27.5842247009
0.0012859548857 2 431 0.0 20.0 46.2173156738
0.00127582081689 1 337 0.0 20.0 46.3781585693
0.00123738889852 431 473 0.0 20.0 25.373714447
0.00123358455072 276 431 0.0 20.0 32.1132545471
0.00121739735997 39 72 0.0 20.0 12.5505104065
0.00121092337047 104 195 0.0 20.0 14.5838022232
0.00121022415106 157 213 0.0 20.0 33.0568847656
0.00120945077207 133 324 0.0 20.0 43.760269165
0.00120263486918 230 259 0.0 20.0 9.06324577332
0.00117244542172 431 480 0.0 20.0 21.7001667023
0.00117050223201 146 388 0.0 20.0 30.8519477844
0.00114090354253 93 272 0.0 20.0 43.8272476196
0.00112726710638 48 281 0.0 20.0 31.1748790741
0.001112042588 235 434 0.0 20.0 31.2917079926
0.00107503525634 321 410 0.0 20.0 39.992641449
0.00107220128534 411 537 0.0 20.0 18.0491714478
0.00106430065445 157 434 0.0 20.0 30.0842666626
0.00106328259065 398 521 0.0 20.0 11.5518903732
0.00105518665941 158 418 0.0 20.0 31.8728179932
0.00102909877375 201 357 0.0 20.0 30.05402565
0.00102191905309 154 259 0.0 20.0 24.9021244049
0.00101167835525 113 133 0.0 20.0 12.4987354279
0.00100451528983 61 135 0.0 20.0 24.2734527588
0.00100373837725 1 262 0.0 20.0 29.0443496704
0.000999688421369 482 562 0.0 20.0 48.3898239136
0.000999641249521 1 154 0.0 20.0 28.4890785217
0.000957742745963 408 420 0.0 20.0 9.0255279541
0.000728203240418 458 470 0.0 20.0 9.75299358368
0.000549840043876 272 284 0.0 20.0 13.7336015701
