0.00495602027991 7 111 0.0 20.0 27.2737922668
0.00486615062804 8 111 0.0 20.0 25.6948032379
0.00486461537443 7 113 0.0 20.0 34.2958488464
0.0048615788963 1 28 0.0 20.0 22.2064876556
0.00479067429123 1 29 0.0 20.0 25.8655433655
0.00474071017144 2 28 0.0 20.0 18.8109397888
0.00470108771712 2 29 0.0 20.0 22.4528255463
0.00464754544515 6 113 0.0 20.0 38.0253486633
0.0045634736532 2 27 0.0 20.0 19.6887359619
0.00456014934662 8 113 0.0 20.0 32.4406394958
0.00454065229337 25 191 0.0 20.0 50.2186279297
0.00451044504845 7 112 0.0 20.0 30.9449367523
0.00444720780704 23 78 0.0 20.0 23.3839855194
0.0044039612883 1 30 0.0 20.0 26.5389480591
0.00436366866246 6 111 0.0 20.0 30.9615135193
0.0043525840916 26 191 0.0 20.0 50.1058158875
0.00433553517722 4 28 0.0 20.0 14.7817926407
0.00431994292136 25 192 0.0 20.0 50.9126281738
0.00430638433115 22 78 0.0 20.0 26.4070491791
0.00426621037204 26 192 0.0 20.0 51.0785446167
0.00425898927349 24 191 0.0 20.0 47.064414978
0.00425775477637 8 112 0.0 20.0 29.2711238861
0.00423854766617 2 33 0.0 20.0 15.0875854492
0.00421372781899 7 114 0.0 20.0 36.8024291992
0.00420613244773 1 25 0.0 20.0 23.7665157318
0.00420535431056 24 192 0.0 20.0 47.7359924316
0.00418462529337 1 27 0.0 20.0 23.1689395905
0.00416824741632 23 79 0.0 20.0 20.5496845245
0.00414877315699 2 32 0.0 20.0 18.6638298035
0.0041410341199 2 26 0.0 20.0 22.7226753235
0.00414063819723 1 26 0.0 20.0 26.019487381
0.00410817441669 2 30 0.0 20.0 22.9084873199
0.00410732961101 5 113 0.0 20.0 41.1372756958
0.00409636961781 21 78 0.0 20.0 24.7037162781
0.00408987002103 26 78 0.0 20.0 25.8045711517
0.00408211536895 6 112 0.0 20.0 34.6544342041
0.00408016681807 1 34 0.0 20.0 17.4937133789
0.00407007810799 23 193 0.0 20.0 49.5488815308
0.00406692659736 23 81 0.0 20.0 19.8570518494
0.00406072164453 22 192 0.0 20.0 47.1698532104
0.0040524015114 25 78 0.0 20.0 26.0777492523
0.00404984819588 27 191 0.0 20.0 49.8728179932
0.00403235637819 11 36 0.0 20.0 10.9906158447
0.00403084422422 23 191 0.0 20.0 45.2377624512
0.00402855251683 1 118 0.0 20.0 53.7671203613
0.00402732157784 2 34 0.0 20.0 14.3176851273
0.00402217790593 1 23 0.0 20.0 24.8366928101
0.00401798661407 23 77 0.0 20.0 22.4773159027
0.00401288655585 23 80 0.0 20.0 21.4716796875
0.00400588960738 22 191 0.0 20.0 46.4926605225
0.00398125839394 11 37 0.0 20.0 7.39962816238
0.00398100579556 20 192 0.0 20.0 42.2870178223
0.00397967541972 20 191 0.0 20.0 41.7181587219
0.00397451773603 20 78 0.0 20.0 22.9284992218
0.00394856004267 2 25 0.0 20.0 20.7389297485
0.00390737053287 10 117 0.0 20.0 36.3024978638
0.0039019540246 1 33 0.0 20.0 18.6199531555
0.00388114188373 23 188 0.0 20.0 44.7544212341
0.00387507535809 23 192 0.0 20.0 46.1107902527
0.00385152629233 23 189 0.0 20.0 48.219329834
0.00384444305298 22 74 0.0 20.0 30.3448066711
0.00383939101455 21 192 0.0 20.0 45.6095695496
0.00383485551584 27 193 0.0 20.0 54.3325157166
0.00382669503748 19 78 0.0 20.0 26.5061435699
0.00382461283362 5 28 0.0 20.0 11.4354276657
0.00382424162982 1 32 0.0 20.0 22.1645965576
0.0038206681678 23 190 0.0 20.0 48.5022888184
0.00380642373338 2 36 0.0 20.0 13.7036333084
0.00376241620033 19 74 0.0 20.0 29.8469276428
0.00374816903912 23 76 0.0 20.0 22.6955318451
0.00374156100507 1 37 0.0 20.0 17.2083320618
0.00374014857916 1 24 0.0 20.0 21.5593395233
0.00373424392623 5 27 0.0 20.0 12.9818191528
0.00372941054555 4 33 0.0 20.0 10.4102706909
0.00370209923675 3 33 0.0 20.0 12.0099992752
0.00368655462556 23 82 0.0 20.0 22.5410728455
0.0036814742962 7 28 0.0 20.0 10.176568985
0.00366432632421 3 28 0.0 20.0 15.8715734482
0.00365316276301 27 192 0.0 20.0 50.8161087036
0.00365135116922 23 83 0.0 20.0 24.5037384033
0.0036502543313 21 191 0.0 20.0 45.188167572
0.00364677531334 10 28 0.0 20.0 17.4214248657
0.00362497339802 27 189 0.0 20.0 52.5096549988
0.00362484306192 6 23 0.0 20.0 14.3041591644
0.0036212611747 27 39 0.0 20.0 19.4099254608
0.00360429244172 5 23 0.0 20.0 17.399061203
0.00358088541979 28 40 0.0 20.0 22.7600917816
0.00357377592085 28 41 0.0 20.0 26.3602275848
0.00356762834366 28 191 0.0 20.0 52.9078369141
0.00356397717704 23 86 0.0 20.0 20.9814243317
0.00355981103319 10 33 0.0 20.0 17.125995636
0.00355899322292 7 30 0.0 20.0 14.4542856216
0.00355378454983 29 191 0.0 20.0 55.0757904053
0.00354980517783 7 34 0.0 20.0 6.52761602402
0.00354691392734 5 33 0.0 20.0 6.86964082718
0.0035443870445 33 193 0.0 20.0 58.1355667114
0.00354341221575 31 191 0.0 20.0 54.7016601562
0.00353295450813 7 29 0.0 20.0 13.9638881683
0.00352562714289 29 192 0.0 20.0 56.0097999573
0.00352300129901 37 191 0.0 20.0 44.4507293701
0.00351863024906 28 190 0.0 20.0 56.0391197205
0.00350765366542 32 192 0.0 20.0 57.2151794434
0.00350323873085 28 43 0.0 20.0 24.8859119415
0.00350239585908 23 36 0.0 20.0 10.3894834518
0.00350139074061 23 38 0.0 20.0 13.811132431
0.00349787482762 34 192 0.0 20.0 52.9968833923
0.00349268670813 23 84 0.0 20.0 22.6067905426
0.00346402635169 23 187 0.0 20.0 45.9466781616
0.00345987147436 34 191 0.0 20.0 52.5472679138
0.00341295326621 28 187 0.0 20.0 53.1529502869
0.00339793308604 39 192 0.0 20.0 40.1150741577
0.00339338708365 36 191 0.0 20.0 47.8726425171
0.00338411138377 17 80 0.0 20.0 25.3639659882
0.00338042804866 23 41 0.0 20.0 22.4112110138
0.00336573294337 19 40 0.0 20.0 16.5760002136
0.00334398624055 24 78 0.0 20.0 22.5415687561
0.00327993585357 29 78 0.0 20.0 27.790304184
0.00317693414998 13 74 0.0 20.0 25.7182559967
0.00316983518481 27 80 0.0 20.0 20.221200943
0.00315707688622 26 74 0.0 20.0 31.1184310913
0.00311557048827 12 74 0.0 20.0 22.0915641785
0.00311145763597 27 78 0.0 20.0 22.7562656403
0.00309758194617 11 80 0.0 20.0 21.9127464294
0.00303577095336 28 71 0.0 20.0 29.3409404755
0.00300894978483 34 78 0.0 20.0 23.4467258453
0.00298641797262 1 84 0.0 20.0 33.868888855
0.00290494262029 27 75 0.0 20.0 25.2509689331
0.00289336688363 32 78 0.0 20.0 25.7576389313
0.00286886698863 33 81 0.0 20.0 21.3794059753
0.0028570031562 33 78 0.0 20.0 22.7727870941
0.00283934887286 28 70 0.0 20.0 28.878162384
0.00283365128377 109 125 0.0 20.0 27.2678089142
0.00282974997648 27 77 0.0 20.0 21.7956790924
0.00282482101444 110 125 0.0 20.0 24.2195510864
0.00281477096738 27 82 0.0 20.0 21.4720020294
0.00281162065155 1 78 0.0 20.0 19.9805736542
0.00276879747254 7 84 0.0 20.0 25.1608562469
0.00276453568039 27 79 0.0 20.0 19.9126033783
0.00276061048919 101 125 0.0 20.0 40.9090042114
0.00273700840005 33 79 0.0 20.0 20.7262039185
0.00272330667157 112 125 0.0 20.0 19.0140399933
0.00271184676808 33 83 0.0 20.0 27.1415252686
0.0026984935368 31 78 0.0 20.0 24.0644073486
0.00269800284883 33 84 0.0 20.0 25.9717254639
0.00269300659244 7 82 0.0 20.0 22.3130111694
0.0026769058913 108 125 0.0 20.0 30.9251232147
0.00265279708371 2 81 0.0 20.0 23.3837394714
0.00263075722402 33 80 0.0 20.0 21.287519455
0.00261494183545 1 77 0.0 20.0 16.2747116089
0.00260558132297 36 68 0.0 20.0 25.4966449738
0.00259969129065 29 66 0.0 20.0 32.9928970337
0.0025892952065 32 74 0.0 20.0 30.4867744446
0.00258638339442 99 125 0.0 20.0 39.5432739258
0.00258503385115 33 82 0.0 20.0 23.8894691467
0.00258195187663 30 78 0.0 20.0 26.0093765259
0.00257584113848 28 67 0.0 20.0 27.9106292725
0.00257510512193 100 125 0.0 20.0 41.7908706665
0.00256666694249 111 125 0.0 20.0 21.8304519653
0.00255290655448 36 78 0.0 20.0 22.6090202332
0.00255262707869 40 83 0.0 20.0 34.4213790894
0.0025184486024 26 66 0.0 20.0 29.2906131744
0.00251557101878 37 74 0.0 20.0 23.1975784302
0.00251066526528 1 81 0.0 20.0 26.2881622314
0.00249033681623 40 82 0.0 20.0 32.3764610291
0.00247716515982 41 74 0.0 20.0 23.0943279266
0.00247060530612 102 125 0.0 20.0 42.0642700195
0.00246424086693 100 124 0.0 20.0 45.0038833618
0.00245579228042 40 84 0.0 20.0 34.5353240967
0.00244560441853 95 125 0.0 20.0 32.0666694641
0.00244288594158 107 124 0.0 20.0 34.7856292725
0.00243673680431 42 78 0.0 20.0 24.6258926392
0.00243226285231 36 87 0.0 20.0 28.9646034241
0.00242862272409 104 127 0.0 20.0 37.9694786072
0.00242752513587 104 126 0.0 20.0 40.1276779175
0.00242742341394 40 81 0.0 20.0 28.6053237915
0.00241873334153 2 78 0.0 20.0 18.0950946808
0.00239335326372 43 74 0.0 20.0 17.8560352325
0.00237239255978 2 86 0.0 20.0 28.6414489746
0.00235539199727 4 78 0.0 20.0 19.0926685333
0.00234342515718 36 66 0.0 20.0 22.871389389
0.00232354088893 93 122 0.0 20.0 33.6562385559
0.00227323609479 99 124 0.0 20.0 42.7585678101
0.00226303027201 1 79 0.0 20.0 21.1972503662
0.00223465744432 1 83 0.0 20.0 32.8881111145
0.00222958852315 107 126 0.0 20.0 32.730846405
0.00221873309392 107 127 0.0 20.0 30.7875385284
0.00217615851093 111 133 0.0 20.0 28.6213321686
0.0021759317344 1 86 0.0 20.0 31.4197731018
0.00217176168541 74 89 0.0 20.0 25.5649986267
0.00215844875112 87 127 0.0 20.0 32.5845832825
0.00214295486141 1 80 0.0 20.0 23.8567676544
0.00213732581744 2 80 0.0 20.0 21.1417541504
0.00212650249149 111 130 0.0 20.0 25.9192314148
0.00209922800194 2 76 0.0 20.0 14.486700058
0.00209742870688 2 82 0.0 20.0 26.6364574432
0.00204614439832 111 136 0.0 20.0 28.9184970856
0.00202407524022 107 134 0.0 20.0 41.5508728027
0.00197288601189 45 82 0.0 20.0 31.2619132996
0.00190574452663 73 87 0.0 20.0 29.0585212708
0.00190356896398 74 86 0.0 20.0 23.165512085
0.00189222258245 9 88 0.0 20.0 23.1926078796
0.00188026866741 82 124 0.0 20.0 45.111366272
0.00184393168289 80 93 0.0 20.0 15.660367012
0.00179308718316 93 120 0.0 20.0 35.812171936
0.00177684190013 70 93 0.0 20.0 18.4909286499
0.00170917327467 117 139 0.0 20.0 13.7224273682
0.00164800346513 87 133 0.0 20.0 43.5772094727
0.00163772818987 86 131 0.0 20.0 40.8533439636
0.00160668321235 87 132 0.0 20.0 40.1058502197
0.00160455843607 80 124 0.0 20.0 46.886554718
0.00159784699862 78 118 0.0 20.0 45.9393196106
0.00158101294847 82 131 0.0 20.0 47.0241355896
0.00154165401897 17 128 0.0 20.0 39.6468276978
0.00153549198662 17 129 0.0 20.0 39.5342826843
0.00151833323875 72 124 0.0 20.0 47.4274711609
0.00150980627551 23 127 0.0 20.0 41.5580368042
0.00148768029847 78 128 0.0 20.0 42.6160964966
0.00146949188671 82 113 0.0 20.0 31.7147445679
0.00139051513462 78 114 0.0 20.0 33.2501411438
0.00138743412844 72 125 0.0 20.0 44.0220947266
0.00138421953674 74 123 0.0 20.0 51.9084892273
0.00138085400062 11 126 0.0 20.0 38.5513114929
0.00137191426652 68 128 0.0 20.0 35.038356781
0.0013718608412 28 127 0.0 20.0 50.089225769
0.0013687773763 65 87 0.0 20.0 22.5522632599
0.00136289557399 65 112 0.0 20.0 13.5032320023
0.00135412934718 75 112 0.0 20.0 27.2019309998
0.0013486796435 11 128 0.0 20.0 38.6659049988
0.00134663389971 67 112 0.0 20.0 18.3836269379
0.00133899320831 28 128 0.0 20.0 51.8575744629
0.00130815146054 74 126 0.0 20.0 47.1620025635
0.00130693642672 79 112 0.0 20.0 25.6334171295
0.00129765337271 74 133 0.0 20.0 50.6261177063
0.00128209636103 36 104 0.0 20.0 21.8998889923
0.00127702123899 1 74 0.0 20.0 16.4390888214
0.00127689648941 36 107 0.0 20.0 20.4815883636
0.00127386400807 66 89 0.0 20.0 20.8797550201
0.00127049083582 79 131 0.0 20.0 46.8805198669
0.00126634223413 41 113 0.0 20.0 26.131483078
0.00123963189604 33 121 0.0 20.0 55.7118301392
0.00118759933394 7 126 0.0 20.0 49.5254669189
0.00116613189378 32 124 0.0 20.0 55.1776733398
0.00115208275212 2 204 0.0 20.0 54.9195137024
0.001147005463 78 109 0.0 20.0 19.7952270508
0.00112358878143 12 192 0.0 20.0 35.1736717224
0.00111241619343 6 198 0.0 20.0 57.0227394104
0.00106888616995 66 81 0.0 20.0 21.2009887695
0.0010306756301 1 126 0.0 20.0 56.3935699463
0.00102100981054 36 131 0.0 20.0 52.6964454651
0.00100830334748 40 130 0.0 20.0 46.3201560974
0.00100642924492 87 139 0.0 20.0 47.3249206543
0.0010002209872 88 112 0.0 20.0 21.1443653107
0.000996884320169 86 112 0.0 20.0 22.2105197906
0.000989959933821 78 106 0.0 20.0 10.4034757614
0.000958162256794 127 209 0.0 20.0 23.9467449188
0.000958133585427 28 116 0.0 20.0 42.5665512085
0.000947891660429 130 209 0.0 20.0 22.3761959076
0.000910325114699 26 119 0.0 20.0 43.2079124451
0.000874525204365 2 130 0.0 20.0 57.4352912903
0.000814922032228 78 139 0.0 20.0 54.6684455872
0.000800030661712 74 102 0.0 20.0 11.7315988541
0.000749726107814 73 104 0.0 20.0 12.2683773041
0.000743451810338 74 104 0.0 20.0 10.1282157898
0.000517206655986 19 180 0.0 20.0 42.0422973633
0.00024998650318 28 107 0.0 20.0 22.9811725616
0.000205430097696 66 190 0.0 20.0 30.972902298
0.00019903375053 7 218 0.0 20.0 43.8688926697
0.000163003642878 111 188 0.0 20.0 22.8758621216
0.00016274276613 74 201 0.0 20.0 51.4553871155
0.000142868066795 40 123 0.0 20.0 44.3295173645
0.000134528748631 131 182 0.0 20.0 26.1688785553
0.000124192607687 28 137 0.0 20.0 61.9703521729
0.000107570059146 2 181 0.0 20.0 41.4044723511
0.00010755595253 40 177 0.0 20.0 35.1831245422
0.0001073578724 58 79 0.0 20.0 13.0050840378
0.00010734393703 79 181 0.0 20.0 29.4528274536
0.000103977257314 86 104 0.0 20.0 13.2691411972
9.79177654351e-05 66 100 0.0 20.0 14.7980518341
9.31622848104e-05 58 135 0.0 20.0 53.3804550171
7.36831640549e-05 155 181 0.0 20.0 16.6273822784
