HSA_10Perc_PSM 0.83038869258 0.730088495575 0.649044427898
HSA_10Perc_PR 0.876325088339 0.730088495575 0.758733556714
HSA_50Perc_PSM 0.478835978836 0.393388429752 0.660884802336
HSA_50Perc_PR 0.544973544974 0.393388429752 0.720217239835
HSA_20Perc_PSM 0.739376770538 0.633628318584 0.667015053691
HSA_20Perc_PR 0.85269121813 0.633628318584 0.770979079921
GFP_20Perc_PSM 0.838383838384 0.786163522013 0.784461152882
GPF_20Perc_PR 0.868686868687 0.786163522013 0.808498519025
GST_20Perc_PSM 0.712230215827 0.551569506726 0.746813649913
GST_20Perc_PR 0.712230215827 0.551569506726 0.753982937609
MDP_20Perc_PSM 0.185714285714 0.1875 0.48279252704
MDP_20Perc_PR 0.235714285714 0.1875 0.543428384136
Tx767_20Perc_PSM 0.888888888889 0.805970149254 0.768115942029
Tx767_20Perc_PR 0.865079365079 0.805970149254 0.727884691534
Tx781_20Perc_PSM 0.555555555556 0.493055555556 0.621899801587
Tx781_20Perc_PR 0.533333333333 0.493055555556 0.608754960317
Tx808_20Perc_PSM 0.824074074074 0.763005780347 0.744217687075
Tx808_20Perc_PR 0.87037037037 0.763005780347 0.784742468416
Tx812_20Perc_PSM 0.916666666667 0.922413793103 0.7408
Tx812_20Perc_PR 0.958333333333 0.922413793103 0.7396