2kjpA L/10 1.0 0.167 9 0 54.0 L/5 0.889 0.296 16 2 54.0 L/2 0.733 0.611 33 12 54.0 1.5L 0.456 1.148 62 74 54.0 L/10 0.889 0.2 8 1 40.0 L/5 0.833 0.375 15 3 40.0 L/2 0.711 0.8 32 13 40.0 1.5L 0.402 0.825 33 49 40.0
1se7A L/10 0.375 0.052 3 5 58.0 L/5 0.375 0.103 6 10 58.0 L/2 0.317 0.224 13 28 58.0 1.5L 0.161 0.345 20 104 58.0 L/10 0.25 0.1 2 6 20.0 L/5 0.188 0.15 3 13 20.0 L/2 0.098 0.2 4 37 20.0 1.5L 0.083 0.25 5 55 20.0
1couA L/10 0.875 0.057 7 1 122.0 L/5 0.824 0.115 14 3 122.0 L/2 0.5 0.172 21 21 122.0 1.5L 0.244 0.254 31 96 122.0 L/10 0.375 0.097 3 5 31.0 L/5 0.176 0.097 3 14 31.0 L/2 0.071 0.097 3 39 31.0 1.5L 0.079 0.194 6 70 31.0
2xuvA L/10 0.5 0.055 3 3 55.0 L/5 0.308 0.073 4 9 55.0 L/2 0.176 0.109 6 28 55.0 1.5L 0.146 0.273 15 88 55.0 L/10 0.167 0.056 1 5 18.0 L/5 0.154 0.111 2 11 18.0 L/2 0.147 0.278 5 29 18.0 1.5L 0.095 0.389 7 67 18.0
2da4A L/10 0.75 0.261 6 2 23.0 L/5 0.5 0.348 8 8 23.0 L/2 0.275 0.478 11 29 23.0 1.5L 0.15 0.783 18 102 23.0 L/10 0.75 0.4 6 2 15.0 L/5 0.563 0.6 9 7 15.0 L/2 0.25 0.667 10 30 15.0 1.5L 0.222 0.667 10 35 15.0
1luzA L/10 1.0 0.081 8 0 99.0 L/5 0.941 0.162 16 1 99.0 L/2 0.762 0.323 32 10 99.0 1.5L 0.559 0.717 71 56 99.0 L/10 0.75 0.118 6 2 51.0 L/5 0.647 0.216 11 6 51.0 L/2 0.571 0.471 24 18 51.0 1.5L 0.479 0.667 34 37 51.0
1u9dA L/10 0.417 0.033 5 7 151.0 L/5 0.333 0.053 8 16 151.0 L/2 0.328 0.132 20 41 151.0 1.5L 0.311 0.377 57 126 151.0 L/10 0.083 0.059 1 11 17.0 L/5 0.125 0.176 3 21 17.0 L/2 0.18 0.647 11 50 17.0 1.5L 0.151 0.647 11 62 17.0
2lqlA L/10 0.0 0.0 0 8 33.0 L/5 0.063 0.03 1 15 33.0 L/2 0.024 0.03 1 40 33.0 1.5L 0.032 0.121 4 120 33.0 L/10 0.125 0.043 1 7 23.0 L/5 0.063 0.043 1 15 23.0 L/2 0.073 0.13 3 38 23.0 1.5L 0.054 0.13 3 53 23.0
3sxuB L/10 0.9 0.093 9 1 97.0 L/5 0.8 0.165 16 4 97.0 L/2 0.647 0.34 33 18 97.0 1.5L 0.379 0.598 58 95 97.0 L/10 0.7 0.115 7 3 61.0 L/5 0.55 0.18 11 9 61.0 L/2 0.353 0.295 18 33 61.0 1.5L 0.344 0.344 21 40 61.0
2lc0A L/10 0.154 0.011 2 11 188.0 L/5 0.154 0.021 4 22 188.0 L/2 0.197 0.069 13 53 188.0 1.5L 0.187 0.197 37 161 188.0 L/10 0.154 0.074 2 11 27.0 L/5 0.077 0.074 2 24 27.0 L/2 0.106 0.259 7 59 27.0 1.5L 0.098 0.333 9 83 27.0
2z59A L/10 0.9 0.11 9 1 82.0 L/5 0.952 0.244 20 1 82.0 L/2 0.667 0.439 36 18 82.0 1.5L 0.423 0.841 69 94 82.0 L/10 0.9 0.097 9 1 93.0 L/5 0.952 0.215 20 1 93.0 L/2 0.667 0.387 36 18 93.0 1.5L 0.392 0.667 62 96 93.0
3g21A L/10 0.714 0.116 5 2 43.0 L/5 0.467 0.163 7 8 43.0 L/2 0.395 0.349 15 23 43.0 1.5L 0.2 0.535 23 92 43.0 L/10 0.714 0.152 5 2 33.0 L/5 0.6 0.273 9 6 33.0 L/2 0.342 0.394 13 25 33.0 1.5L 0.183 0.394 13 58 33.0
1bnoA L/10 0.875 0.143 7 1 49.0 L/5 0.706 0.245 12 5 49.0 L/2 0.558 0.49 24 19 49.0 1.5L 0.331 0.878 43 87 49.0 L/10 0.75 0.167 6 2 36.0 L/5 0.647 0.306 11 6 36.0 L/2 0.488 0.583 21 22 36.0 1.5L 0.31 0.611 22 49 36.0
1ywyA L/10 0.714 0.096 5 2 52.0 L/5 0.5 0.135 7 7 52.0 L/2 0.486 0.346 18 19 52.0 1.5L 0.288 0.615 32 79 52.0 L/10 0.714 0.106 5 2 47.0 L/5 0.5 0.149 7 7 47.0 L/2 0.459 0.362 17 20 47.0 1.5L 0.286 0.553 26 65 47.0
2fzpA L/10 0.769 0.056 10 3 177.0 L/5 0.615 0.09 16 10 177.0 L/2 0.358 0.136 24 43 177.0 1.5L 0.174 0.198 35 166 177.0 L/10 0.769 0.244 10 3 41.0 L/5 0.5 0.317 13 13 41.0 L/2 0.299 0.488 20 47 41.0 1.5L 0.147 0.585 24 139 41.0
2lz0A L/10 0.7 0.075 7 3 93.0 L/5 0.65 0.14 13 7 93.0 L/2 0.68 0.366 34 16 93.0 1.5L 0.433 0.699 65 85 93.0 L/10 0.8 0.082 8 2 97.0 L/5 0.65 0.134 13 7 97.0 L/2 0.66 0.34 33 17 97.0 1.5L 0.368 0.433 42 72 97.0
2dirA L/10 1.0 0.082 9 0 110.0 L/5 1.0 0.173 19 0 110.0 L/2 0.816 0.364 40 9 110.0 1.5L 0.565 0.755 83 64 110.0 L/10 0.889 0.333 8 1 24.0 L/5 0.684 0.542 13 6 24.0 L/2 0.426 0.833 20 27 24.0 1.5L 0.426 0.833 20 27 24.0
3t7lA L/10 0.429 0.053 3 4 57.0 L/5 0.5 0.123 7 7 57.0 L/2 0.459 0.298 17 20 57.0 1.5L 0.369 0.719 41 70 57.0 L/10 0.429 0.059 3 4 51.0 L/5 0.357 0.098 5 9 51.0 L/2 0.324 0.235 12 25 51.0 1.5L 0.273 0.412 21 56 51.0
1yr1A L/10 1.0 0.087 11 0 127.0 L/5 0.826 0.15 19 4 127.0 L/2 0.678 0.315 40 19 127.0 1.5L 0.528 0.74 94 84 127.0 L/10 1.0 0.136 11 0 81.0 L/5 0.826 0.235 19 4 81.0 L/2 0.644 0.469 38 21 81.0 1.5L 0.484 0.741 60 64 81.0
1wi9A L/10 0.714 0.227 5 2 22.0 L/5 0.5 0.318 7 7 22.0 L/2 0.361 0.591 13 23 22.0 1.5L 0.241 1.182 26 82 22.0 L/10 0.571 0.5 4 3 8.0 L/5 0.429 0.75 6 8 8.0 L/2 0.222 1.0 8 28 8.0 1.5L 0.145 1.0 8 47 8.0
3rfeA L/10 0.909 0.083 10 1 120.0 L/5 0.913 0.175 21 2 120.0 L/2 0.763 0.375 45 14 120.0 1.5L 0.539 0.8 96 82 120.0 L/10 0.818 0.073 9 2 124.0 L/5 0.652 0.121 15 8 124.0 L/2 0.627 0.298 37 22 124.0 1.5L 0.359 0.484 60 107 124.0
2ko2A L/10 0.0 0.0 0 6 40.0 L/5 0.0 0.0 0 13 40.0 L/2 0.0 0.0 0 33 40.0 1.5L 0.03 0.075 3 97 40.0 L/10 0.0 0.0 0 6 13.0 L/5 0.0 0.0 0 13 13.0 L/2 0.0 0.0 0 33 13.0 1.5L 0.028 0.154 2 69 13.0
3a38A L/10 0.375 0.033 3 5 92.0 L/5 0.375 0.065 6 10 92.0 L/2 0.317 0.141 13 28 92.0 1.5L 0.226 0.304 28 96 92.0 L/10 0.5 0.129 4 4 31.0 L/5 0.25 0.129 4 12 31.0 L/2 0.244 0.323 10 31 31.0 1.5L 0.161 0.452 14 73 31.0
3glvA L/10 0.833 0.058 10 2 171.0 L/5 0.833 0.117 20 4 171.0 L/2 0.803 0.287 49 12 171.0 1.5L 0.601 0.643 110 73 171.0 L/10 0.833 0.303 10 2 33.0 L/5 0.625 0.455 15 9 33.0 L/2 0.344 0.636 21 40 33.0 1.5L 0.339 0.636 21 41 33.0
1a1xA L/10 0.8 0.082 8 2 97.0 L/5 0.571 0.124 12 9 97.0 L/2 0.415 0.227 22 31 97.0 1.5L 0.226 0.371 36 123 97.0 L/10 0.8 0.121 8 2 66.0 L/5 0.571 0.182 12 9 66.0 L/2 0.415 0.333 22 31 66.0 1.5L 0.232 0.485 32 106 66.0
2krkA L/10 1.0 0.121 8 0 66.0 L/5 1.0 0.258 17 0 66.0 L/2 0.907 0.591 39 4 66.0 1.5L 0.535 1.045 69 60 66.0 L/10 1.0 0.258 8 0 31.0 L/5 0.941 0.516 16 1 31.0 L/2 0.605 0.839 26 17 31.0 1.5L 0.413 0.839 26 37 31.0
3r87A L/10 1.0 0.068 13 0 190.0 L/5 0.962 0.132 25 1 190.0 L/2 0.909 0.316 60 6 190.0 1.5L 0.682 0.711 135 63 190.0 L/10 0.923 0.24 12 1 50.0 L/5 0.808 0.42 21 5 50.0 L/2 0.515 0.68 34 32 50.0 1.5L 0.479 0.7 35 38 50.0
2vlqB L/10 0.923 0.08 12 1 150.0 L/5 0.769 0.133 20 6 150.0 L/2 0.493 0.22 33 34 150.0 1.5L 0.259 0.347 52 149 150.0 L/10 0.846 0.155 11 2 71.0 L/5 0.654 0.239 17 9 71.0 L/2 0.433 0.408 29 38 71.0 1.5L 0.22 0.507 36 128 71.0
3lyyA L/10 0.9 0.08 9 1 113.0 L/5 0.85 0.15 17 3 113.0 L/2 0.745 0.336 38 13 113.0 1.5L 0.477 0.646 73 80 113.0 L/10 0.9 0.129 9 1 70.0 L/5 0.8 0.229 16 4 70.0 L/2 0.627 0.457 32 19 70.0 1.5L 0.488 0.6 42 44 70.0
2npbA L/10 0.75 0.065 6 2 92.0 L/5 0.706 0.13 12 5 92.0 L/2 0.455 0.217 20 24 92.0 1.5L 0.371 0.533 49 83 92.0 L/10 0.625 0.238 5 3 21.0 L/5 0.353 0.286 6 11 21.0 L/2 0.295 0.619 13 31 21.0 1.5L 0.221 0.714 15 53 21.0
2k4nA L/10 0.727 0.095 8 3 84.0 L/5 0.636 0.167 14 8 84.0 L/2 0.491 0.321 27 28 84.0 1.5L 0.211 0.417 35 131 84.0 L/10 0.636 0.179 7 4 39.0 L/5 0.545 0.308 12 10 39.0 L/2 0.364 0.513 20 35 39.0 1.5L 0.163 0.615 24 123 39.0
2klqA L/10 0.545 0.078 6 5 77.0 L/5 0.545 0.156 12 10 77.0 L/2 0.333 0.247 19 38 77.0 1.5L 0.193 0.429 33 138 77.0 L/10 0.545 0.182 6 5 33.0 L/5 0.409 0.273 9 13 33.0 L/2 0.211 0.364 12 45 33.0 1.5L 0.164 0.364 12 61 33.0
1gh8A L/10 0.875 0.049 7 1 142.0 L/5 0.824 0.099 14 3 142.0 L/2 0.795 0.246 35 9 142.0 1.5L 0.564 0.528 75 58 142.0 L/10 1.0 0.211 8 0 38.0 L/5 0.941 0.421 16 1 38.0 L/2 0.69 0.763 29 13 38.0 1.5L 0.69 0.763 29 13 38.0
2lwxA L/10 1.0 0.1 8 0 80.0 L/5 1.0 0.212 17 0 80.0 L/2 0.886 0.487 39 5 80.0 1.5L 0.485 0.8 64 68 80.0 L/10 1.0 0.286 8 0 28.0 L/5 0.706 0.429 12 5 28.0 L/2 0.364 0.571 16 28 28.0 1.5L 0.254 0.607 17 50 28.0
1fadA L/10 0.667 0.075 6 3 80.0 L/5 0.474 0.113 9 10 80.0 L/2 0.511 0.3 24 23 80.0 1.5L 0.303 0.537 43 99 80.0 L/10 0.778 0.389 7 2 18.0 L/5 0.632 0.667 12 7 18.0 L/2 0.298 0.778 14 33 18.0 1.5L 0.255 0.778 14 41 18.0
2l76A L/10 0.778 0.085 7 2 82.0 L/5 0.789 0.183 15 4 82.0 L/2 0.596 0.341 28 19 82.0 1.5L 0.352 0.61 50 92 82.0 L/10 0.778 0.163 7 2 43.0 L/5 0.579 0.256 11 8 43.0 L/2 0.447 0.488 21 26 43.0 1.5L 0.329 0.605 26 53 43.0
2di7A L/10 0.75 0.078 9 3 115.0 L/5 0.625 0.13 15 9 115.0 L/2 0.452 0.243 28 34 115.0 1.5L 0.285 0.461 53 133 115.0 L/10 0.667 0.133 8 4 60.0 L/5 0.542 0.217 13 11 60.0 L/2 0.403 0.417 25 37 60.0 1.5L 0.279 0.633 38 98 60.0
2lw6A L/10 0.75 0.074 6 2 81.0 L/5 0.625 0.123 10 6 81.0 L/2 0.45 0.222 18 22 81.0 1.5L 0.292 0.432 35 85 81.0 L/10 0.75 0.079 6 2 76.0 L/5 0.625 0.132 10 6 76.0 L/2 0.45 0.237 18 22 76.0 1.5L 0.25 0.395 30 90 76.0
3goeA L/10 1.0 0.1 8 0 80.0 L/5 0.813 0.163 13 3 80.0 L/2 0.7 0.35 28 12 80.0 1.5L 0.425 0.637 51 69 80.0 L/10 0.875 0.171 7 1 41.0 L/5 0.813 0.317 13 3 41.0 L/2 0.625 0.61 25 15 41.0 1.5L 0.429 0.732 30 40 41.0
1ucrA L/10 1.0 0.179 7 0 39.0 L/5 1.0 0.359 14 0 39.0 L/2 0.757 0.718 28 9 39.0 1.5L 0.387 1.103 43 68 39.0 L/10 1.0 0.292 7 0 24.0 L/5 1.0 0.583 14 0 24.0 L/2 0.595 0.917 22 15 24.0 1.5L 0.469 0.958 23 26 24.0
2kcnA L/10 1.0 0.096 5 0 52.0 L/5 0.818 0.173 9 2 52.0 L/2 0.815 0.423 22 5 52.0 1.5L 0.488 0.769 40 42 52.0 L/10 1.0 0.147 5 0 34.0 L/5 0.818 0.265 9 2 34.0 L/2 0.519 0.412 14 13 34.0 1.5L 0.294 0.441 15 36 34.0
1earA L/10 0.786 0.054 11 3 205.0 L/5 0.643 0.088 18 10 205.0 L/2 0.577 0.2 41 30 205.0 1.5L 0.319 0.332 68 145 205.0 L/10 0.714 0.175 10 4 57.0 L/5 0.607 0.298 17 11 57.0 L/2 0.38 0.474 27 44 57.0 1.5L 0.207 0.632 36 138 57.0
2jn9A L/10 0.7 0.057 7 3 123.0 L/5 0.476 0.081 10 11 123.0 L/2 0.404 0.171 21 31 123.0 1.5L 0.287 0.366 45 112 123.0 L/10 0.7 0.143 7 3 49.0 L/5 0.476 0.204 10 11 49.0 L/2 0.308 0.327 16 36 49.0 1.5L 0.197 0.469 23 94 49.0
2eqkA L/10 0.875 0.132 7 1 53.0 L/5 0.882 0.283 15 2 53.0 L/2 0.69 0.547 29 13 53.0 1.5L 0.402 0.962 51 76 53.0 L/10 1.0 0.148 8 0 54.0 L/5 0.824 0.259 14 3 54.0 L/2 0.762 0.593 32 10 54.0 1.5L 0.414 0.759 41 58 54.0
2xppA L/10 0.769 0.074 10 3 135.0 L/5 0.741 0.148 20 7 135.0 L/2 0.647 0.326 44 24 135.0 1.5L 0.449 0.681 92 113 135.0 L/10 0.692 0.257 9 4 35.0 L/5 0.556 0.429 15 12 35.0 L/2 0.348 0.657 23 43 35.0 1.5L 0.348 0.657 23 43 35.0
2ktaA L/10 0.286 0.1 2 5 20.0 L/5 0.357 0.25 5 9 20.0 L/2 0.324 0.6 12 25 20.0 1.5L 0.135 0.75 15 96 20.0 L/10 0.143 0.111 1 6 9.0 L/5 0.286 0.444 4 10 9.0 L/2 0.135 0.556 5 32 9.0 1.5L 0.096 0.556 5 47 9.0
2eapA L/10 0.667 0.091 6 3 66.0 L/5 0.5 0.136 9 9 66.0 L/2 0.4 0.273 18 27 66.0 1.5L 0.215 0.439 29 106 66.0 L/10 0.444 0.114 4 5 35.0 L/5 0.444 0.229 8 10 35.0 L/2 0.311 0.4 14 31 35.0 1.5L 0.195 0.429 15 62 35.0
1wpiA L/10 0.615 0.043 8 5 186.0 L/5 0.538 0.075 14 12 186.0 L/2 0.545 0.194 36 30 186.0 1.5L 0.266 0.285 53 146 186.0 L/10 0.462 0.133 6 7 45.0 L/5 0.5 0.289 13 13 45.0 L/2 0.227 0.333 15 51 45.0 1.5L 0.193 0.356 16 67 45.0
2k8oA L/10 0.0 0.0 0 6 84.0 L/5 0.0 0.0 0 12 84.0 L/2 0.033 0.012 1 29 84.0 1.5L 0.056 0.06 5 85 84.0 L/10 0.0 0.0 0 6 15.0 L/5 0.0 0.0 0 12 15.0 L/2 0.0 0.0 0 30 15.0 1.5L 0.039 0.2 3 74 15.0
2lfvA L/10 0.7 0.082 7 3 85.0 L/5 0.571 0.141 12 9 85.0 L/2 0.604 0.376 32 21 85.0 1.5L 0.296 0.553 47 112 85.0 L/10 0.6 0.3 6 4 20.0 L/5 0.524 0.55 11 10 20.0 L/2 0.302 0.8 16 37 20.0 1.5L 0.262 0.8 16 45 20.0
2jmlA L/10 0.75 0.118 6 2 51.0 L/5 0.625 0.196 10 6 51.0 L/2 0.525 0.412 21 19 51.0 1.5L 0.364 0.863 44 77 51.0 L/10 0.5 0.211 4 4 19.0 L/5 0.313 0.263 5 11 19.0 L/2 0.275 0.579 11 29 19.0 1.5L 0.208 0.579 11 42 19.0
1kn6A L/10 1.0 0.071 7 0 98.0 L/5 0.714 0.102 10 4 98.0 L/2 0.694 0.255 25 11 98.0 1.5L 0.404 0.449 44 65 98.0 L/10 0.857 0.214 6 1 28.0 L/5 0.786 0.393 11 3 28.0 L/2 0.472 0.607 17 19 28.0 1.5L 0.319 0.786 22 47 28.0
1g03A L/10 0.385 0.051 5 8 98.0 L/5 0.346 0.092 9 17 98.0 L/2 0.239 0.163 16 51 98.0 1.5L 0.159 0.327 32 169 98.0 L/10 0.385 0.227 5 8 22.0 L/5 0.269 0.318 7 19 22.0 L/2 0.164 0.5 11 56 22.0 1.5L 0.145 0.545 12 71 22.0
1eaqA L/10 0.417 0.026 5 7 196.0 L/5 0.333 0.041 8 16 196.0 L/2 0.242 0.077 15 47 196.0 1.5L 0.151 0.143 28 158 196.0 L/10 0.417 0.058 5 7 86.0 L/5 0.333 0.093 8 16 86.0 L/2 0.242 0.174 15 47 86.0 1.5L 0.171 0.326 28 136 86.0
2dy8A L/10 0.667 0.111 4 2 36.0 L/5 0.769 0.278 10 3 36.0 L/2 0.765 0.722 26 8 36.0 1.5L 0.447 1.278 46 57 36.0 L/10 0.833 0.114 5 1 44.0 L/5 0.769 0.227 10 3 44.0 L/2 0.706 0.545 24 10 44.0 1.5L 0.423 0.682 30 41 44.0
2l3bA L/10 0.692 0.062 9 4 145.0 L/5 0.5 0.09 13 13 145.0 L/2 0.385 0.172 25 40 145.0 1.5L 0.251 0.338 49 146 145.0 L/10 0.692 0.125 9 4 72.0 L/5 0.5 0.181 13 13 72.0 L/2 0.385 0.347 25 40 72.0 1.5L 0.259 0.597 43 123 72.0
1xn6A L/10 0.929 0.113 13 1 115.0 L/5 0.821 0.2 23 5 115.0 L/2 0.831 0.513 59 12 115.0 1.5L 0.565 1.052 121 93 115.0 L/10 1.0 0.165 14 0 85.0 L/5 0.929 0.306 26 2 85.0 L/2 0.789 0.659 56 15 85.0 1.5L 0.54 0.8 68 58 85.0
2lkgA L/10 0.071 0.011 1 13 87.0 L/5 0.071 0.023 2 26 87.0 L/2 0.071 0.057 5 65 87.0 1.5L 0.067 0.161 14 196 87.0 L/10 0.071 0.091 1 13 11.0 L/5 0.036 0.091 1 27 11.0 L/2 0.071 0.455 5 65 11.0 1.5L 0.04 0.636 7 169 11.0
3cptA L/10 0.909 0.086 10 1 116.0 L/5 0.826 0.164 19 4 116.0 L/2 0.492 0.25 29 30 116.0 1.5L 0.242 0.371 43 135 116.0 L/10 0.909 0.137 10 1 73.0 L/5 0.783 0.247 18 5 73.0 L/2 0.525 0.425 31 28 73.0 1.5L 0.364 0.534 39 68 73.0
3nzlA L/10 0.429 0.053 3 4 57.0 L/5 0.286 0.07 4 10 57.0 L/2 0.25 0.158 9 27 57.0 1.5L 0.156 0.298 17 92 57.0 L/10 0.429 0.231 3 4 13.0 L/5 0.357 0.385 5 9 13.0 L/2 0.222 0.615 8 28 13.0 1.5L 0.138 0.615 8 50 13.0
1qklA L/10 0.917 0.087 11 1 126.0 L/5 0.6 0.119 15 10 126.0 L/2 0.302 0.151 19 44 126.0 1.5L 0.147 0.222 28 162 126.0 L/10 1.0 0.235 12 0 51.0 L/5 0.52 0.255 13 12 51.0 L/2 0.254 0.314 16 47 51.0 1.5L 0.159 0.392 20 106 51.0
1nz9A L/10 1.0 0.2 5 0 25.0 L/5 1.0 0.44 11 0 25.0 L/2 0.931 1.08 27 2 25.0 1.5L 0.609 2.12 53 34 25.0 L/10 1.0 0.104 5 0 48.0 L/5 1.0 0.229 11 0 48.0 L/2 0.931 0.563 27 2 48.0 1.5L 0.656 0.875 42 22 48.0
2ai6A L/10 0.75 0.045 9 3 202.0 L/5 0.68 0.084 17 8 202.0 L/2 0.661 0.203 41 21 202.0 1.5L 0.374 0.347 70 117 202.0 L/10 0.75 0.127 9 3 71.0 L/5 0.6 0.211 15 10 71.0 L/2 0.581 0.507 36 26 71.0 1.5L 0.316 0.704 50 108 71.0
1s7iA L/10 0.667 0.053 8 4 150.0 L/5 0.583 0.093 14 10 150.0 L/2 0.532 0.22 33 29 150.0 1.5L 0.344 0.427 64 122 150.0 L/10 0.75 0.321 9 3 28.0 L/5 0.625 0.536 15 9 28.0 L/2 0.258 0.571 16 46 28.0 1.5L 0.236 0.607 17 55 28.0
2cwrA L/10 1.0 0.053 9 0 170.0 L/5 1.0 0.112 19 0 170.0 L/2 0.729 0.206 35 13 170.0 1.5L 0.483 0.412 70 75 170.0 L/10 0.889 0.151 8 1 53.0 L/5 0.526 0.189 10 9 53.0 L/2 0.479 0.434 23 25 53.0 1.5L 0.272 0.528 28 75 53.0
2v1nA L/10 0.727 0.108 8 3 74.0 L/5 0.636 0.189 14 8 74.0 L/2 0.364 0.27 20 35 74.0 1.5L 0.247 0.554 41 125 74.0 L/10 0.727 0.242 8 3 33.0 L/5 0.545 0.364 12 10 33.0 L/2 0.364 0.606 20 35 33.0 1.5L 0.233 0.727 24 79 33.0
2ltlA L/10 0.909 0.077 10 1 130.0 L/5 0.739 0.131 17 6 130.0 L/2 0.492 0.223 29 30 130.0 1.5L 0.309 0.423 55 123 130.0 L/10 0.909 0.222 10 1 45.0 L/5 0.522 0.267 12 11 45.0 L/2 0.305 0.4 18 41 45.0 1.5L 0.24 0.556 25 79 45.0
2jx0A L/10 0.769 0.075 10 3 134.0 L/5 0.615 0.119 16 10 134.0 L/2 0.508 0.246 33 32 134.0 1.5L 0.342 0.5 67 129 134.0 L/10 0.538 0.259 7 6 27.0 L/5 0.462 0.444 12 14 27.0 L/2 0.292 0.704 19 46 27.0 1.5L 0.292 0.704 19 46 27.0
1oo0A L/10 0.714 0.075 10 4 133.0 L/5 0.714 0.15 20 8 133.0 L/2 0.597 0.323 43 29 133.0 1.5L 0.301 0.489 65 151 133.0 L/10 0.714 0.102 10 4 98.0 L/5 0.714 0.204 20 8 98.0 L/2 0.639 0.469 46 26 98.0 1.5L 0.397 0.633 62 94 98.0
2k2bA L/10 0.091 0.008 1 10 127.0 L/5 0.091 0.016 2 20 127.0 L/2 0.036 0.016 2 53 127.0 1.5L 0.066 0.087 11 155 127.0 L/10 0.0 0.0 0 11 43.0 L/5 0.0 0.0 0 22 43.0 L/2 0.0 0.0 0 55 43.0 1.5L 0.008 0.023 1 117 43.0
2owaA L/10 0.833 0.087 10 2 115.0 L/5 0.72 0.157 18 7 115.0 L/2 0.438 0.243 28 36 115.0 1.5L 0.255 0.426 49 143 115.0 L/10 0.75 0.164 9 3 55.0 L/5 0.56 0.255 14 11 55.0 L/2 0.328 0.382 21 43 55.0 1.5L 0.192 0.527 29 122 55.0
1wijA L/10 0.333 0.043 4 8 93.0 L/5 0.28 0.075 7 18 93.0 L/2 0.254 0.172 16 47 93.0 1.5L 0.126 0.258 24 166 93.0 L/10 0.417 0.179 5 7 28.0 L/5 0.32 0.286 8 17 28.0 L/2 0.19 0.429 12 51 28.0 1.5L 0.112 0.464 13 103 28.0
1lmiA L/10 0.769 0.043 10 3 232.0 L/5 0.577 0.065 15 11 232.0 L/2 0.354 0.099 23 42 232.0 1.5L 0.255 0.216 50 146 232.0 L/10 0.769 0.135 10 3 74.0 L/5 0.577 0.203 15 11 74.0 L/2 0.308 0.27 20 45 74.0 1.5L 0.23 0.392 29 97 74.0
1xc5A L/10 0.833 0.135 5 1 37.0 L/5 0.615 0.216 8 5 37.0 L/2 0.382 0.351 13 21 37.0 1.5L 0.176 0.486 18 84 37.0 L/10 0.833 0.357 5 1 14.0 L/5 0.538 0.5 7 6 14.0 L/2 0.235 0.571 8 26 14.0 1.5L 0.153 0.643 9 50 14.0
1ezgA L/10 0.375 0.75 3 5 4.0 L/5 0.438 1.75 7 9 4.0 L/2 0.561 5.75 23 18 4.0 1.5L 0.317 9.75 39 84 4.0 L/10 0.625 0.032 5 3 155.0 L/5 0.563 0.058 9 7 155.0 L/2 0.61 0.161 25 16 155.0 1.5L 0.451 0.297 46 56 155.0
2p9xA L/10 0.556 0.079 5 4 63.0 L/5 0.474 0.143 9 10 63.0 L/2 0.367 0.286 18 31 63.0 1.5L 0.204 0.476 30 117 63.0 L/10 0.444 0.148 4 5 27.0 L/5 0.316 0.222 6 13 27.0 L/2 0.224 0.407 11 38 27.0 1.5L 0.194 0.481 13 54 27.0
1r26A L/10 0.818 0.063 9 2 144.0 L/5 0.727 0.111 16 6 144.0 L/2 0.821 0.319 46 10 144.0 1.5L 0.698 0.819 118 51 144.0 L/10 0.455 0.208 5 6 24.0 L/5 0.545 0.5 12 10 24.0 L/2 0.415 0.917 22 31 24.0 1.5L 0.415 0.917 22 31 24.0
1pucA L/10 0.3 0.081 3 7 37.0 L/5 0.4 0.216 8 12 37.0 L/2 0.3 0.405 15 35 37.0 1.5L 0.126 0.514 19 132 37.0 L/10 0.3 0.107 3 7 28.0 L/5 0.45 0.321 9 11 28.0 L/2 0.3 0.536 15 35 28.0 1.5L 0.205 0.536 15 58 28.0
2nqwA L/10 1.0 0.145 8 0 55.0 L/5 0.941 0.291 16 1 55.0 L/2 0.837 0.655 36 7 55.0 1.5L 0.515 1.218 67 63 55.0 L/10 0.875 0.119 7 1 59.0 L/5 0.882 0.254 15 2 59.0 L/2 0.744 0.542 32 11 59.0 1.5L 0.5 0.661 39 39 59.0
2ccqA L/10 0.667 0.053 6 3 113.0 L/5 0.632 0.106 12 7 113.0 L/2 0.49 0.212 24 25 113.0 1.5L 0.297 0.389 44 104 113.0 L/10 0.333 0.167 3 6 18.0 L/5 0.158 0.167 3 16 18.0 L/2 0.122 0.333 6 43 18.0 1.5L 0.083 0.333 6 66 18.0
2qycA L/10 1.0 0.071 10 0 140.0 L/5 1.0 0.143 20 0 140.0 L/2 0.863 0.314 44 7 140.0 1.5L 0.542 0.593 83 70 140.0 L/10 0.9 0.3 9 1 30.0 L/5 0.9 0.6 18 2 30.0 L/2 0.478 0.733 22 24 30.0 1.5L 0.478 0.733 22 24 30.0
2rhkA L/10 0.0 0.0 0 11 177.0 L/5 0.043 0.006 1 22 177.0 L/2 0.102 0.034 6 53 177.0 1.5L 0.101 0.102 18 160 177.0 L/10 0.0 0.0 0 11 61.0 L/5 0.043 0.016 1 22 61.0 L/2 0.085 0.082 5 54 61.0 1.5L 0.082 0.131 8 90 61.0
3ffyA L/10 0.909 0.058 10 1 171.0 L/5 0.818 0.105 18 4 171.0 L/2 0.768 0.251 43 13 171.0 1.5L 0.536 0.526 90 78 171.0 L/10 0.909 0.213 10 1 47.0 L/5 0.682 0.319 15 7 47.0 L/2 0.393 0.468 22 34 47.0 1.5L 0.361 0.468 22 39 47.0
2pspA L/10 0.8 0.065 8 2 123.0 L/5 0.714 0.122 15 6 123.0 L/2 0.491 0.211 26 27 123.0 1.5L 0.233 0.301 37 122 123.0 L/10 0.7 0.159 7 3 44.0 L/5 0.571 0.273 12 9 44.0 L/2 0.396 0.477 21 32 44.0 1.5L 0.197 0.568 25 102 44.0
2loeA L/10 0.083 0.006 1 11 167.0 L/5 0.12 0.018 3 22 167.0 L/2 0.111 0.042 7 56 167.0 1.5L 0.105 0.12 20 170 167.0 L/10 0.083 0.014 1 11 70.0 L/5 0.08 0.029 2 23 70.0 L/2 0.048 0.043 3 60 70.0 1.5L 0.083 0.143 10 111 70.0
1pcnA L/10 0.111 0.015 1 8 65.0 L/5 0.167 0.046 3 15 65.0 L/2 0.174 0.123 8 38 65.0 1.5L 0.129 0.277 18 121 65.0 L/10 0.111 0.011 1 8 91.0 L/5 0.167 0.033 3 15 91.0 L/2 0.13 0.066 6 40 91.0 1.5L 0.128 0.154 14 95 91.0
2lq7A L/10 0.778 0.073 7 2 96.0 L/5 0.684 0.135 13 6 96.0 L/2 0.458 0.229 22 26 96.0 1.5L 0.269 0.406 39 106 96.0 L/10 0.778 0.167 7 2 42.0 L/5 0.579 0.262 11 8 42.0 L/2 0.354 0.405 17 31 42.0 1.5L 0.253 0.476 20 59 42.0
2khqA L/10 0.727 0.071 8 3 112.0 L/5 0.727 0.143 16 6 112.0 L/2 0.636 0.313 35 20 112.0 1.5L 0.43 0.634 71 94 112.0 L/10 0.636 0.219 7 4 32.0 L/5 0.636 0.438 14 8 32.0 L/2 0.382 0.656 21 34 32.0 1.5L 0.304 0.656 21 48 32.0
2kp6A L/10 0.571 0.07 4 3 57.0 L/5 0.4 0.105 6 9 57.0 L/2 0.282 0.193 11 28 57.0 1.5L 0.161 0.333 19 99 57.0 L/10 0.571 0.2 4 3 20.0 L/5 0.4 0.3 6 9 20.0 L/2 0.282 0.55 11 28 20.0 1.5L 0.193 0.55 11 46 20.0
1uj8A L/10 0.857 0.102 6 1 59.0 L/5 0.643 0.153 9 5 59.0 L/2 0.389 0.237 14 22 59.0 1.5L 0.239 0.441 26 83 59.0 L/10 0.286 0.091 2 5 22.0 L/5 0.214 0.136 3 11 22.0 L/2 0.167 0.273 6 30 22.0 1.5L 0.119 0.364 8 59 22.0
3ldcA L/10 0.25 0.036 2 6 55.0 L/5 0.625 0.182 10 6 55.0 L/2 0.561 0.418 23 18 55.0 1.5L 0.309 0.691 38 85 55.0 L/10 0.625 0.185 5 3 27.0 L/5 0.625 0.37 10 6 27.0 L/2 0.39 0.593 16 25 27.0 1.5L 0.27 0.63 17 46 27.0
2l3uA L/10 0.444 0.048 4 5 84.0 L/5 0.474 0.107 9 10 84.0 L/2 0.429 0.25 21 28 84.0 1.5L 0.231 0.405 34 113 84.0 L/10 0.444 0.133 4 5 30.0 L/5 0.368 0.233 7 12 30.0 L/2 0.224 0.367 11 38 30.0 1.5L 0.15 0.5 15 85 30.0
2h3jA L/10 0.857 0.08 6 1 75.0 L/5 0.933 0.187 14 1 75.0 L/2 0.811 0.4 30 7 75.0 1.5L 0.482 0.72 54 58 75.0 L/10 0.857 0.171 6 1 35.0 L/5 0.8 0.343 12 3 35.0 L/2 0.595 0.629 22 15 35.0 1.5L 0.415 0.629 22 31 35.0
2e7mA L/10 0.818 0.064 9 2 140.0 L/5 0.727 0.114 16 6 140.0 L/2 0.518 0.207 29 27 140.0 1.5L 0.379 0.457 64 105 140.0 L/10 0.727 0.111 8 3 72.0 L/5 0.5 0.153 11 11 72.0 L/2 0.518 0.403 29 27 72.0 1.5L 0.299 0.556 40 94 72.0
1c7kA L/10 0.692 0.052 9 4 174.0 L/5 0.577 0.086 15 11 174.0 L/2 0.485 0.184 32 34 174.0 1.5L 0.237 0.27 47 151 174.0 L/10 0.462 0.071 6 7 84.0 L/5 0.385 0.119 10 16 84.0 L/2 0.288 0.226 19 47 84.0 1.5L 0.173 0.393 33 158 84.0
2f9hA L/10 1.0 0.062 12 0 195.0 L/5 0.833 0.103 20 4 195.0 L/2 0.517 0.159 31 29 195.0 1.5L 0.365 0.338 66 115 195.0 L/10 1.0 0.156 12 0 77.0 L/5 0.833 0.26 20 4 77.0 L/2 0.517 0.403 31 29 77.0 1.5L 0.402 0.61 47 70 77.0
2cxyA L/10 1.0 0.122 11 0 90.0 L/5 0.909 0.222 20 2 90.0 L/2 0.737 0.467 42 15 90.0 1.5L 0.368 0.7 63 108 90.0 L/10 0.909 0.435 10 1 23.0 L/5 0.682 0.652 15 7 23.0 L/2 0.298 0.739 17 40 23.0 1.5L 0.243 0.739 17 53 23.0
3ov5A L/10 0.75 0.079 6 2 76.0 L/5 0.563 0.118 9 7 76.0 L/2 0.341 0.184 14 27 76.0 1.5L 0.242 0.395 30 94 76.0 L/10 0.75 0.15 6 2 40.0 L/5 0.5 0.2 8 8 40.0 L/2 0.244 0.25 10 31 40.0 1.5L 0.167 0.3 12 60 40.0
4gioA L/10 0.333 0.02 3 6 151.0 L/5 0.158 0.02 3 16 151.0 L/2 0.146 0.046 7 41 151.0 1.5L 0.153 0.146 22 122 151.0 L/10 0.222 0.053 2 7 38.0 L/5 0.211 0.105 4 15 38.0 L/2 0.208 0.263 10 38 38.0 1.5L 0.169 0.316 12 59 38.0
1wnaA L/10 0.333 0.022 4 8 185.0 L/5 0.36 0.049 9 16 185.0 L/2 0.349 0.119 22 41 185.0 1.5L 0.184 0.189 35 155 185.0 L/10 0.333 0.068 4 8 59.0 L/5 0.4 0.169 10 15 59.0 L/2 0.381 0.407 24 39 59.0 1.5L 0.23 0.475 28 94 59.0
2jspA L/10 0.625 0.143 5 3 35.0 L/5 0.529 0.257 9 8 35.0 L/2 0.442 0.543 19 24 35.0 1.5L 0.208 0.771 27 103 35.0 L/10 0.625 0.167 5 3 30.0 L/5 0.529 0.3 9 8 30.0 L/2 0.279 0.4 12 31 30.0 1.5L 0.159 0.433 13 69 30.0
2d58A L/10 1.0 0.156 10 0 64.0 L/5 0.857 0.281 18 3 64.0 L/2 0.547 0.453 29 24 64.0 1.5L 0.219 0.547 35 125 64.0 L/10 0.9 0.273 9 1 33.0 L/5 0.619 0.394 13 8 33.0 L/2 0.358 0.576 19 34 33.0 1.5L 0.202 0.727 24 95 33.0
1pa4A L/10 0.889 0.094 8 1 85.0 L/5 0.842 0.188 16 3 85.0 L/2 0.813 0.459 39 9 85.0 1.5L 0.507 0.859 73 71 85.0 L/10 0.889 0.235 8 1 34.0 L/5 0.895 0.5 17 2 34.0 L/2 0.542 0.765 26 22 34.0 1.5L 0.5 0.794 27 27 34.0
2o37A L/10 0.75 0.143 6 2 42.0 L/5 0.75 0.286 12 4 42.0 L/2 0.825 0.786 33 7 42.0 1.5L 0.355 1.024 43 78 42.0 L/10 0.875 0.304 7 1 23.0 L/5 0.875 0.609 14 2 23.0 L/2 0.4 0.696 16 24 23.0 1.5L 0.274 0.87 20 53 23.0
2z4dA L/10 0.889 0.107 8 1 75.0 L/5 0.895 0.227 17 2 75.0 L/2 0.688 0.44 33 15 75.0 1.5L 0.34 0.653 49 95 75.0 L/10 0.889 0.079 8 1 101.0 L/5 0.895 0.168 17 2 101.0 L/2 0.667 0.317 32 16 101.0 1.5L 0.381 0.446 45 73 101.0
1v66A L/10 0.667 0.111 4 2 36.0 L/5 0.769 0.278 10 3 36.0 L/2 0.625 0.556 20 12 36.0 1.5L 0.351 0.944 34 63 36.0 L/10 0.667 0.182 4 2 22.0 L/5 0.462 0.273 6 7 22.0 L/2 0.344 0.5 11 21 22.0 1.5L 0.233 0.636 14 46 22.0
3nswA L/10 0.8 0.059 8 2 135.0 L/5 0.619 0.096 13 8 135.0 L/2 0.472 0.185 25 28 135.0 1.5L 0.214 0.252 34 125 135.0 L/10 0.8 0.131 8 2 61.0 L/5 0.619 0.213 13 8 61.0 L/2 0.472 0.41 25 28 61.0 1.5L 0.217 0.508 31 112 61.0
1ijyA L/10 0.25 0.021 3 9 143.0 L/5 0.375 0.063 9 15 143.0 L/2 0.311 0.133 19 42 143.0 1.5L 0.246 0.315 45 138 143.0 L/10 0.167 0.044 2 10 45.0 L/5 0.208 0.111 5 19 45.0 L/2 0.148 0.2 9 52 45.0 1.5L 0.144 0.4 18 107 45.0
3mazA L/10 0.556 0.074 5 4 68.0 L/5 0.579 0.162 11 8 68.0 L/2 0.449 0.324 22 27 68.0 1.5L 0.291 0.632 43 105 68.0 L/10 0.667 0.086 6 3 70.0 L/5 0.684 0.186 13 6 70.0 L/2 0.429 0.3 21 28 70.0 1.5L 0.295 0.557 39 93 70.0
2hqsC L/10 0.8 0.047 8 2 170.0 L/5 0.857 0.106 18 3 170.0 L/2 0.906 0.282 48 5 170.0 1.5L 0.706 0.665 113 47 170.0 L/10 1.0 0.286 10 0 35.0 L/5 0.714 0.429 15 6 35.0 L/2 0.49 0.686 24 25 35.0 1.5L 0.49 0.686 24 25 35.0
3ushA L/10 0.727 0.048 8 3 167.0 L/5 0.652 0.09 15 8 167.0 L/2 0.475 0.168 28 31 167.0 1.5L 0.305 0.323 54 123 167.0 L/10 0.545 0.118 6 5 51.0 L/5 0.304 0.137 7 16 51.0 L/2 0.186 0.216 11 48 51.0 1.5L 0.165 0.333 17 86 51.0
3c9pA L/10 0.75 0.073 9 3 124.0 L/5 0.542 0.105 13 11 124.0 L/2 0.361 0.177 22 39 124.0 1.5L 0.213 0.315 39 144 124.0 L/10 0.583 0.233 7 5 30.0 L/5 0.333 0.267 8 16 30.0 L/2 0.197 0.4 12 49 30.0 1.5L 0.15 0.4 12 68 30.0
2olmA L/10 0.846 0.09 11 2 122.0 L/5 0.577 0.123 15 11 122.0 L/2 0.409 0.221 27 39 122.0 1.5L 0.256 0.418 51 148 122.0 L/10 0.615 0.178 8 5 45.0 L/5 0.5 0.289 13 13 45.0 L/2 0.288 0.422 19 47 45.0 1.5L 0.172 0.6 27 130 45.0
1zmaA L/10 0.636 0.043 7 4 163.0 L/5 0.696 0.098 16 7 163.0 L/2 0.763 0.276 45 14 163.0 1.5L 0.508 0.552 90 87 163.0 L/10 0.545 0.171 6 5 35.0 L/5 0.435 0.286 10 13 35.0 L/2 0.322 0.543 19 40 35.0 1.5L 0.29 0.571 20 49 35.0
1yd0A L/10 1.0 0.068 8 0 117.0 L/5 0.882 0.128 15 2 117.0 L/2 0.727 0.274 32 12 117.0 1.5L 0.444 0.504 59 74 117.0 L/10 0.875 0.219 7 1 32.0 L/5 0.647 0.344 11 6 32.0 L/2 0.386 0.531 17 27 32.0 1.5L 0.346 0.563 18 34 32.0
2lepA L/10 0.667 0.074 4 2 54.0 L/5 0.667 0.148 8 4 54.0 L/2 0.581 0.333 18 13 54.0 1.5L 0.511 0.889 48 46 54.0 L/10 0.833 0.147 5 1 34.0 L/5 0.667 0.235 8 4 34.0 L/2 0.677 0.618 21 10 34.0 1.5L 0.434 0.676 23 30 34.0
1kafA L/10 0.9 0.093 9 1 97.0 L/5 0.762 0.165 16 5 97.0 L/2 0.685 0.381 37 17 97.0 1.5L 0.42 0.701 68 94 97.0 L/10 0.9 0.127 9 1 71.0 L/5 0.762 0.225 16 5 71.0 L/2 0.63 0.479 34 20 71.0 1.5L 0.324 0.648 46 96 71.0
2dstA L/10 0.833 0.069 10 2 145.0 L/5 0.833 0.138 20 4 145.0 L/2 0.836 0.352 51 10 145.0 1.5L 0.639 0.807 117 66 145.0 L/10 0.833 0.098 10 2 102.0 L/5 0.833 0.196 20 4 102.0 L/2 0.623 0.373 38 23 102.0 1.5L 0.52 0.51 52 48 102.0
1t0yA L/10 0.889 0.067 8 1 120.0 L/5 0.944 0.142 17 1 120.0 L/2 0.933 0.35 42 3 120.0 1.5L 0.615 0.692 83 52 120.0 L/10 1.0 0.209 9 0 43.0 L/5 0.833 0.349 15 3 43.0 L/2 0.489 0.512 22 23 43.0 1.5L 0.364 0.558 24 42 43.0
2jobA L/10 0.4 0.049 4 6 82.0 L/5 0.3 0.073 6 14 82.0 L/2 0.275 0.171 14 37 82.0 1.5L 0.203 0.378 31 122 82.0 L/10 0.4 0.06 4 6 67.0 L/5 0.3 0.09 6 14 67.0 L/2 0.294 0.224 15 36 67.0 1.5L 0.197 0.358 24 98 67.0
2knjA L/10 0.333 0.038 3 6 79.0 L/5 0.389 0.089 7 11 79.0 L/2 0.422 0.241 19 26 79.0 1.5L 0.252 0.43 34 101 79.0 L/10 0.444 0.125 4 5 32.0 L/5 0.333 0.188 6 12 32.0 L/2 0.242 0.25 8 25 32.0 1.5L 0.242 0.25 8 25 32.0
2y78A L/10 1.0 0.068 12 0 177.0 L/5 1.0 0.136 24 0 177.0 L/2 0.951 0.328 58 3 177.0 1.5L 0.617 0.638 113 70 177.0 L/10 0.917 0.2 11 1 55.0 L/5 0.875 0.382 21 3 55.0 L/2 0.541 0.6 33 28 55.0 1.5L 0.344 0.6 33 63 55.0
2jw5A L/10 0.9 0.069 9 1 131.0 L/5 0.857 0.137 18 3 131.0 L/2 0.698 0.282 37 16 131.0 1.5L 0.472 0.573 75 84 131.0 L/10 0.8 0.178 8 2 45.0 L/5 0.524 0.244 11 10 45.0 L/2 0.34 0.4 18 35 45.0 1.5L 0.29 0.4 18 44 45.0
2kbiA L/10 0.778 0.125 7 2 56.0 L/5 0.684 0.232 13 6 56.0 L/2 0.563 0.482 27 21 56.0 1.5L 0.283 0.732 41 104 56.0 L/10 0.556 0.185 5 4 27.0 L/5 0.526 0.37 10 9 27.0 L/2 0.333 0.593 16 32 27.0 1.5L 0.188 0.667 18 78 27.0
2l5vA L/10 0.667 0.119 10 5 84.0 L/5 0.567 0.202 17 13 84.0 L/2 0.387 0.345 29 46 84.0 1.5L 0.169 0.452 38 187 84.0 L/10 0.667 0.217 10 5 46.0 L/5 0.533 0.348 16 14 46.0 L/2 0.28 0.457 21 54 46.0 1.5L 0.183 0.5 23 103 46.0
2wgoA L/10 0.889 0.092 8 1 87.0 L/5 0.789 0.172 15 4 87.0 L/2 0.51 0.287 25 24 87.0 1.5L 0.259 0.437 38 109 87.0 L/10 0.889 0.107 8 1 75.0 L/5 0.789 0.2 15 4 75.0 L/2 0.531 0.347 26 23 75.0 1.5L 0.362 0.507 38 67 75.0
2xfvA L/10 0.6 0.09 6 4 67.0 L/5 0.429 0.134 9 12 67.0 L/2 0.204 0.164 11 43 67.0 1.5L 0.13 0.313 21 141 67.0 L/10 0.6 0.122 6 4 49.0 L/5 0.429 0.184 9 12 49.0 L/2 0.222 0.245 12 42 49.0 1.5L 0.174 0.245 12 57 49.0
2kkxA L/10 0.0 0.0 0 10 104.0 L/5 0.0 0.0 0 20 104.0 L/2 0.059 0.029 3 48 104.0 1.5L 0.092 0.135 14 139 104.0 L/10 0.0 0.0 0 10 47.0 L/5 0.0 0.0 0 20 47.0 L/2 0.039 0.043 2 49 47.0 1.5L 0.086 0.234 11 117 47.0
3fymA L/10 0.875 0.104 7 1 67.0 L/5 0.813 0.194 13 3 67.0 L/2 0.732 0.448 30 11 67.0 1.5L 0.382 0.701 47 76 67.0 L/10 0.75 0.4 6 2 15.0 L/5 0.563 0.6 9 7 15.0 L/2 0.268 0.733 11 30 15.0 1.5L 0.218 0.8 12 43 15.0
2gu3A L/10 1.0 0.118 12 0 102.0 L/5 1.0 0.245 25 0 102.0 L/2 0.938 0.588 60 4 102.0 1.5L 0.625 1.176 120 72 102.0 L/10 1.0 0.086 12 0 140.0 L/5 1.0 0.179 25 0 140.0 L/2 0.953 0.436 61 3 140.0 1.5L 0.671 0.7 98 48 140.0
2cokA L/10 0.909 0.072 10 1 138.0 L/5 0.909 0.145 20 2 138.0 L/2 0.786 0.319 44 12 138.0 1.5L 0.456 0.558 77 92 138.0 L/10 0.636 0.117 7 4 60.0 L/5 0.545 0.2 12 10 60.0 L/2 0.304 0.283 17 39 60.0 1.5L 0.222 0.3 18 63 60.0
3ndqA L/10 0.444 0.045 4 5 88.0 L/5 0.421 0.091 8 11 88.0 L/2 0.271 0.148 13 35 88.0 1.5L 0.186 0.307 27 118 88.0 L/10 0.222 0.087 2 7 23.0 L/5 0.211 0.174 4 15 23.0 L/2 0.167 0.348 8 40 23.0 1.5L 0.125 0.435 10 70 23.0
