1.0 110 218 0.0 20.0 6.98361444473
0.949294429185 242 313 0.0 20.0 999.9
0.924011701662 244 313 0.0 20.0 999.9
0.898813329777 243 313 0.0 20.0 999.9
0.847400187615 212 237 0.0 20.0 12.8563451767
0.810720214272 70 186 0.0 20.0 13.8200235367
0.786478108711 239 312 0.0 20.0 7.36517477036
0.778122688232 198 300 0.0 20.0 15.2255439758
0.772654137576 72 126 0.0 20.0 9.61795520782
0.772130443397 256 303 0.0 20.0 6.97382307053
0.764448784339 246 313 0.0 20.0 999.9
0.725131952504 35 67 0.0 20.0 999.9
0.7235355273 242 312 0.0 20.0 10.7523918152
0.722350597255 238 312 0.0 20.0 9.54778385162
0.710991943463 155 238 0.0 20.0 15.7705898285
0.678533849039 32 67 0.0 20.0 999.9
0.667486682559 43 294 0.0 20.0 8.4294757843
0.657743275874 239 318 0.0 20.0 999.9
0.654960656096 33 67 0.0 20.0 999.9
0.653120353003 158 222 0.0 20.0 12.9562454224
0.651269915239 256 304 0.0 20.0 5.69373226166
0.650240785099 69 186 0.0 20.0 17.2890338898
0.641558176408 42 294 0.0 20.0 6.97978019714
0.640140573157 213 236 0.0 20.0 14.4218959808
0.62978943164 72 127 0.0 20.0 9.74038028717
0.618195727007 212 236 0.0 20.0 12.3462457657
0.615342067893 155 239 0.0 20.0 14.6882123947
0.605567885657 246 312 0.0 20.0 21.4577312469
0.568985856333 43 301 0.0 20.0 12.0193023682
0.566855899454 241 313 0.0 20.0 999.9
0.562819472244 239 314 0.0 20.0 999.9
0.544183046747 70 182 0.0 20.0 18.0698432922
0.543911563327 242 305 0.0 20.0 13.5433206558
0.525835742906 233 317 0.0 20.0 999.9
0.509902358173 71 186 0.0 20.0 15.6005239487
0.507431081663 244 316 0.0 20.0 999.9
0.506485265738 33 58 0.0 20.0 999.9
0.501438905757 40 67 0.0 20.0 18.5771331787
0.493920476027 37 66 0.0 20.0 999.9
0.483895553943 72 125 0.0 20.0 6.33784627914
0.479318772128 242 314 0.0 20.0 999.9
0.479120349482 70 185 0.0 20.0 16.2456092834
0.478518170373 109 218 0.0 20.0 9.63059043884
0.477016582767 50 67 0.0 20.0 18.6439342499
0.476631058221 36 294 0.0 20.0 999.9
0.476321660959 239 313 0.0 20.0 999.9
0.474177122473 256 302 0.0 20.0 8.23963356018
0.473000189229 36 186 0.0 20.0 999.9
0.471014141049 139 210 0.0 20.0 16.4535694122
0.467297463145 153 222 0.0 20.0 14.1498823166
0.466662375564 70 126 0.0 20.0 13.811794281
0.46547078548 72 128 0.0 20.0 9.32773399353
0.45916076653 37 67 0.0 20.0 999.9
0.455523388526 242 300 0.0 20.0 18.2014961243
0.454620320791 246 318 0.0 20.0 999.9
0.453961645345 180 301 0.0 20.0 16.9951515198
0.450726333858 179 302 0.0 20.0 15.8579549789
0.448531297713 155 246 0.0 20.0 21.8580589294
0.441640053362 111 218 0.0 20.0 10.1526489258
0.440824580006 70 184 0.0 20.0 19.3251037598
0.439113074661 155 222 0.0 20.0 9.09237289429
0.438249258452 242 311 0.0 20.0 9.91119670868
0.435701118308 153 244 0.0 20.0 13.2987890244
0.433818080422 180 302 0.0 20.0 19.4499130249
0.425663753893 133 208 0.0 20.0 13.513379097
0.424222424193 175 261 0.0 20.0 12.7263717651
0.42277133258 175 262 0.0 20.0 9.26264095306
0.422682696905 143 210 0.0 20.0 13.3112659454
0.420841173073 243 300 0.0 20.0 17.4679088593
0.420759130682 35 58 0.0 20.0 999.9
0.413099399829 174 260 0.0 20.0 10.976348877
0.408299604345 135 205 0.0 20.0 9.03940391541
0.406491488658 243 316 0.0 20.0 999.9
0.405712719002 37 56 0.0 20.0 999.9
0.403232494545 135 210 0.0 20.0 13.5671405792
0.4027017862 239 315 0.0 20.0 999.9
0.401387355212 73 127 0.0 20.0 10.8019533157
0.399351975151 78 90 0.0 20.0 6.19426774979
0.398234353455 246 314 0.0 20.0 999.9
0.393181004642 158 239 0.0 20.0 20.2136249542
0.392582012992 87 218 0.0 20.0 10.3356285095
0.391153463146 241 300 0.0 20.0 21.3916358948
0.390672211087 88 110 0.0 20.0 9.34527015686
0.389306611885 212 234 0.0 20.0 8.67982196808
0.387303204831 133 210 0.0 20.0 11.9342479706
0.385371376204 186 304 0.0 20.0 25.6713104248
0.383519652702 37 186 0.0 20.0 999.9
0.381797112793 155 242 0.0 20.0 13.4260644913
0.380521982226 36 66 0.0 20.0 999.9
0.379441141488 36 67 0.0 20.0 999.9
0.37918352886 246 316 0.0 20.0 999.9
0.374845729516 222 234 0.0 20.0 18.6020374298
0.372643409923 238 311 0.0 20.0 9.80737686157
0.371099131604 26 69 0.0 20.0 999.9
0.370711920057 239 311 0.0 20.0 7.60315704346
0.369106434025 156 232 0.0 20.0 14.5813140869
0.368401883556 89 218 0.0 20.0 15.4006071091
0.367787249186 242 297 0.0 20.0 17.8111343384
0.367052158622 34 67 0.0 20.0 999.9
0.366964454875 43 300 0.0 20.0 13.3591527939
0.363862529713 186 305 0.0 20.0 25.7707939148
0.362506908739 42 300 0.0 20.0 14.6262512207
0.361678202582 233 318 0.0 20.0 999.9
0.360760479376 172 195 0.0 20.0 15.024394989
0.358950647493 259 304 0.0 20.0 7.83961820602
0.35759803154 31 69 0.0 20.0 999.9
0.355575041617 172 196 0.0 20.0 13.6168661118
0.350840412899 133 207 0.0 20.0 10.3700447083
0.3480999117 238 314 0.0 20.0 999.9
0.344312222074 69 123 0.0 20.0 11.2008600235
0.339738774737 158 223 0.0 20.0 15.9463024139
0.338728649947 32 300 0.0 20.0 999.9
0.338112788723 41 301 0.0 20.0 17.2361774445
0.334850569083 211 236 0.0 20.0 14.7265739441
0.333268149158 66 159 0.0 20.0 38.6622695923
0.333161507409 173 186 0.0 20.0 28.7308864594
0.332663724064 143 204 0.0 20.0 8.85349941254
0.330233200101 135 212 0.0 20.0 18.0126342773
0.327850570781 35 59 0.0 20.0 999.9
0.325082601634 40 66 0.0 20.0 19.7388706207
0.325078358646 35 292 0.0 20.0 999.9
0.324332796467 37 68 0.0 20.0 999.9
0.323276097288 57 299 0.0 20.0 17.478263855
0.321083359223 212 235 0.0 20.0 8.76110363007
0.319867985642 242 316 0.0 20.0 999.9
0.318608363726 40 294 0.0 20.0 8.88962173462
0.317110883611 245 314 0.0 20.0 999.9
0.31624609741 133 204 0.0 20.0 14.4765958786
0.31524994518 42 299 0.0 20.0 17.0727405548
0.314507066736 70 188 0.0 20.0 18.2232704163
0.313337392474 245 313 0.0 20.0 999.9
0.313019780328 32 60 0.0 20.0 999.9
0.312983903579 134 210 0.0 20.0 12.4571313858
0.311081353456 136 209 0.0 20.0 12.1341075897
0.310259419965 77 90 0.0 20.0 8.52544307709
0.310206388985 246 315 0.0 20.0 999.9
0.308672447452 27 66 0.0 20.0 999.9
0.307543628918 213 238 0.0 20.0 16.9398536682
0.306658560753 250 315 0.0 20.0 999.9
0.304384620626 68 186 0.0 20.0 18.1573257446
0.304359576934 179 300 0.0 20.0 14.944937706
0.301066088362 33 56 0.0 20.0 999.9
0.298840504574 255 304 0.0 20.0 8.76621246338
0.298004382373 174 262 0.0 20.0 6.61013555527
0.297992803145 242 318 0.0 20.0 999.9
0.296522038725 171 194 0.0 20.0 14.4092941284
0.296412383578 142 207 0.0 20.0 13.2316732407
0.295494944203 136 210 0.0 20.0 13.2412452698
0.293746586916 33 61 0.0 20.0 999.9
0.292462603406 208 250 0.0 20.0 43.3837776184
0.291616557915 58 299 0.0 20.0 21.1278076172
0.289834155223 32 66 0.0 20.0 999.9
0.288396722574 240 316 0.0 20.0 999.9
0.28806668317 239 310 0.0 20.0 10.2957735062
0.287821497807 239 302 0.0 20.0 26.9459533691
0.287817824203 179 299 0.0 20.0 13.3088941574
0.286356350214 158 245 0.0 20.0 17.5071163177
0.286131124025 37 50 0.0 20.0 999.9
0.28524910609 246 261 0.0 20.0 17.64702034
0.284863010391 37 63 0.0 20.0 999.9
0.283588064876 31 294 0.0 20.0 999.9
0.282287314959 88 218 0.0 20.0 12.2789669037
0.281875500797 47 294 0.0 20.0 15.7125663757
0.281440546481 37 62 0.0 20.0 999.9
0.280153460562 198 295 0.0 20.0 17.2459850311
0.279015010228 26 305 0.0 20.0 999.9
0.278994367244 59 301 0.0 20.0 26.0806007385
0.278958718755 223 235 0.0 20.0 18.0772819519
0.278542890078 88 109 0.0 20.0 6.14993667603
0.278119157766 43 298 0.0 20.0 12.6331443787
0.277543331905 31 67 0.0 20.0 999.9
0.275456633116 73 88 0.0 20.0 15.5628957748
0.274980005038 249 318 0.0 20.0 999.9
0.272986815443 198 298 0.0 20.0 10.8453607559
0.272752125756 51 67 0.0 20.0 15.9560527802
0.272073022544 38 64 0.0 20.0 999.9
0.271504432118 26 40 0.0 20.0 999.9
0.270961699312 47 303 0.0 20.0 17.1237220764
0.267563863755 159 222 0.0 20.0 15.1502885818
0.264449794812 37 61 0.0 20.0 999.9
0.263844857405 214 238 0.0 20.0 20.7616081238
0.260699339154 40 298 0.0 20.0 18.7325725555
0.260246298226 185 198 0.0 20.0 12.4153394699
0.25741408363 256 305 0.0 20.0 9.26249217987
0.255848832361 180 259 0.0 20.0 21.9517917633
0.253395425311 43 299 0.0 20.0 15.4353599548
0.251786645935 186 199 0.0 20.0 17.4085025787
0.250904864892 71 127 0.0 20.0 13.5288076401
0.248673503267 66 186 0.0 20.0 14.3551082611
0.248276830585 40 68 0.0 20.0 22.0762233734
0.247467239627 65 186 0.0 20.0 18.0718975067
0.246643924912 210 248 0.0 20.0 38.0586738586
0.245110479191 158 274 0.0 20.0 12.2003126144
0.242517920367 242 302 0.0 20.0 19.6502399445
0.237375042464 108 218 0.0 20.0 13.1920518875
0.237186389223 57 301 0.0 20.0 18.9216995239
0.235974940326 133 215 0.0 20.0 18.117225647
0.234480127312 156 313 0.0 20.0 999.9
0.232857674996 71 123 0.0 20.0 14.483543396
0.232727444439 30 60 0.0 20.0 999.9
0.232549735542 72 156 0.0 20.0 34.9518508911
0.232394369931 229 316 0.0 20.0 999.9
0.230789270395 52 67 0.0 20.0 15.0209751129
0.230461868383 104 218 0.0 20.0 24.0613918304
0.230011644536 37 60 0.0 20.0 999.9
0.221381472312 175 260 0.0 20.0 12.5469293594
0.221305443457 37 58 0.0 20.0 999.9
0.220972308561 176 262 0.0 20.0 10.9871997833
0.219948291462 179 259 0.0 20.0 18.8564796448
0.219241419578 247 313 0.0 20.0 999.9
0.217072717587 184 259 0.0 20.0 24.6479167938
0.214573678277 250 311 0.0 20.0 31.0267314911
0.213646882897 41 299 0.0 20.0 20.1470432281
0.213581792725 45 294 0.0 20.0 13.2397556305
0.211976458612 157 220 0.0 20.0 13.5107164383
0.211628544372 272 306 0.0 20.0 15.2572317123
0.210598621201 29 70 0.0 20.0 999.9
0.209724872882 234 316 0.0 20.0 999.9
0.206780867391 36 70 0.0 20.0 999.9
0.206539664425 93 123 0.0 20.0 18.4467468262
0.205465684094 38 68 0.0 20.0 999.9
0.202748657931 31 58 0.0 20.0 999.9
0.20134635257 238 310 0.0 20.0 13.1580734253
0.201344155942 136 217 0.0 20.0 22.695526123
0.199310170641 247 316 0.0 20.0 999.9
0.199118865153 106 218 0.0 20.0 18.5193920135
0.198330029836 158 313 0.0 20.0 999.9
0.197480143151 33 186 0.0 20.0 999.9
0.19734344574 141 210 0.0 20.0 12.1836290359
0.197233704164 60 159 0.0 20.0 44.2998962402
0.196951140344 41 294 0.0 20.0 9.0412311554
0.195689037173 32 294 0.0 20.0 999.9
0.194846352207 49 134 0.0 20.0 37.5269508362
0.193706428534 278 299 0.0 20.0 23.6888523102
0.191123995733 58 290 0.0 20.0 23.8146381378
0.189187321273 29 299 0.0 20.0 999.9
0.188989804527 77 92 0.0 20.0 10.3150930405
0.188452686833 214 236 0.0 20.0 18.1255836487
0.186687768303 45 301 0.0 20.0 13.3887901306
0.183666466373 163 222 0.0 20.0 21.1198272705
0.183585852002 35 56 0.0 20.0 999.9
0.18321302158 39 192 0.0 20.0 31.0432662964
0.183180761906 175 258 0.0 20.0 12.2560110092
0.182991729018 68 187 0.0 20.0 19.7918243408
0.182640337475 31 66 0.0 20.0 999.9
0.181789900692 37 292 0.0 20.0 999.9
0.179817483368 38 58 0.0 20.0 999.9
0.179680534592 70 93 0.0 20.0 8.52787971497
0.178000870755 44 301 0.0 20.0 13.4074144363
0.177853274815 160 196 0.0 20.0 11.2135152817
0.176172699978 94 123 0.0 20.0 14.9807853699
0.174482110834 28 299 0.0 20.0 999.9
0.172259170282 259 303 0.0 20.0 10.1194629669
0.1722149705 161 222 0.0 20.0 17.6328201294
0.170261313859 243 301 0.0 20.0 17.4845962524
0.170116422819 33 66 0.0 20.0 999.9
0.169140174029 242 310 0.0 20.0 8.97543239594
0.166568341161 74 130 0.0 20.0 14.9498596191
0.165345499284 46 187 0.0 20.0 12.7126979828
0.16533013373 177 226 0.0 20.0 35.4391593933
0.163160718757 109 223 0.0 20.0 16.3722038269
0.162942789272 44 294 0.0 20.0 10.3144922256
0.162260224361 80 97 0.0 20.0 17.2456893921
0.161965401985 47 305 0.0 20.0 20.6153297424
0.16103132142 236 318 0.0 20.0 999.9
0.16088707246 109 212 0.0 20.0 17.7447757721
0.160025526163 115 133 0.0 20.0 19.3465518951
0.159780979215 235 316 0.0 20.0 999.9
0.159185046575 177 262 0.0 20.0 14.5580196381
0.157713422897 188 259 0.0 20.0 26.108537674
0.157326760056 92 124 0.0 20.0 17.6281471252
0.156442378247 68 182 0.0 20.0 22.2163143158
0.156174281674 106 239 0.0 20.0 25.963973999
0.155590784591 160 197 0.0 20.0 9.88091754913
0.153152876991 23 142 0.0 20.0 999.9
0.15294854958 49 62 0.0 20.0 24.1555213928
0.152490436126 219 233 0.0 20.0 18.7508945465
0.150974047195 91 218 0.0 20.0 22.1578598022
0.150572470794 277 290 0.0 20.0 28.3210544586
0.150510099057 67 220 0.0 20.0 40.182964325
0.15037761156 78 92 0.0 20.0 10.3146114349
0.148867297308 28 68 0.0 20.0 999.9
0.147140040841 160 222 0.0 20.0 16.7798709869
0.14688291598 110 212 0.0 20.0 16.6684989929
0.144910793561 161 239 0.0 20.0 21.282989502
0.144267830852 236 316 0.0 20.0 999.9
0.144006805404 68 93 0.0 20.0 13.3224086761
0.143710344013 37 59 0.0 20.0 999.9
0.141528027192 165 212 0.0 20.0 31.5154132843
0.138975322057 167 179 0.0 20.0 12.4231939316
0.138570229926 63 149 0.0 20.0 29.254491806
0.136534792429 68 305 0.0 20.0 42.5435791016
0.134533550826 170 200 0.0 20.0 23.3474617004
0.133856374984 38 57 0.0 20.0 999.9
0.132939481361 72 131 0.0 20.0 13.6992368698
0.132306457729 176 263 0.0 20.0 10.7148885727
0.131520893512 74 316 0.0 20.0 999.9
0.13021095669 46 164 0.0 20.0 18.0478191376
0.128901466069 39 225 0.0 20.0 47.9522361755
0.126735079313 38 106 0.0 20.0 999.9
0.126720328329 71 232 0.0 20.0 38.1773910522
0.126564217405 30 67 0.0 20.0 999.9
0.126460187691 37 232 0.0 20.0 999.9
0.124670312113 67 163 0.0 20.0 37.6765708923
0.123747937369 117 215 0.0 20.0 22.61378479
0.12360774188 235 299 0.0 20.0 28.6749420166
0.123336637135 138 210 0.0 20.0 16.5838890076
0.12200204839 97 224 0.0 20.0 36.0131034851
0.120795961575 90 183 0.0 20.0 15.8887472153
0.120051548765 35 160 0.0 20.0 999.9
0.119154945317 190 263 0.0 20.0 24.389383316
0.11668442697 163 294 0.0 20.0 29.4299468994
0.116495593466 77 97 0.0 20.0 13.9946975708
0.116062694223 47 295 0.0 20.0 15.8474168777
0.115926096823 117 221 0.0 20.0 26.6213493347
0.115546717066 88 228 0.0 20.0 20.0388660431
0.114523871671 245 312 0.0 20.0 18.3406639099
0.114458549638 71 174 0.0 20.0 42.1448249817
0.112678296403 248 313 0.0 20.0 999.9
0.1126702625 92 118 0.0 20.0 11.8938312531
0.111093067862 176 304 0.0 20.0 12.7552604675
0.110985832806 31 44 0.0 20.0 999.9
0.109407220062 133 177 0.0 20.0 38.9738502502
0.101560493057 39 87 0.0 20.0 37.431438446
0.100492096582 105 212 0.0 20.0 22.918056488
0.0999206895269 62 187 0.0 20.0 17.5257835388
0.0976239035718 75 226 0.0 20.0 33.682434082
0.0963976510245 64 141 0.0 20.0 30.0477333069
0.0960653522876 167 190 0.0 20.0 19.9309082031
0.095958325005 37 166 0.0 20.0 999.9
0.0956716712743 177 234 0.0 20.0 39.7867050171
0.0956716712743 176 234 0.0 20.0 40.947353363
0.095169886425 81 218 0.0 20.0 15.9787731171
0.0951257794838 200 227 0.0 20.0 18.7546157837
0.0939803623656 52 136 0.0 20.0 34.5611534119
0.0931454133893 74 232 0.0 20.0 33.1617736816
0.0923112810248 176 219 0.0 20.0 38.2038726807
0.090893339099 97 220 0.0 20.0 38.5017738342
0.090258167955 187 263 0.0 20.0 26.5822620392
0.0871272677224 28 136 0.0 20.0 999.9
0.0856373359939 155 223 0.0 20.0 10.2146081924
0.0845628220116 179 286 0.0 20.0 11.6755037308
0.0833724068472 33 261 0.0 20.0 999.9
0.0832551830642 262 298 0.0 20.0 20.0715789795
0.0823110239366 194 250 0.0 20.0 18.5274333954
0.0823110239366 194 249 0.0 20.0 16.9266853333
0.0799909254715 59 290 0.0 20.0 26.7621517181
0.0795572923825 35 225 0.0 20.0 999.9
0.0751041444706 133 258 0.0 20.0 49.4881744385
0.0699913347744 54 68 0.0 20.0 17.687292099
0.066552678702 65 179 0.0 20.0 28.5691699982
0.0655784748087 59 123 0.0 20.0 15.6190471649
0.0613725456829 16 63 0.0 20.0 999.9
