299 301 0 20 0.00430435293429 
300 305 0 20 0.00388073169198 
299 302 0 20 0.00386408933896 
297 301 0 20 0.00385986821443 
298 301 0 20 0.0038458192749 
244 313 0 20 0.00365471987252 
242 313 0 20 0.00364145313181 
243 313 0 20 0.00358735314399 
246 313 0 20 0.00348368029813 
239 312 0 20 0.00346696483701 
198 300 0 20 0.00345708133932 
242 312 0 20 0.00339951002861 
238 312 0 20 0.00339824015332 
155 238 0 20 0.00332226208532 
246 312 0 20 0.00331337179699 
239 318 0 20 0.00324577506405 
72 126 0 20 0.00323333162038 
241 313 0 20 0.00323159835357 
155 239 0 20 0.00322830936541 
239 314 0 20 0.00322727256302 
244 316 0 20 0.00320817644541 
70 72 0 20 0.00314840029443 
184 187 0 20 0.00314618642482 
242 314 0 20 0.00313778586577 
239 313 0 20 0.00313457389773 
180 182 0 20 0.00310839921724 
242 311 0 20 0.00309377216131 
246 314 0 20 0.00309112567804 
72 127 0 20 0.00309025342788 
198 295 0 20 0.00307735924002 
198 298 0 20 0.00307189437718 
246 316 0 20 0.00307070461163 
155 246 0 20 0.00306445838833 
243 316 0 20 0.00305973774091 
239 315 0 20 0.00305567636231 
153 244 0 20 0.00305185586016 
246 318 0 20 0.00302819199678 
238 311 0 20 0.00302346316154 
239 311 0 20 0.00302139320705 
158 239 0 20 0.00301009019861 
245 314 0 20 0.00300416735472 
245 313 0 20 0.003000122453 
155 242 0 20 0.0029989082959 
238 314 0 20 0.00299716018932 
246 315 0 20 0.00299676625024 
156 232 0 20 0.00298644279315 
213 236 0 20 0.00298582228963 
173 186 0 20 0.00297800112525 
69 72 0 20 0.00297268208648 
70 186 0 20 0.00297169966432 
242 316 0 20 0.0029669043733 
185 187 0 20 0.00296274967203 
37 56 0 20 0.00295515387223 
224 232 0 20 0.0029492221204 
72 125 0 20 0.00294414153704 
240 316 0 20 0.00293317699873 
239 310 0 20 0.00293282329946 
242 305 0 20 0.00293097058582 
70 126 0 20 0.00292688260666 
72 128 0 20 0.00292568923595 
233 317 0 20 0.00291162794525 
250 315 0 20 0.00290991919233 
40 49 0 20 0.00290581349804 
158 245 0 20 0.0029051609786 
37 47 0 20 0.00290190002742 
70 73 0 20 0.00289969488907 
247 313 0 20 0.00289925857169 
217 223 0 20 0.0028913025459 
247 316 0 20 0.0028778937559 
66 69 0 20 0.00287120278842 
73 127 0 20 0.00286151004409 
242 318 0 20 0.00286041432884 
224 233 0 20 0.00285899973574 
66 68 0 20 0.00284957833831 
33 56 0 20 0.00284275140557 
238 310 0 20 0.00283988616289 
224 231 0 20 0.00283724239597 
249 318 0 20 0.00283576327354 
37 50 0 20 0.00282670954335 
256 303 0 20 0.00282416363318 
75 78 0 20 0.00281386927238 
250 311 0 20 0.00281125552875 
69 186 0 20 0.00280730065937 
242 310 0 20 0.00280537118823 
69 123 0 20 0.00280434962205 
225 232 0 20 0.00280155717747 
242 300 0 20 0.00279510810752 
237 239 0 20 0.00279474946093 
33 58 0 20 0.00279216307786 
245 312 0 20 0.0027870091523 
68 72 0 20 0.00278641029512 
178 187 0 20 0.00278557393249 
248 313 0 20 0.00278503083295 
110 218 0 20 0.00277783215192 
161 239 0 20 0.00276622514949 
222 234 0 20 0.00276568421063 
217 222 0 20 0.00276283999667 
243 300 0 20 0.00275800569144 
39 50 0 20 0.00274642169203 
183 187 0 20 0.00272922125242 
241 300 0 20 0.00272624630837 
180 188 0 20 0.00272508004474 
38 49 0 20 0.00271784455105 
35 56 0 20 0.00271656417653 
71 127 0 20 0.00271080268375 
35 58 0 20 0.0027001956586 
70 182 0 20 0.0026986525495 
256 304 0 20 0.0026952167183 
71 123 0 20 0.00269272852545 
35 67 0 20 0.00268798601417 
231 234 0 20 0.00268336798111 
38 47 0 20 0.00266853094868 
72 78 0 20 0.00266513205699 
67 70 0 20 0.00266441922897 
223 235 0 20 0.00266383120443 
71 186 0 20 0.00266353458379 
75 77 0 20 0.00266051158762 
233 318 0 20 0.0026528502771 
223 232 0 20 0.00265024729941 
235 242 0 20 0.00264205478051 
229 239 0 20 0.0026410506943 
32 67 0 20 0.00263809550165 
213 238 0 20 0.00263275173887 
70 185 0 20 0.00263200075029 
74 130 0 20 0.00262634013369 
180 301 0 20 0.00262600674143 
179 302 0 20 0.00262287184849 
239 302 0 20 0.00261570361316 
37 44 0 20 0.00261485772993 
39 49 0 20 0.00261361942786 
33 67 0 20 0.00261285673462 
69 75 0 20 0.00261217041921 
180 302 0 20 0.00260648839835 
223 234 0 20 0.00260084735274 
35 59 0 20 0.00260052289865 
66 71 0 20 0.00259843256225 
70 184 0 20 0.00259276963869 
72 131 0 20 0.00259266102138 
214 238 0 20 0.00258636301043 
32 60 0 20 0.00258461235372 
40 47 0 20 0.00258272695123 
185 190 0 20 0.0025806542059 
234 316 0 20 0.00257336285976 
45 49 0 20 0.00257316400909 
223 227 0 20 0.00257266365063 
242 302 0 20 0.00256723865329 
256 305 0 20 0.00256510992675 
33 61 0 20 0.00256393597705 
212 237 0 20 0.00255964962874 
186 304 0 20 0.00255954539705 
43 49 0 20 0.00255755664495 
44 49 0 20 0.00255725263102 
41 49 0 20 0.00255101864317 
37 62 0 20 0.00255073399635 
221 231 0 20 0.00253983336691 
70 76 0 20 0.00253887734455 
186 305 0 20 0.00253870414841 
37 61 0 20 0.00253250623441 
235 238 0 20 0.00252975188894 
219 233 0 20 0.00252949418971 
42 49 0 20 0.00252286368753 
43 294 0 20 0.00252200597269 
235 316 0 20 0.00251991871385 
225 233 0 20 0.00251504243941 
214 236 0 20 0.00250632993843 
256 302 0 20 0.00250627521999 
158 222 0 20 0.00250553062752 
236 316 0 20 0.00250331834684 
30 60 0 20 0.00249847434093 
70 80 0 20 0.00249713325113 
37 60 0 20 0.00249556081744 
139 210 0 20 0.00249523353529 
42 294 0 20 0.00249463379251 
223 226 0 20 0.00249321564118 
243 301 0 20 0.00248993982322 
37 58 0 20 0.00248622076211 
179 300 0 20 0.00248104806562 
229 316 0 20 0.00247336565447 
31 44 0 20 0.00246848731622 
31 58 0 20 0.00246631295134 
174 176 0 20 0.00246559145481 
179 299 0 20 0.00246501974063 
70 188 0 20 0.00246336692585 
66 74 0 20 0.00245956954053 
186 194 0 20 0.00245576336684 
88 110 0 20 0.0024543085151 
68 186 0 20 0.00245299724746 
40 67 0 20 0.00244848783895 
133 208 0 20 0.00244830144132 
189 196 0 20 0.00244809435396 
222 226 0 20 0.00244564080715 
143 210 0 20 0.00244521641261 
38 58 0 20 0.0024417122745 
37 66 0 20 0.00244043819133 
236 318 0 20 0.00243826456231 
135 205 0 20 0.00243033167415 
135 210 0 20 0.00242508783638 
67 73 0 20 0.002423976913 
43 301 0 20 0.00241802071617 
133 210 0 20 0.00240860297332 
37 67 0 20 0.0024032225196 
37 59 0 20 0.00240297635784 
66 186 0 20 0.00239592543268 
65 186 0 20 0.00239468970706 
38 57 0 20 0.0023924049714 
88 109 0 20 0.00239014956902 
259 304 0 20 0.00238333931455 
36 186 0 20 0.00238002825092 
133 207 0 20 0.00237086845142 
232 240 0 20 0.00236563929176 
232 238 0 20 0.00235221053344 
143 204 0 20 0.00235205780564 
135 212 0 20 0.00234954251115 
235 239 0 20 0.00234611250328 
133 204 0 20 0.00233506757369 
134 210 0 20 0.00233169160279 
136 209 0 20 0.00232972269653 
68 187 0 20 0.00232863943605 
186 195 0 20 0.00232693163319 
242 297 0 20 0.00232446868038 
190 194 0 20 0.00232140033312 
153 222 0 20 0.00232103600154 
36 294 0 20 0.00232052369265 
255 304 0 20 0.00231920739653 
36 66 0 20 0.00231902747815 
212 236 0 20 0.00231847570179 
36 67 0 20 0.00231787027015 
142 207 0 20 0.00231454211008 
136 210 0 20 0.00231359267274 
37 39 0 20 0.00230827468319 
189 198 0 20 0.00230650827846 
34 67 0 20 0.00230460593837 
37 186 0 20 0.00230426347618 
186 196 0 20 0.00230286118696 
68 182 0 20 0.0023014416396 
176 304 0 20 0.00229378021878 
155 222 0 20 0.00229305307535 
185 198 0 20 0.00228741053723 
47 49 0 20 0.00228012020653 
234 239 0 20 0.00227948018661 
186 199 0 20 0.00227863261164 
190 199 0 20 0.00227288197764 
40 66 0 20 0.00225967100427 
37 68 0 20 0.0022588682213 
71 174 0 20 0.00225843239111 
236 238 0 20 0.00225305015552 
133 215 0 20 0.00225199676165 
109 218 0 20 0.00225182488138 
231 240 0 20 0.0022475672551 
62 187 0 20 0.00224353945593 
46 49 0 20 0.00224318606628 
27 66 0 20 0.00224210138358 
32 66 0 20 0.00222193206371 
236 239 0 20 0.00222100589643 
31 42 0 20 0.00221922619253 
37 63 0 20 0.0022166096805 
136 217 0 20 0.00221615814309 
111 218 0 20 0.00221462673454 
141 210 0 20 0.00221201789823 
65 179 0 20 0.00220935645936 
31 67 0 20 0.00220877282698 
43 300 0 20 0.00220475095939 
38 64 0 20 0.00220291601056 
42 300 0 20 0.00220004522142 
158 223 0 20 0.00219438910391 
189 197 0 20 0.00219013077569 
259 303 0 20 0.00218415691489 
40 68 0 20 0.00217743848842 
32 300 0 20 0.00217494301228 
41 301 0 20 0.0021742928605 
35 292 0 20 0.00216053268603 
40 294 0 20 0.00215370244808 
42 299 0 20 0.00215015703605 
33 186 0 20 0.00214674048759 
138 210 0 20 0.0021354299193 
39 192 0 20 0.00213466025993 
38 68 0 20 0.00213160250195 
159 222 0 20 0.00212273009991 
31 294 0 20 0.00211673225302 
47 294 0 20 0.00211492433503 
26 305 0 20 0.00211190457513 
43 298 0 20 0.00211095884247 
31 66 0 20 0.00210716442064 
47 303 0 20 0.00210340286369 
33 66 0 20 0.00209375562341 
40 298 0 20 0.00209256910529 
57 299 0 20 0.00208612286675 
43 299 0 20 0.00208485851662 
212 234 0 20 0.00207763358823 
157 220 0 20 0.0020675400341 
235 299 0 20 0.00206405690492 
58 299 0 20 0.00205931616708 
59 301 0 20 0.00204862873191 
30 67 0 20 0.00204712621818 
41 299 0 20 0.00204289681399 
45 294 0 20 0.00204282809966 
163 222 0 20 0.00203943240197 
161 222 0 20 0.0020280627615 
41 294 0 20 0.00202527146871 
32 294 0 20 0.00202393909286 
211 236 0 20 0.0020203337536 
29 299 0 20 0.00201707536774 
45 301 0 20 0.00201443664209 
57 301 0 20 0.00201322916726 
37 292 0 20 0.00200926606597 
108 218 0 20 0.00200858910342 
212 235 0 20 0.00200584759545 
44 301 0 20 0.00200526606653 
160 222 0 20 0.00200316706769 
104 218 0 20 0.00200161593653 
28 299 0 20 0.00200155138547 
250 256 0 20 0.00199300271849 
50 67 0 20 0.00199272864357 
27 38 0 20 0.00199218963313 
44 294 0 20 0.0019893695657 
47 305 0 20 0.00198833775844 
246 261 0 20 0.00197302485459 
208 250 0 20 0.00197050734841 
106 218 0 20 0.00197000093742 
210 248 0 20 0.00194429049365 
155 223 0 20 0.00194210398479 
47 295 0 20 0.00193987923251 
109 223 0 20 0.00193373074474 
109 212 0 20 0.00193143736764 
251 254 0 20 0.00191845158235 
26 40 0 20 0.00191820291374 
110 212 0 20 0.00191731168251 
175 261 0 20 0.00190848022533 
311 313 0 20 0.00190785632509 
175 262 0 20 0.00190699369202 
174 260 0 20 0.00189708553041 
117 215 0 20 0.0018939759376 
117 221 0 20 0.0018860862188 
26 69 0 20 0.00187912084308 
59 67 0 20 0.00187464937708 
237 242 0 20 0.00187163454004 
105 212 0 20 0.00187051828166 
31 69 0 20 0.00186472829739 
35 42 0 20 0.00184874371446 
274 280 0 20 0.00184590643977 
78 90 0 20 0.00184078619235 
314 316 0 20 0.00183130592288 
273 280 0 20 0.00181860235627 
80 90 0 20 0.00181129673751 
47 50 0 20 0.00180345916743 
59 66 0 20 0.00178843980338 
51 67 0 20 0.0017881589487 
174 262 0 20 0.00177917941345 
29 39 0 20 0.00177750513505 
77 90 0 20 0.00175233047164 
27 36 0 20 0.00175153602938 
58 67 0 20 0.00174692211428 
52 67 0 20 0.00174613338712 
167 190 0 20 0.00174534036251 
180 259 0 20 0.0017359942494 
87 218 0 20 0.00173424171049 
57 68 0 20 0.00172701424169 
57 67 0 20 0.00172701424169 
278 283 0 20 0.00172199739824 
73 88 0 20 0.00171777645546 
66 159 0 20 0.0017113930753 
89 218 0 20 0.00171122742311 
29 70 0 20 0.00170802286451 
36 70 0 20 0.00170395303347 
175 260 0 20 0.00170068505293 
176 262 0 20 0.00170026589569 
179 259 0 20 0.00169921686783 
184 259 0 20 0.00169627106047 
57 66 0 20 0.00168096627486 
49 62 0 20 0.00166817634682 
175 258 0 20 0.00166155132213 
28 68 0 20 0.00164221556766 
177 262 0 20 0.00163696953153 
188 259 0 20 0.00163546196468 
77 92 0 20 0.00163192769263 
88 218 0 20 0.00162926485815 
72 156 0 20 0.00162611298853 
70 93 0 20 0.00162268496544 
176 263 0 20 0.00160943445564 
80 97 0 20 0.00160538917577 
60 159 0 20 0.00159621027151 
190 263 0 20 0.00159596172854 
78 92 0 20 0.0015935915 
156 313 0 20 0.00158798335547 
68 93 0 20 0.00158726623243 
54 68 0 20 0.00158509516682 
158 313 0 20 0.00156729873762 
187 263 0 20 0.00156635917157 
77 97 0 20 0.00155995167091 
135 141 0 20 0.00154513556597 
172 195 0 20 0.00153989270833 
67 163 0 20 0.00153476954634 
172 196 0 20 0.00153469952183 
133 139 0 20 0.00150809292494 
33 37 0 20 0.00150474677079 
91 218 0 20 0.00150428284392 
97 224 0 20 0.00147670772658 
171 194 0 20 0.00147555827446 
81 218 0 20 0.0014511692741 
28 37 0 20 0.00144846713912 
97 220 0 20 0.00144709891999 
27 35 0 20 0.00144164244699 
27 37 0 20 0.0014406409635 
121 123 0 20 0.00143464506987 
119 123 0 20 0.00142825516139 
136 146 0 20 0.00136293660722 
25 33 0 20 0.00135842480763 
26 33 0 20 0.00130834848332 
93 123 0 20 0.00123403044493 
160 196 0 20 0.00122901164679 
160 197 0 20 0.00121627333805 
94 123 0 20 0.00120831819163 
92 124 0 20 0.00119236099637 
92 118 0 20 0.00115454953916 
49 134 0 20 0.00109209822133 
262 298 0 20 0.00103849760093 
52 136 0 20 0.00103438400755 
58 290 0 20 0.00103175783727 
59 290 0 20 0.000968168932966 
23 142 0 20 0.000908691558768 
28 136 0 20 0.000870912559779 
170 200 0 20 0.000851899078228 
35 160 0 20 0.000809986214943 
71 232 0 20 0.000803481782309 
37 166 0 20 0.00079620038417 
39 225 0 20 0.000790232987994 
75 226 0 20 0.000781294556921 
74 232 0 20 0.000777879523221 
35 225 0 20 0.000761998890521 
177 234 0 20 0.000714968847475 
176 234 0 20 0.000714968847475 
194 250 0 20 0.000619503480618 
194 249 0 20 0.000619503480618 
158 274 0 20 0.000266342278479 
153 160 0 20 0.000262438516923 
272 306 0 20 0.000229960093446 
278 299 0 20 0.000210485539835 
208 210 0 20 0.000191282019794 
290 293 0 20 0.000181474760215 
46 187 0 20 0.000179667948758 
177 226 0 20 0.00017965125222 
115 133 0 20 0.000173887152413 
106 239 0 20 0.000169702307947 
277 290 0 20 0.000163615260677 
67 220 0 20 0.000163547486217 
165 212 0 20 0.000153787375209 
167 179 0 20 0.000151013551323 
63 149 0 20 0.000150573369567 
68 305 0 20 0.000148361619737 
74 316 0 20 0.000142913410153 
46 164 0 20 0.000141490004843 
38 106 0 20 0.000137713042293 
37 232 0 20 0.00013741433919 
90 183 0 20 0.000131259470191 
163 294 0 20 0.000126791788931 
88 228 0 20 0.000125555529065 
133 177 0 20 0.000118884220575 
39 87 0 20 0.000110357799526 
64 141 0 20 0.000104747745175 
200 227 0 20 0.000103365702411 
176 219 0 20 0.000100307408311 
179 286 0 20 9.18877673592e-05 
33 261 0 20 9.05942368326e-05 
133 258 0 20 8.16097664512e-05 
59 123 0 20 7.12589704747e-05 
16 63 0 20 6.66887181128e-05 
