110 218 0 20 1.0 
242 313 0 20 0.949294429185 
299 301 0 20 0.942877180514 
244 313 0 20 0.924011701662 
243 313 0 20 0.898813329777 
212 237 0 20 0.847400187615 
70 186 0 20 0.810720214272 
185 187 0 20 0.806805367481 
70 72 0 20 0.795886677693 
239 312 0 20 0.786478108711 
198 300 0 20 0.778122688232 
72 126 0 20 0.772654137576 
256 303 0 20 0.772130443397 
246 313 0 20 0.764448784339 
237 239 0 20 0.741782512651 
35 67 0 20 0.725131952504 
242 312 0 20 0.7235355273 
238 312 0 20 0.722350597255 
47 49 0 20 0.716852710333 
155 238 0 20 0.710991943463 
32 67 0 20 0.678533849039 
43 294 0 20 0.667486682559 
239 318 0 20 0.657743275874 
33 67 0 20 0.654960656096 
158 222 0 20 0.653120353003 
256 304 0 20 0.651269915239 
69 186 0 20 0.650240785099 
42 294 0 20 0.641558176408 
213 236 0 20 0.640140573157 
37 39 0 20 0.636973287359 
72 127 0 20 0.62978943164 
69 72 0 20 0.625012459195 
212 236 0 20 0.618195727007 
155 239 0 20 0.615342067893 
184 187 0 20 0.609585663298 
246 312 0 20 0.605567885657 
235 242 0 20 0.597527447494 
46 49 0 20 0.575989991009 
180 182 0 20 0.573467131242 
43 301 0 20 0.568985856333 
241 313 0 20 0.566855899454 
239 314 0 20 0.562819472244 
70 73 0 20 0.554037285568 
31 42 0 20 0.553541333308 
217 223 0 20 0.55110177378 
27 36 0 20 0.548569618988 
224 232 0 20 0.547632986215 
70 182 0 20 0.544183046747 
242 305 0 20 0.543911563327 
66 69 0 20 0.526330621084 
233 317 0 20 0.525835742906 
40 49 0 20 0.518480827524 
37 47 0 20 0.514834305196 
71 186 0 20 0.509902358173 
244 316 0 20 0.507431081663 
33 58 0 20 0.506485265738 
66 68 0 20 0.505302287954 
40 67 0 20 0.501438905757 
37 66 0 20 0.493920476027 
235 238 0 20 0.491431669329 
72 125 0 20 0.483895553943 
242 314 0 20 0.479318772128 
70 185 0 20 0.479120349482 
109 218 0 20 0.478518170373 
50 67 0 20 0.477016582767 
36 294 0 20 0.476631058221 
239 313 0 20 0.476321660959 
256 302 0 20 0.474177122473 
36 186 0 20 0.473000189229 
139 210 0 20 0.471014141049 
75 78 0 20 0.470577606857 
300 305 0 20 0.470181923012 
153 222 0 20 0.467297463145 
70 126 0 20 0.466662375564 
72 128 0 20 0.46547078548 
224 233 0 20 0.46269533841 
37 67 0 20 0.45916076653 
242 300 0 20 0.455523388526 
246 318 0 20 0.454620320791 
180 301 0 20 0.453961645345 
299 302 0 20 0.451611651836 
179 302 0 20 0.450726333858 
155 246 0 20 0.448531297713 
297 301 0 20 0.446901534991 
68 72 0 20 0.443875585847 
224 231 0 20 0.442212425334 
111 218 0 20 0.441640053362 
70 184 0 20 0.440824580006 
185 190 0 20 0.439438011192 
155 222 0 20 0.439113074661 
242 311 0 20 0.438249258452 
153 244 0 20 0.435701118308 
180 302 0 20 0.433818080422 
298 301 0 20 0.431225108924 
217 222 0 20 0.430088420414 
133 208 0 20 0.425663753893 
175 261 0 20 0.424222424193 
175 262 0 20 0.42277133258 
143 210 0 20 0.422682696905 
243 300 0 20 0.420841173073 
35 58 0 20 0.420759130682 
189 196 0 20 0.415103981139 
174 260 0 20 0.413099399829 
225 232 0 20 0.408617452957 
135 205 0 20 0.408299604345 
243 316 0 20 0.406491488658 
37 56 0 20 0.405712719002 
135 210 0 20 0.403232494545 
239 315 0 20 0.4027017862 
73 127 0 20 0.401387355212 
78 90 0 20 0.399351975151 
246 314 0 20 0.398234353455 
158 239 0 20 0.393181004642 
87 218 0 20 0.392582012992 
241 300 0 20 0.391153463146 
88 110 0 20 0.390672211087 
212 234 0 20 0.389306611885 
133 210 0 20 0.387303204831 
186 304 0 20 0.385371376204 
37 186 0 20 0.383519652702 
155 242 0 20 0.381797112793 
36 66 0 20 0.380521982226 
36 67 0 20 0.379441141488 
246 316 0 20 0.37918352886 
222 234 0 20 0.374845729516 
238 311 0 20 0.372643409923 
26 69 0 20 0.371099131604 
239 311 0 20 0.370711920057 
80 90 0 20 0.369650211803 
156 232 0 20 0.369106434025 
89 218 0 20 0.368401883556 
242 297 0 20 0.367787249186 
34 67 0 20 0.367052158622 
43 300 0 20 0.366964454875 
186 305 0 20 0.363862529713 
42 300 0 20 0.362506908739 
233 318 0 20 0.361678202582 
172 195 0 20 0.360760479376 
59 67 0 20 0.359113502015 
259 304 0 20 0.358950647493 
31 69 0 20 0.35759803154 
172 196 0 20 0.355575041617 
133 207 0 20 0.350840412899 
238 314 0 20 0.3480999117 
69 123 0 20 0.344312222074 
38 49 0 20 0.343333744541 
27 38 0 20 0.340824602803 
158 223 0 20 0.339738774737 
32 300 0 20 0.338728649947 
41 301 0 20 0.338112788723 
232 240 0 20 0.33638976916 
211 236 0 20 0.334850569083 
66 159 0 20 0.333268149158 
173 186 0 20 0.333161507409 
143 204 0 20 0.332663724064 
27 35 0 20 0.330837633417 
135 212 0 20 0.330233200101 
174 176 0 20 0.328810426142 
35 59 0 20 0.327850570781 
72 78 0 20 0.325940601172 
67 70 0 20 0.32524742355 
40 66 0 20 0.325082601634 
35 292 0 20 0.325078358646 
37 68 0 20 0.324332796467 
311 313 0 20 0.324155727684 
232 238 0 20 0.323703234166 
57 299 0 20 0.323276097288 
75 77 0 20 0.321447503382 
212 235 0 20 0.321083359223 
242 316 0 20 0.319867985642 
186 194 0 20 0.319361168001 
40 294 0 20 0.318608363726 
235 239 0 20 0.317942249331 
245 314 0 20 0.317110883611 
133 204 0 20 0.31624609741 
33 37 0 20 0.31560350539 
42 299 0 20 0.31524994518 
70 188 0 20 0.314507066736 
245 313 0 20 0.313337392474 
32 60 0 20 0.313019780328 
274 280 0 20 0.312995861143 
134 210 0 20 0.312983903579 
250 256 0 20 0.311448164492 
136 209 0 20 0.311081353456 
77 90 0 20 0.310259419965 
246 315 0 20 0.310206388985 
27 66 0 20 0.308672447452 
213 238 0 20 0.307543628918 
250 315 0 20 0.306658560753 
68 186 0 20 0.304384620626 
179 300 0 20 0.304359576934 
33 56 0 20 0.301066088362 
255 304 0 20 0.298840504574 
186 195 0 20 0.298334423536 
174 262 0 20 0.298004382373 
242 318 0 20 0.297992803145 
135 141 0 20 0.297466150231 
38 47 0 20 0.297383954713 
231 234 0 20 0.297351137262 
171 194 0 20 0.296522038725 
142 207 0 20 0.296412383578 
136 210 0 20 0.295494944203 
33 61 0 20 0.293746586916 
190 194 0 20 0.293003679402 
208 250 0 20 0.292462603406 
58 299 0 20 0.291616557915 
32 66 0 20 0.289834155223 
240 316 0 20 0.288396722574 
239 310 0 20 0.28806668317 
239 302 0 20 0.287821497807 
179 299 0 20 0.287817824203 
158 245 0 20 0.286356350214 
37 50 0 20 0.286131124025 
246 261 0 20 0.28524910609 
37 63 0 20 0.284863010391 
31 294 0 20 0.283588064876 
88 218 0 20 0.282287314959 
47 294 0 20 0.281875500797 
37 62 0 20 0.281440546481 
198 295 0 20 0.280153460562 
26 305 0 20 0.279015010228 
59 301 0 20 0.278994367244 
223 235 0 20 0.278958718755 
189 198 0 20 0.278651586424 
88 109 0 20 0.278542890078 
43 298 0 20 0.278119157766 
31 67 0 20 0.277543331905 
273 280 0 20 0.277189166195 
73 88 0 20 0.275456633116 
186 196 0 20 0.275136732526 
249 318 0 20 0.274980005038 
69 75 0 20 0.274438946502 
59 66 0 20 0.273032561373 
198 298 0 20 0.272986815443 
51 67 0 20 0.272752125756 
38 64 0 20 0.272073022544 
26 40 0 20 0.271504432118 
47 303 0 20 0.270961699312 
47 50 0 20 0.269715107042 
159 222 0 20 0.267563863755 
223 232 0 20 0.266170485052 
37 61 0 20 0.264449794812 
214 238 0 20 0.263844857405 
28 37 0 20 0.262476205029 
66 71 0 20 0.261079798353 
40 298 0 20 0.260699339154 
185 198 0 20 0.260246298226 
229 239 0 20 0.257512567082 
256 305 0 20 0.25741408363 
180 259 0 20 0.255848832361 
27 37 0 20 0.25508838869 
234 239 0 20 0.254992779469 
43 299 0 20 0.253395425311 
25 33 0 20 0.252153909989 
186 199 0 20 0.251786645935 
71 127 0 20 0.250904864892 
133 139 0 20 0.248888268197 
66 186 0 20 0.248673503267 
40 68 0 20 0.248276830585 
65 186 0 20 0.247467239627 
37 44 0 20 0.247371929598 
210 248 0 20 0.246643924912 
190 199 0 20 0.246244520569 
39 49 0 20 0.246218095416 
158 274 0 20 0.245110479191 
242 302 0 20 0.242517920367 
153 160 0 20 0.241517910744 
108 218 0 20 0.237375042464 
57 301 0 20 0.237186389223 
133 215 0 20 0.235974940326 
237 242 0 20 0.235774591907 
156 313 0 20 0.234480127312 
71 123 0 20 0.232857674996 
30 60 0 20 0.232727444439 
72 156 0 20 0.232549735542 
229 316 0 20 0.232394369931 
58 67 0 20 0.231576820701 
52 67 0 20 0.230789270395 
104 218 0 20 0.230461868383 
236 238 0 20 0.230023567405 
37 60 0 20 0.230011644536 
231 240 0 20 0.224843713358 
175 260 0 20 0.221381472312 
37 58 0 20 0.221305443457 
176 262 0 20 0.220972308561 
179 259 0 20 0.219948291462 
223 234 0 20 0.219664118727 
247 313 0 20 0.219241419578 
40 47 0 20 0.217432877146 
184 259 0 20 0.217072717587 
250 311 0 20 0.214573678277 
251 254 0 20 0.213681477345 
41 299 0 20 0.213646882897 
45 294 0 20 0.213581792725 
157 220 0 20 0.211976458612 
57 67 0 20 0.211698652587 
57 68 0 20 0.211698652587 
272 306 0 20 0.211628544372 
39 50 0 20 0.211383181453 
183 187 0 20 0.211033589421 
29 70 0 20 0.210598621201 
234 316 0 20 0.209724872882 
45 49 0 20 0.208522248832 
180 188 0 20 0.207075256641 
36 70 0 20 0.206780867391 
93 123 0 20 0.206539664425 
35 42 0 20 0.206426218224 
38 68 0 20 0.205465684094 
26 33 0 20 0.204805875586 
70 76 0 20 0.203166327682 
31 58 0 20 0.202748657931 
121 123 0 20 0.20152900381 
238 310 0 20 0.20134635257 
136 217 0 20 0.201344155942 
236 239 0 20 0.199750432349 
247 316 0 20 0.199310170641 
106 218 0 20 0.199118865153 
158 313 0 20 0.198330029836 
33 186 0 20 0.197480143151 
141 210 0 20 0.19734344574 
60 159 0 20 0.197233704164 
41 294 0 20 0.196951140344 
32 294 0 20 0.195689037173 
49 134 0 20 0.194846352207 
43 49 0 20 0.193979504688 
278 299 0 20 0.193706428534 
44 49 0 20 0.193696228359 
223 227 0 20 0.19313126469 
58 290 0 20 0.191123995733 
314 316 0 20 0.190370103888 
119 123 0 20 0.190361487155 
29 299 0 20 0.189187321273 
77 92 0 20 0.188989804527 
214 236 0 20 0.188452686833 
41 49 0 20 0.187887477479 
45 301 0 20 0.186687768303 
163 222 0 20 0.183666466373 
35 56 0 20 0.183585852002 
39 192 0 20 0.18321302158 
175 258 0 20 0.183180761906 
68 187 0 20 0.182991729018 
31 66 0 20 0.182640337475 
37 292 0 20 0.181789900692 
38 58 0 20 0.179817483368 
70 93 0 20 0.179680534592 
44 301 0 20 0.178000870755 
160 196 0 20 0.177853274815 
94 123 0 20 0.176172699978 
208 210 0 20 0.176033740494 
28 299 0 20 0.174482110834 
259 303 0 20 0.172259170282 
161 222 0 20 0.1722149705 
243 301 0 20 0.170261313859 
33 66 0 20 0.170116422819 
242 310 0 20 0.169140174029 
290 293 0 20 0.167008278563 
74 130 0 20 0.166568341161 
189 197 0 20 0.1664937426 
57 66 0 20 0.165719393798 
46 187 0 20 0.165345499284 
177 226 0 20 0.16533013373 
109 223 0 20 0.163160718757 
44 294 0 20 0.162942789272 
70 80 0 20 0.162572985522 
80 97 0 20 0.162260224361 
221 231 0 20 0.162224000528 
47 305 0 20 0.161965401985 
42 49 0 20 0.161653046568 
236 318 0 20 0.16103132142 
109 212 0 20 0.16088707246 
115 133 0 20 0.160025526163 
235 316 0 20 0.159780979215 
177 262 0 20 0.159185046575 
188 259 0 20 0.157713422897 
92 124 0 20 0.157326760056 
68 182 0 20 0.156442378247 
106 239 0 20 0.156174281674 
160 197 0 20 0.155590784591 
23 142 0 20 0.153152876991 
49 62 0 20 0.15294854958 
219 233 0 20 0.152490436126 
91 218 0 20 0.150974047195 
277 290 0 20 0.150572470794 
67 220 0 20 0.150510099057 
278 283 0 20 0.150501000216 
78 92 0 20 0.15037761156 
178 187 0 20 0.149529340162 
28 68 0 20 0.148867297308 
160 222 0 20 0.147140040841 
110 212 0 20 0.14688291598 
161 239 0 20 0.144910793561 
236 316 0 20 0.144267830852 
68 93 0 20 0.144006805404 
37 59 0 20 0.143710344013 
165 212 0 20 0.141528027192 
29 39 0 20 0.139680854666 
167 179 0 20 0.138975322057 
225 233 0 20 0.138885190798 
63 149 0 20 0.138570229926 
68 305 0 20 0.136534792429 
170 200 0 20 0.134533550826 
38 57 0 20 0.133856374984 
72 131 0 20 0.132939481361 
176 263 0 20 0.132306457729 
74 316 0 20 0.131520893512 
46 164 0 20 0.13021095669 
39 225 0 20 0.128901466069 
38 106 0 20 0.126735079313 
71 232 0 20 0.126720328329 
30 67 0 20 0.126564217405 
37 232 0 20 0.126460187691 
66 74 0 20 0.126044786375 
67 163 0 20 0.124670312113 
117 215 0 20 0.123747937369 
235 299 0 20 0.12360774188 
138 210 0 20 0.123336637135 
97 224 0 20 0.12200204839 
90 183 0 20 0.120795961575 
35 160 0 20 0.120051548765 
190 263 0 20 0.119154945317 
223 226 0 20 0.118336887765 
163 294 0 20 0.11668442697 
77 97 0 20 0.116495593466 
47 295 0 20 0.116062694223 
117 221 0 20 0.115926096823 
88 228 0 20 0.115546717066 
245 312 0 20 0.114523871671 
71 174 0 20 0.114458549638 
248 313 0 20 0.112678296403 
92 118 0 20 0.1126702625 
176 304 0 20 0.111093067862 
31 44 0 20 0.110985832806 
133 177 0 20 0.109407220062 
39 87 0 20 0.101560493057 
105 212 0 20 0.100492096582 
62 187 0 20 0.0999206895269 
75 226 0 20 0.0976239035718 
64 141 0 20 0.0963976510245 
167 190 0 20 0.0960653522876 
37 166 0 20 0.095958325005 
176 234 0 20 0.0956716712743 
177 234 0 20 0.0956716712743 
81 218 0 20 0.095169886425 
200 227 0 20 0.0951257794838 
52 136 0 20 0.0939803623656 
74 232 0 20 0.0931454133893 
176 219 0 20 0.0923112810248 
67 73 0 20 0.0914333338495 
97 220 0 20 0.090893339099 
187 263 0 20 0.090258167955 
28 136 0 20 0.0871272677224 
155 223 0 20 0.0856373359939 
179 286 0 20 0.0845628220116 
33 261 0 20 0.0833724068472 
262 298 0 20 0.0832551830642 
194 249 0 20 0.0823110239366 
194 250 0 20 0.0823110239366 
59 290 0 20 0.0799909254715 
35 225 0 20 0.0795572923825 
133 258 0 20 0.0751041444706 
222 226 0 20 0.073548728897 
54 68 0 20 0.0699913347744 
65 179 0 20 0.066552678702 
59 123 0 20 0.0655784748087 
16 63 0 20 0.0613725456829 
136 146 0 20 0.0585296360173 
