0.00365471987252 244 313 0.0 20.0 999.9
0.00364145313181 242 313 0.0 20.0 999.9
0.00358735314399 243 313 0.0 20.0 999.9
0.00348368029813 246 313 0.0 20.0 999.9
0.00346696483701 239 312 0.0 20.0 7.36517477036
0.00345708133932 198 300 0.0 20.0 15.2255439758
0.00339951002861 242 312 0.0 20.0 10.7523918152
0.00339824015332 238 312 0.0 20.0 9.54778385162
0.00332226208532 155 238 0.0 20.0 15.7705898285
0.00331337179699 246 312 0.0 20.0 21.4577312469
0.00324577506405 239 318 0.0 20.0 999.9
0.00323333162038 72 126 0.0 20.0 9.61795520782
0.00323159835357 241 313 0.0 20.0 999.9
0.00322830936541 155 239 0.0 20.0 14.6882123947
0.00322727256302 239 314 0.0 20.0 999.9
0.00320817644541 244 316 0.0 20.0 999.9
0.00313778586577 242 314 0.0 20.0 999.9
0.00313457389773 239 313 0.0 20.0 999.9
0.00309377216131 242 311 0.0 20.0 9.91119670868
0.00309112567804 246 314 0.0 20.0 999.9
0.00309025342788 72 127 0.0 20.0 9.74038028717
0.00307735924002 198 295 0.0 20.0 17.2459850311
0.00307189437718 198 298 0.0 20.0 10.8453607559
0.00307070461163 246 316 0.0 20.0 999.9
0.00306445838833 155 246 0.0 20.0 21.8580589294
0.00305973774091 243 316 0.0 20.0 999.9
0.00305567636231 239 315 0.0 20.0 999.9
0.00305185586016 153 244 0.0 20.0 13.2987890244
0.00302819199678 246 318 0.0 20.0 999.9
0.00302346316154 238 311 0.0 20.0 9.80737686157
0.00302139320705 239 311 0.0 20.0 7.60315704346
0.00301009019861 158 239 0.0 20.0 20.2136249542
0.00300416735472 245 314 0.0 20.0 999.9
0.003000122453 245 313 0.0 20.0 999.9
0.0029989082959 155 242 0.0 20.0 13.4260644913
0.00299716018932 238 314 0.0 20.0 999.9
0.00299676625024 246 315 0.0 20.0 999.9
0.00298644279315 156 232 0.0 20.0 14.5813140869
0.00298582228963 213 236 0.0 20.0 14.4218959808
0.00297800112525 173 186 0.0 20.0 28.7308864594
0.00297169966432 70 186 0.0 20.0 13.8200235367
0.0029669043733 242 316 0.0 20.0 999.9
0.00295515387223 37 56 0.0 20.0 999.9
0.00294414153704 72 125 0.0 20.0 6.33784627914
0.00293317699873 240 316 0.0 20.0 999.9
0.00293282329946 239 310 0.0 20.0 10.2957735062
0.00293097058582 242 305 0.0 20.0 13.5433206558
0.00292688260666 70 126 0.0 20.0 13.811794281
0.00292568923595 72 128 0.0 20.0 9.32773399353
0.00291162794525 233 317 0.0 20.0 999.9
0.00290991919233 250 315 0.0 20.0 999.9
0.0029051609786 158 245 0.0 20.0 17.5071163177
0.00289925857169 247 313 0.0 20.0 999.9
0.0028778937559 247 316 0.0 20.0 999.9
0.00286151004409 73 127 0.0 20.0 10.8019533157
0.00286041432884 242 318 0.0 20.0 999.9
0.00284275140557 33 56 0.0 20.0 999.9
0.00283988616289 238 310 0.0 20.0 13.1580734253
0.00283576327354 249 318 0.0 20.0 999.9
0.00282670954335 37 50 0.0 20.0 999.9
0.00282416363318 256 303 0.0 20.0 6.97382307053
0.00281125552875 250 311 0.0 20.0 31.0267314911
0.00280730065937 69 186 0.0 20.0 17.2890338898
0.00280537118823 242 310 0.0 20.0 8.97543239594
0.00280434962205 69 123 0.0 20.0 11.2008600235
0.00279510810752 242 300 0.0 20.0 18.2014961243
0.00279216307786 33 58 0.0 20.0 999.9
0.0027870091523 245 312 0.0 20.0 18.3406639099
0.00278503083295 248 313 0.0 20.0 999.9
0.00277783215192 110 218 0.0 20.0 6.98361444473
0.00276622514949 161 239 0.0 20.0 21.282989502
0.00276568421063 222 234 0.0 20.0 18.6020374298
0.00275800569144 243 300 0.0 20.0 17.4679088593
0.00272624630837 241 300 0.0 20.0 21.3916358948
0.00271656417653 35 56 0.0 20.0 999.9
0.00271080268375 71 127 0.0 20.0 13.5288076401
0.0027001956586 35 58 0.0 20.0 999.9
0.0026986525495 70 182 0.0 20.0 18.0698432922
0.0026952167183 256 304 0.0 20.0 5.69373226166
0.00269272852545 71 123 0.0 20.0 14.483543396
0.00268798601417 35 67 0.0 20.0 999.9
0.00266383120443 223 235 0.0 20.0 18.0772819519
0.00266353458379 71 186 0.0 20.0 15.6005239487
0.0026528502771 233 318 0.0 20.0 999.9
0.00263809550165 32 67 0.0 20.0 999.9
0.00263275173887 213 238 0.0 20.0 16.9398536682
0.00263200075029 70 185 0.0 20.0 16.2456092834
0.00262634013369 74 130 0.0 20.0 14.9498596191
0.00262600674143 180 301 0.0 20.0 16.9951515198
0.00262287184849 179 302 0.0 20.0 15.8579549789
0.00261570361316 239 302 0.0 20.0 26.9459533691
0.00261285673462 33 67 0.0 20.0 999.9
0.00260648839835 180 302 0.0 20.0 19.4499130249
0.00260052289865 35 59 0.0 20.0 999.9
0.00259276963869 70 184 0.0 20.0 19.3251037598
0.00259266102138 72 131 0.0 20.0 13.6992368698
0.00258636301043 214 238 0.0 20.0 20.7616081238
0.00258461235372 32 60 0.0 20.0 999.9
0.00257336285976 234 316 0.0 20.0 999.9
0.00256723865329 242 302 0.0 20.0 19.6502399445
0.00256510992675 256 305 0.0 20.0 9.26249217987
0.00256393597705 33 61 0.0 20.0 999.9
0.00255964962874 212 237 0.0 20.0 12.8563451767
0.00255954539705 186 304 0.0 20.0 25.6713104248
0.00255073399635 37 62 0.0 20.0 999.9
0.00253870414841 186 305 0.0 20.0 25.7707939148
0.00253250623441 37 61 0.0 20.0 999.9
0.00252949418971 219 233 0.0 20.0 18.7508945465
0.00252200597269 43 294 0.0 20.0 8.4294757843
0.00251991871385 235 316 0.0 20.0 999.9
0.00250632993843 214 236 0.0 20.0 18.1255836487
0.00250627521999 256 302 0.0 20.0 8.23963356018
0.00250553062752 158 222 0.0 20.0 12.9562454224
0.00250331834684 236 316 0.0 20.0 999.9
0.00249847434093 30 60 0.0 20.0 999.9
0.00249556081744 37 60 0.0 20.0 999.9
0.00249523353529 139 210 0.0 20.0 16.4535694122
0.00249463379251 42 294 0.0 20.0 6.97978019714
0.00248993982322 243 301 0.0 20.0 17.4845962524
0.00248622076211 37 58 0.0 20.0 999.9
0.00248104806562 179 300 0.0 20.0 14.944937706
0.00247336565447 229 316 0.0 20.0 999.9
0.00246848731622 31 44 0.0 20.0 999.9
0.00246631295134 31 58 0.0 20.0 999.9
0.00246501974063 179 299 0.0 20.0 13.3088941574
0.00246336692585 70 188 0.0 20.0 18.2232704163
0.0024543085151 88 110 0.0 20.0 9.34527015686
0.00245299724746 68 186 0.0 20.0 18.1573257446
0.00244848783895 40 67 0.0 20.0 18.5771331787
0.00244830144132 133 208 0.0 20.0 13.513379097
0.00244521641261 143 210 0.0 20.0 13.3112659454
0.0024417122745 38 58 0.0 20.0 999.9
0.00244043819133 37 66 0.0 20.0 999.9
0.00243826456231 236 318 0.0 20.0 999.9
0.00243033167415 135 205 0.0 20.0 9.03940391541
0.00242508783638 135 210 0.0 20.0 13.5671405792
0.00241802071617 43 301 0.0 20.0 12.0193023682
0.00240860297332 133 210 0.0 20.0 11.9342479706
0.0024032225196 37 67 0.0 20.0 999.9
0.00240297635784 37 59 0.0 20.0 999.9
0.00239592543268 66 186 0.0 20.0 14.3551082611
0.00239468970706 65 186 0.0 20.0 18.0718975067
0.0023924049714 38 57 0.0 20.0 999.9
0.00239014956902 88 109 0.0 20.0 6.14993667603
0.00238333931455 259 304 0.0 20.0 7.83961820602
0.00238002825092 36 186 0.0 20.0 999.9
0.00237086845142 133 207 0.0 20.0 10.3700447083
0.00235205780564 143 204 0.0 20.0 8.85349941254
0.00234954251115 135 212 0.0 20.0 18.0126342773
0.00233506757369 133 204 0.0 20.0 14.4765958786
0.00233169160279 134 210 0.0 20.0 12.4571313858
0.00232972269653 136 209 0.0 20.0 12.1341075897
0.00232863943605 68 187 0.0 20.0 19.7918243408
0.00232446868038 242 297 0.0 20.0 17.8111343384
0.00232103600154 153 222 0.0 20.0 14.1498823166
0.00232052369265 36 294 0.0 20.0 999.9
0.00231920739653 255 304 0.0 20.0 8.76621246338
0.00231902747815 36 66 0.0 20.0 999.9
0.00231847570179 212 236 0.0 20.0 12.3462457657
0.00231787027015 36 67 0.0 20.0 999.9
0.00231454211008 142 207 0.0 20.0 13.2316732407
0.00231359267274 136 210 0.0 20.0 13.2412452698
0.00230460593837 34 67 0.0 20.0 999.9
0.00230426347618 37 186 0.0 20.0 999.9
0.0023014416396 68 182 0.0 20.0 22.2163143158
0.00229378021878 176 304 0.0 20.0 12.7552604675
0.00229305307535 155 222 0.0 20.0 9.09237289429
0.00228741053723 185 198 0.0 20.0 12.4153394699
0.00227863261164 186 199 0.0 20.0 17.4085025787
0.00225967100427 40 66 0.0 20.0 19.7388706207
0.0022588682213 37 68 0.0 20.0 999.9
0.00225843239111 71 174 0.0 20.0 42.1448249817
0.00225199676165 133 215 0.0 20.0 18.117225647
0.00225182488138 109 218 0.0 20.0 9.63059043884
0.00224353945593 62 187 0.0 20.0 17.5257835388
0.00224210138358 27 66 0.0 20.0 999.9
0.00222193206371 32 66 0.0 20.0 999.9
0.0022166096805 37 63 0.0 20.0 999.9
0.00221615814309 136 217 0.0 20.0 22.695526123
0.00221462673454 111 218 0.0 20.0 10.1526489258
0.00221201789823 141 210 0.0 20.0 12.1836290359
0.00220935645936 65 179 0.0 20.0 28.5691699982
0.00220877282698 31 67 0.0 20.0 999.9
0.00220475095939 43 300 0.0 20.0 13.3591527939
0.00220291601056 38 64 0.0 20.0 999.9
0.00220004522142 42 300 0.0 20.0 14.6262512207
0.00219438910391 158 223 0.0 20.0 15.9463024139
0.00218415691489 259 303 0.0 20.0 10.1194629669
0.00217743848842 40 68 0.0 20.0 22.0762233734
0.00217494301228 32 300 0.0 20.0 999.9
0.0021742928605 41 301 0.0 20.0 17.2361774445
0.00216053268603 35 292 0.0 20.0 999.9
0.00215370244808 40 294 0.0 20.0 8.88962173462
0.00215015703605 42 299 0.0 20.0 17.0727405548
0.00214674048759 33 186 0.0 20.0 999.9
0.0021354299193 138 210 0.0 20.0 16.5838890076
0.00213466025993 39 192 0.0 20.0 31.0432662964
0.00213160250195 38 68 0.0 20.0 999.9
0.00212273009991 159 222 0.0 20.0 15.1502885818
0.00211673225302 31 294 0.0 20.0 999.9
0.00211492433503 47 294 0.0 20.0 15.7125663757
0.00211190457513 26 305 0.0 20.0 999.9
0.00211095884247 43 298 0.0 20.0 12.6331443787
0.00210716442064 31 66 0.0 20.0 999.9
0.00210340286369 47 303 0.0 20.0 17.1237220764
0.00209375562341 33 66 0.0 20.0 999.9
0.00209256910529 40 298 0.0 20.0 18.7325725555
0.00208612286675 57 299 0.0 20.0 17.478263855
0.00208485851662 43 299 0.0 20.0 15.4353599548
0.00207763358823 212 234 0.0 20.0 8.67982196808
0.0020675400341 157 220 0.0 20.0 13.5107164383
0.00206405690492 235 299 0.0 20.0 28.6749420166
0.00205931616708 58 299 0.0 20.0 21.1278076172
0.00204862873191 59 301 0.0 20.0 26.0806007385
0.00204712621818 30 67 0.0 20.0 999.9
0.00204289681399 41 299 0.0 20.0 20.1470432281
0.00204282809966 45 294 0.0 20.0 13.2397556305
0.00203943240197 163 222 0.0 20.0 21.1198272705
0.0020280627615 161 222 0.0 20.0 17.6328201294
0.00202527146871 41 294 0.0 20.0 9.0412311554
0.00202393909286 32 294 0.0 20.0 999.9
0.0020203337536 211 236 0.0 20.0 14.7265739441
0.00201707536774 29 299 0.0 20.0 999.9
0.00201443664209 45 301 0.0 20.0 13.3887901306
0.00201322916726 57 301 0.0 20.0 18.9216995239
0.00200926606597 37 292 0.0 20.0 999.9
0.00200858910342 108 218 0.0 20.0 13.1920518875
0.00200584759545 212 235 0.0 20.0 8.76110363007
0.00200526606653 44 301 0.0 20.0 13.4074144363
0.00200316706769 160 222 0.0 20.0 16.7798709869
0.00200161593653 104 218 0.0 20.0 24.0613918304
0.00200155138547 28 299 0.0 20.0 999.9
0.00199272864357 50 67 0.0 20.0 18.6439342499
0.0019893695657 44 294 0.0 20.0 10.3144922256
0.00198833775844 47 305 0.0 20.0 20.6153297424
0.00197302485459 246 261 0.0 20.0 17.64702034
0.00197050734841 208 250 0.0 20.0 43.3837776184
0.00197000093742 106 218 0.0 20.0 18.5193920135
0.00194429049365 210 248 0.0 20.0 38.0586738586
0.00194210398479 155 223 0.0 20.0 10.2146081924
0.00193987923251 47 295 0.0 20.0 15.8474168777
0.00193373074474 109 223 0.0 20.0 16.3722038269
0.00193143736764 109 212 0.0 20.0 17.7447757721
0.00191820291374 26 40 0.0 20.0 999.9
0.00191731168251 110 212 0.0 20.0 16.6684989929
0.00190848022533 175 261 0.0 20.0 12.7263717651
0.00190699369202 175 262 0.0 20.0 9.26264095306
0.00189708553041 174 260 0.0 20.0 10.976348877
0.0018939759376 117 215 0.0 20.0 22.61378479
0.0018860862188 117 221 0.0 20.0 26.6213493347
0.00187912084308 26 69 0.0 20.0 999.9
0.00187051828166 105 212 0.0 20.0 22.918056488
0.00186472829739 31 69 0.0 20.0 999.9
0.00184078619235 78 90 0.0 20.0 6.19426774979
0.0017881589487 51 67 0.0 20.0 15.9560527802
0.00177917941345 174 262 0.0 20.0 6.61013555527
0.00175233047164 77 90 0.0 20.0 8.52544307709
0.00174613338712 52 67 0.0 20.0 15.0209751129
0.00174534036251 167 190 0.0 20.0 19.9309082031
0.0017359942494 180 259 0.0 20.0 21.9517917633
0.00173424171049 87 218 0.0 20.0 10.3356285095
0.00171777645546 73 88 0.0 20.0 15.5628957748
0.0017113930753 66 159 0.0 20.0 38.6622695923
0.00171122742311 89 218 0.0 20.0 15.4006071091
0.00170802286451 29 70 0.0 20.0 999.9
0.00170395303347 36 70 0.0 20.0 999.9
0.00170068505293 175 260 0.0 20.0 12.5469293594
0.00170026589569 176 262 0.0 20.0 10.9871997833
0.00169921686783 179 259 0.0 20.0 18.8564796448
0.00169627106047 184 259 0.0 20.0 24.6479167938
0.00166817634682 49 62 0.0 20.0 24.1555213928
0.00166155132213 175 258 0.0 20.0 12.2560110092
0.00164221556766 28 68 0.0 20.0 999.9
0.00163696953153 177 262 0.0 20.0 14.5580196381
0.00163546196468 188 259 0.0 20.0 26.108537674
0.00163192769263 77 92 0.0 20.0 10.3150930405
0.00162926485815 88 218 0.0 20.0 12.2789669037
0.00162611298853 72 156 0.0 20.0 34.9518508911
0.00162268496544 70 93 0.0 20.0 8.52787971497
0.00160943445564 176 263 0.0 20.0 10.7148885727
0.00160538917577 80 97 0.0 20.0 17.2456893921
0.00159621027151 60 159 0.0 20.0 44.2998962402
0.00159596172854 190 263 0.0 20.0 24.389383316
0.0015935915 78 92 0.0 20.0 10.3146114349
0.00158798335547 156 313 0.0 20.0 999.9
0.00158726623243 68 93 0.0 20.0 13.3224086761
0.00158509516682 54 68 0.0 20.0 17.687292099
0.00156729873762 158 313 0.0 20.0 999.9
0.00156635917157 187 263 0.0 20.0 26.5822620392
0.00155995167091 77 97 0.0 20.0 13.9946975708
0.00153989270833 172 195 0.0 20.0 15.024394989
0.00153476954634 67 163 0.0 20.0 37.6765708923
0.00153469952183 172 196 0.0 20.0 13.6168661118
0.00150428284392 91 218 0.0 20.0 22.1578598022
0.00147670772658 97 224 0.0 20.0 36.0131034851
0.00147555827446 171 194 0.0 20.0 14.4092941284
0.0014511692741 81 218 0.0 20.0 15.9787731171
0.00144709891999 97 220 0.0 20.0 38.5017738342
0.00123403044493 93 123 0.0 20.0 18.4467468262
0.00122901164679 160 196 0.0 20.0 11.2135152817
0.00121627333805 160 197 0.0 20.0 9.88091754913
0.00120831819163 94 123 0.0 20.0 14.9807853699
0.00119236099637 92 124 0.0 20.0 17.6281471252
0.00115454953916 92 118 0.0 20.0 11.8938312531
0.00109209822133 49 134 0.0 20.0 37.5269508362
0.00103849760093 262 298 0.0 20.0 20.0715789795
0.00103438400755 52 136 0.0 20.0 34.5611534119
0.00103175783727 58 290 0.0 20.0 23.8146381378
0.000968168932966 59 290 0.0 20.0 26.7621517181
0.000908691558768 23 142 0.0 20.0 999.9
0.000870912559779 28 136 0.0 20.0 999.9
0.000851899078228 170 200 0.0 20.0 23.3474617004
0.000809986214943 35 160 0.0 20.0 999.9
0.000803481782309 71 232 0.0 20.0 38.1773910522
0.00079620038417 37 166 0.0 20.0 999.9
0.000790232987994 39 225 0.0 20.0 47.9522361755
0.000781294556921 75 226 0.0 20.0 33.682434082
0.000777879523221 74 232 0.0 20.0 33.1617736816
0.000761998890521 35 225 0.0 20.0 999.9
0.000714968847475 177 234 0.0 20.0 39.7867050171
0.000714968847475 176 234 0.0 20.0 40.947353363
0.000619503480618 194 250 0.0 20.0 18.5274333954
0.000619503480618 194 249 0.0 20.0 16.9266853333
0.000266342278479 158 274 0.0 20.0 12.2003126144
0.000229960093446 272 306 0.0 20.0 15.2572317123
0.000210485539835 278 299 0.0 20.0 23.6888523102
0.000179667948758 46 187 0.0 20.0 12.7126979828
0.00017965125222 177 226 0.0 20.0 35.4391593933
0.000173887152413 115 133 0.0 20.0 19.3465518951
0.000169702307947 106 239 0.0 20.0 25.963973999
0.000163615260677 277 290 0.0 20.0 28.3210544586
0.000163547486217 67 220 0.0 20.0 40.182964325
0.000153787375209 165 212 0.0 20.0 31.5154132843
0.000151013551323 167 179 0.0 20.0 12.4231939316
0.000150573369567 63 149 0.0 20.0 29.254491806
0.000148361619737 68 305 0.0 20.0 42.5435791016
0.000142913410153 74 316 0.0 20.0 999.9
0.000141490004843 46 164 0.0 20.0 18.0478191376
0.000137713042293 38 106 0.0 20.0 999.9
0.00013741433919 37 232 0.0 20.0 999.9
0.000131259470191 90 183 0.0 20.0 15.8887472153
0.000126791788931 163 294 0.0 20.0 29.4299468994
0.000125555529065 88 228 0.0 20.0 20.0388660431
0.000118884220575 133 177 0.0 20.0 38.9738502502
0.000110357799526 39 87 0.0 20.0 37.431438446
0.000104747745175 64 141 0.0 20.0 30.0477333069
0.000103365702411 200 227 0.0 20.0 18.7546157837
0.000100307408311 176 219 0.0 20.0 38.2038726807
9.18877673592e-05 179 286 0.0 20.0 11.6755037308
9.05942368326e-05 33 261 0.0 20.0 999.9
8.16097664512e-05 133 258 0.0 20.0 49.4881744385
7.12589704747e-05 59 123 0.0 20.0 15.6190471649
6.66887181128e-05 16 63 0.0 20.0 999.9
