313 326 0 20 1.0 
310 326 0 20 0.996743380464 
413 417 0 20 0.985682489939 
180 322 0 20 0.977923011253 
314 326 0 20 0.961219112264 
309 315 0 20 0.919226534727 
322 331 0 20 0.874424139054 
63 70 0 20 0.872601605518 
323 331 0 20 0.863395839766 
303 326 0 20 0.853913110898 
322 326 0 20 0.825425985837 
308 326 0 20 0.819696090215 
307 315 0 20 0.773733079676 
363 366 0 20 0.770332510621 
307 312 0 20 0.758262053289 
407 415 0 20 0.742082686782 
394 417 0 20 0.738439719621 
411 415 0 20 0.727023751923 
402 406 0 20 0.725619379155 
309 326 0 20 0.72373452923 
315 325 0 20 0.711486991417 
277 289 0 20 0.710069326264 
315 326 0 20 0.709075177595 
263 326 0 20 0.708094758875 
180 315 0 20 0.706751039241 
285 289 0 20 0.706551153206 
394 401 0 20 0.70627263678 
344 414 0 20 0.697308077642 
69 146 0 20 0.694472264666 
402 407 0 20 0.69332747458 
286 289 0 20 0.680054553635 
193 199 0 20 0.677840298877 
339 409 0 20 0.673164993732 
284 289 0 20 0.667035968301 
308 315 0 20 0.662016416525 
326 331 0 20 0.653355577571 
313 328 0 20 0.650898323113 
307 314 0 20 0.649271949044 
63 71 0 20 0.635141502848 
326 366 0 20 0.632719616165 
177 181 0 20 0.629841821964 
69 81 0 20 0.626003153743 
293 401 0 20 0.618002503287 
180 326 0 20 0.616020334643 
308 313 0 20 0.610013559051 
393 417 0 20 0.606678664322 
264 334 0 20 0.599603085824 
403 417 0 20 0.597966683849 
327 366 0 20 0.596668893551 
184 264 0 20 0.594773542134 
180 264 0 20 0.582514465877 
182 322 0 20 0.579142241754 
401 415 0 20 0.578982816065 
305 326 0 20 0.568575552992 
304 326 0 20 0.564101546251 
307 326 0 20 0.555804728072 
181 315 0 20 0.550228725261 
344 411 0 20 0.548115337575 
307 328 0 20 0.545703157934 
263 401 0 20 0.543006165782 
255 326 0 20 0.539033214929 
315 328 0 20 0.534517170871 
181 264 0 20 0.533182023593 
343 411 0 20 0.530953378193 
395 401 0 20 0.525932337384 
401 407 0 20 0.523803453109 
307 323 0 20 0.52340127039 
302 315 0 20 0.520988383213 
185 401 0 20 0.520360463024 
405 407 0 20 0.51469150487 
322 325 0 20 0.513711460966 
260 314 0 20 0.51323171147 
63 72 0 20 0.510692765141 
70 80 0 20 0.504854795023 
257 401 0 20 0.499097931735 
319 326 0 20 0.495712942718 
338 401 0 20 0.495675341148 
344 417 0 20 0.492350928324 
264 302 0 20 0.489668782483 
276 290 0 20 0.488278970927 
407 416 0 20 0.483416828387 
339 407 0 20 0.482853292684 
326 363 0 20 0.481298962694 
318 326 0 20 0.48117042825 
264 293 0 20 0.480817633123 
313 325 0 20 0.47617801477 
407 417 0 20 0.475281411063 
402 417 0 20 0.465786843885 
326 364 0 20 0.463600018258 
404 415 0 20 0.463452689 
287 289 0 20 0.459204770882 
307 327 0 20 0.453413768691 
309 322 0 20 0.451448127491 
256 326 0 20 0.45029334631 
302 399 0 20 0.450124405676 
370 401 0 20 0.449120489572 
195 199 0 20 0.448788951076 
310 315 0 20 0.447413609272 
169 264 0 20 0.447249763402 
68 70 0 20 0.447163663828 
195 401 0 20 0.446985714309 
70 79 0 20 0.446827920721 
393 401 0 20 0.442544767063 
326 362 0 20 0.440892756671 
257 326 0 20 0.438770083225 
315 330 0 20 0.438446892566 
182 401 0 20 0.435711793698 
258 401 0 20 0.434727197777 
263 315 0 20 0.432228655701 
302 402 0 20 0.430704668822 
364 399 0 20 0.42648132305 
343 414 0 20 0.422640366104 
406 416 0 20 0.418836907837 
297 316 0 20 0.418456615872 
323 326 0 20 0.416439017164 
254 400 0 20 0.416193423724 
322 333 0 20 0.414243247941 
307 313 0 20 0.411508986758 
166 401 0 20 0.410031972305 
264 303 0 20 0.409992279752 
302 400 0 20 0.409404733318 
298 316 0 20 0.409191011872 
406 415 0 20 0.406211067373 
180 196 0 20 0.404015384475 
395 400 0 20 0.401269766005 
264 300 0 20 0.397148490607 
221 229 0 20 0.396857759883 
175 264 0 20 0.394908720632 
180 406 0 20 0.391648831248 
170 264 0 20 0.388467515694 
406 419 0 20 0.388453820903 
181 322 0 20 0.386425586218 
406 418 0 20 0.386352442697 
264 291 0 20 0.385293294295 
166 264 0 20 0.384912065585 
180 401 0 20 0.383993605642 
260 264 0 20 0.383436961554 
363 401 0 20 0.380041094048 
321 326 0 20 0.380025502926 
279 290 0 20 0.377222225244 
339 408 0 20 0.374854301144 
295 302 0 20 0.371461170612 
403 407 0 20 0.36871274892 
260 327 0 20 0.368152072473 
254 401 0 20 0.362515997495 
264 394 0 20 0.3600943535 
366 400 0 20 0.359636100053 
261 326 0 20 0.359487623995 
316 326 0 20 0.359484984087 
338 400 0 20 0.358929460011 
361 401 0 20 0.355531159795 
306 315 0 20 0.354385099311 
345 414 0 20 0.354229614784 
393 419 0 20 0.349395528007 
364 402 0 20 0.34791721274 
234 326 0 20 0.346484958558 
327 331 0 20 0.34529154034 
217 229 0 20 0.343878699096 
265 302 0 20 0.341435922376 
166 400 0 20 0.34085993686 
47 72 0 20 0.338412082584 
309 313 0 20 0.336480325116 
334 340 0 20 0.333516063892 
302 325 0 20 0.33296219668 
38 249 0 20 0.33166130473 
175 401 0 20 0.329968259486 
315 394 0 20 0.327882666771 
37 260 0 20 0.327559622623 
303 366 0 20 0.327214709145 
71 85 0 20 0.327001698835 
71 196 0 20 0.326366735236 
73 85 0 20 0.325796346645 
307 364 0 20 0.320500183735 
343 417 0 20 0.319875200196 
177 182 0 20 0.316935830172 
47 195 0 20 0.315634386138 
183 315 0 20 0.315256594311 
400 417 0 20 0.315242060662 
291 316 0 20 0.314805616916 
302 365 0 20 0.311372430205 
57 69 0 20 0.308487665041 
302 326 0 20 0.307741886658 
38 260 0 20 0.306888598339 
264 281 0 20 0.306376636846 
262 326 0 20 0.299704427664 
309 316 0 20 0.29863929768 
70 82 0 20 0.297234833511 
307 365 0 20 0.295960733762 
306 313 0 20 0.293736538342 
345 352 0 20 0.292652327119 
404 417 0 20 0.288075111498 
221 264 0 20 0.287254815364 
258 326 0 20 0.287242908758 
401 408 0 20 0.283455258345 
346 417 0 20 0.280944735414 
408 415 0 20 0.279127277673 
327 393 0 20 0.278212919921 
313 331 0 20 0.275739537373 
193 202 0 20 0.273662095819 
70 85 0 20 0.271971474185 
47 61 0 20 0.268198376658 
360 366 0 20 0.268002807985 
310 322 0 20 0.265910014148 
322 395 0 20 0.26354969386 
315 327 0 20 0.259078481536 
314 393 0 20 0.255890166887 
65 70 0 20 0.252691835033 
263 322 0 20 0.252142881446 
325 366 0 20 0.248882444572 
307 361 0 20 0.242192249458 
351 354 0 20 0.240320707435 
342 417 0 20 0.238104585266 
344 406 0 20 0.237260990609 
307 321 0 20 0.236154347948 
352 406 0 20 0.235999995512 
254 326 0 20 0.234234873222 
401 406 0 20 0.229268037831 
322 332 0 20 0.227576056597 
313 329 0 20 0.222112113708 
316 332 0 20 0.220415805068 
297 322 0 20 0.220252712599 
291 404 0 20 0.219182388101 
174 264 0 20 0.217361736071 
175 322 0 20 0.216516921926 
187 316 0 20 0.216289440028 
358 401 0 20 0.215461757342 
345 416 0 20 0.215196537773 
202 319 0 20 0.21315785646 
1 74 0 20 0.208263634422 
296 322 0 20 0.204853156227 
177 183 0 20 0.2041325828 
264 393 0 20 0.200715470538 
187 355 0 20 0.196359653984 
352 407 0 20 0.195657557504 
190 355 0 20 0.195290497889 
310 360 0 20 0.194010137418 
182 326 0 20 0.192821379844 
226 263 0 20 0.185963891486 
181 400 0 20 0.185684218214 
348 349 0 20 0.183144914892 
260 324 0 20 0.18176655883 
312 370 0 20 0.181728988081 
359 401 0 20 0.18144524678 
322 366 0 20 0.180972606171 
307 366 0 20 0.176033777879 
3 214 0 20 0.170545385497 
182 400 0 20 0.168309251322 
142 400 0 20 0.166553611172 
6 418 0 20 0.165193758209 
352 414 0 20 0.161564816549 
46 49 0 20 0.159003783096 
307 367 0 20 0.156679647543 
3 418 0 20 0.156478073191 
72 194 0 20 0.154319958821 
307 357 0 20 0.152585121416 
3 416 0 20 0.150733507379 
70 294 0 20 0.148237525219 
240 264 0 20 0.147377665838 
260 294 0 20 0.145043378593 
50 179 0 20 0.143073792961 
83 368 0 20 0.133718129994 
2 220 0 20 0.130270895021 
296 326 0 20 0.129932147774 
221 316 0 20 0.128236857782 
347 414 0 20 0.127219694113 
303 322 0 20 0.126383643046 
259 331 0 20 0.126150777088 
184 338 0 20 0.125082982854 
137 148 0 20 0.125013746126 
222 288 0 20 0.120151231996 
304 322 0 20 0.110168568965 
55 214 0 20 0.110019824462 
297 331 0 20 0.109439291002 
211 294 0 20 0.101862946746 
72 383 0 20 0.101046805602 
265 417 0 20 0.0985233881896 
25 211 0 20 0.087371027256 
237 326 0 20 0.0747809433837 
