0.00563696781965 277 289 0.0 20.0 10.3100318909
0.00558770766044 313 326 0.0 20.0 16.7936840057
0.00558317751386 310 326 0.0 20.0 10.6213207245
0.00553376119726 314 326 0.0 20.0 17.7147655487
0.00538449232827 303 326 0.0 20.0 11.5691804886
0.00536296285293 276 290 0.0 20.0 9.78192234039
0.00533689446875 308 326 0.0 20.0 11.1934118271
0.00520340637402 309 326 0.0 20.0 12.7374782562
0.00515250619956 394 417 0.0 20.0 999.9
0.00511698128572 180 322 0.0 20.0 49.4137268066
0.00510208698861 313 328 0.0 20.0 20.6924743652
0.00498757124268 305 326 0.0 20.0 6.8924870491
0.00498134763993 304 326 0.0 20.0 10.6827249527
0.00496980628483 307 326 0.0 20.0 7.63336229324
0.00496331138978 403 417 0.0 20.0 999.9
0.00495575441512 307 328 0.0 20.0 10.9016799927
0.00494019405861 315 328 0.0 20.0 18.9561042786
0.00493774314294 401 415 0.0 20.0 21.6480369568
0.00492473119659 307 323 0.0 20.0 7.98071432114
0.00485904091024 313 325 0.0 20.0 17.2618217468
0.00482737452418 307 327 0.0 20.0 7.45475912094
0.00482464020331 309 322 0.0 20.0 14.8595190048
0.00480655473178 315 330 0.0 20.0 24.6154556274
0.00478528619413 402 417 0.0 20.0 999.9
0.00477362924563 302 315 0.0 20.0 18.6647853851
0.00476751428088 180 315 0.0 20.0 45.1575927734
0.00470772774397 393 417 0.0 20.0 999.9
0.00468113092695 406 419 0.0 20.0 999.9
0.00467830070513 406 418 0.0 20.0 999.9
0.00465058705073 180 326 0.0 20.0 49.0967292786
0.00460306120737 182 322 0.0 20.0 53.9204559326
0.0045825263444 400 417 0.0 20.0 999.9
0.0045802193677 313 331 0.0 20.0 26.9521102905
0.00456654593102 310 322 0.0 20.0 11.551571846
0.00456579953931 181 315 0.0 20.0 48.6624603271
0.0045570428731 315 327 0.0 20.0 16.013879776
0.00454593679003 404 417 0.0 20.0 999.9
0.00452515407424 307 321 0.0 20.0 13.301525116
0.00451219571122 302 325 0.0 20.0 12.4331989288
0.00450562051231 313 329 0.0 20.0 23.2010784149
0.0045017859802 57 69 0.0 20.0 18.391658783
0.004477129134 302 326 0.0 20.0 9.38114929199
0.0044721224109 260 314 0.0 20.0 37.1127052307
0.00446855122101 298 316 0.0 20.0 24.1732845306
0.00443719362375 316 332 0.0 20.0 27.5363826752
0.00441131475561 263 315 0.0 20.0 31.0034046173
0.00437245665974 303 322 0.0 20.0 16.6472816467
0.00436212504803 393 419 0.0 20.0 999.9
0.00435470179215 181 322 0.0 20.0 53.1131591797
0.00435435538219 184 264 0.0 20.0 51.811706543
0.00434990055161 304 322 0.0 20.0 16.4400444031
0.00434671628899 263 401 0.0 20.0 22.3182220459
0.004338936914 180 264 0.0 20.0 50.3940391541
0.00433370915722 326 366 0.0 20.0 18.0788211823
0.00429564000151 257 401 0.0 20.0 24.783203125
0.00428917125549 327 366 0.0 20.0 17.8220233917
0.00427689058388 181 264 0.0 20.0 53.851436615
0.00426298429549 183 315 0.0 20.0 45.0137405396
0.00422076069506 258 401 0.0 20.0 24.2918205261
0.00419920126795 254 400 0.0 20.0 26.1886177063
0.00416881198211 169 264 0.0 20.0 33.4799690247
0.0041466405579 326 363 0.0 20.0 16.8557987213
0.00413676096005 254 401 0.0 20.0 25.8713436127
0.00413573568159 175 322 0.0 20.0 37.6790046692
0.00413544251922 187 316 0.0 20.0 34.1708717346
0.00412477487004 326 364 0.0 20.0 15.9187850952
0.00412363057742 297 316 0.0 20.0 27.8857917786
0.00410519856502 182 326 0.0 20.0 53.9486999512
0.00410298167921 175 264 0.0 20.0 44.5792922974
0.00409672179061 326 362 0.0 20.0 14.0840978622
0.00409488045597 170 264 0.0 20.0 35.7581863403
0.00409040870024 166 264 0.0 20.0 28.4908657074
0.00408588391541 293 401 0.0 20.0 30.0046157837
0.00407810908154 344 414 0.0 20.0 5.00579023361
0.00406328119813 302 399 0.0 20.0 16.3650531769
0.00404567821566 339 409 0.0 20.0 9.43229675293
0.0040440598619 302 402 0.0 20.0 23.8017120361
0.0040414281451 69 81 0.0 20.0 19.5134391785
0.00402297753595 302 400 0.0 20.0 19.2220897675
0.00394915657433 263 326 0.0 20.0 17.3521747589
0.00387967753479 174 264 0.0 20.0 42.0498275757
0.00387770180293 344 411 0.0 20.0 10.2766609192
0.00385950778238 325 366 0.0 20.0 21.6591453552
0.00385464852585 343 411 0.0 20.0 9.12650489807
0.0038485717075 297 322 0.0 20.0 22.1676120758
0.00380726032589 338 401 0.0 20.0 12.4698934555
0.00380625743129 264 334 0.0 20.0 9.85496902466
0.00380279471633 344 417 0.0 20.0 999.9
0.0037900367543 339 407 0.0 20.0 8.93860530853
0.00378649624594 291 404 0.0 20.0 32.0226249695
0.00377561038755 322 366 0.0 20.0 23.5111713409
0.00376063301649 296 322 0.0 20.0 23.2373943329
0.00372647819661 255 326 0.0 20.0 25.53881073
0.00370915407363 343 414 0.0 20.0 6.00631332397
0.00369903850104 264 302 0.0 20.0 16.9309215546
0.00369478959719 297 331 0.0 20.0 15.9019298553
0.00368810358513 264 293 0.0 20.0 18.5472011566
0.00367203478903 71 85 0.0 20.0 23.9291915894
0.00367054566889 73 85 0.0 20.0 19.1081008911
0.00365669363472 296 326 0.0 20.0 18.6463871002
0.00364772879199 291 316 0.0 20.0 30.1147518158
0.00364496411888 339 408 0.0 20.0 6.52405023575
0.00363526011085 70 82 0.0 20.0 20.7603778839
0.00362357263514 338 400 0.0 20.0 14.1607351303
0.00361725943792 345 414 0.0 20.0 6.91426849365
0.00360959502187 256 326 0.0 20.0 25.4339122772
0.00360404916878 70 85 0.0 20.0 25.3022403717
0.00360060429526 264 303 0.0 20.0 18.3726291656
0.00359441722643 257 326 0.0 20.0 25.4555511475
0.00358473677923 264 300 0.0 20.0 16.0792770386
0.0035711119194 343 417 0.0 20.0 999.9
0.0035700905938 264 291 0.0 20.0 20.6952037811
0.00355925902437 166 401 0.0 20.0 43.2440185547
0.00351881749476 346 417 0.0 20.0 999.9
0.00351590817584 265 302 0.0 20.0 15.0099258423
0.00350733272051 166 400 0.0 20.0 41.5281333923
0.00350140314585 260 327 0.0 20.0 19.3296070099
0.00348999082058 261 326 0.0 20.0 21.0591335297
0.00346642434667 185 401 0.0 20.0 61.4456977844
0.00346599573204 217 229 0.0 20.0 21.0881938934
0.00346127127701 342 417 0.0 20.0 999.9
0.00346013809513 344 406 0.0 20.0 17.0270996094
0.00343049940799 345 416 0.0 20.0 999.9
0.00341124774948 262 326 0.0 20.0 17.3508682251
0.00339483413614 258 326 0.0 20.0 22.933298111
0.00336184741055 182 401 0.0 20.0 69.5146331787
0.00335845711362 352 414 0.0 20.0 16.3518199921
0.00334860235002 263 322 0.0 20.0 23.3543624878
0.00332501492661 254 326 0.0 20.0 28.5227031708
0.00331232207704 347 414 0.0 20.0 12.0342731476
0.00330741100127 180 406 0.0 20.0 65.9945068359
0.00329795355739 180 401 0.0 20.0 64.8140563965
0.0032732802566 260 294 0.0 20.0 16.2328872681
0.00325590660749 260 324 0.0 20.0 24.4720134735
0.00323120938742 175 401 0.0 20.0 58.6640930176
0.00318265262101 259 331 0.0 20.0 13.049041748
0.0031395275021 370 401 0.0 20.0 21.7919425964
0.00311035176665 364 399 0.0 20.0 7.79843997955
0.0030529575249 181 400 0.0 20.0 65.694770813
0.00305050292751 363 401 0.0 20.0 9.61697769165
0.00303149208644 182 400 0.0 20.0 67.005027771
0.00302420643351 366 400 0.0 20.0 8.47620868683
0.00301891628067 361 401 0.0 20.0 12.5149030685
0.00300910397134 364 402 0.0 20.0 11.7332649231
0.00299738941552 37 260 0.0 20.0 16.4106407166
0.00298187201921 38 260 0.0 20.0 15.008980751
0.00286487308197 352 406 0.0 20.0 26.0998935699
0.00283840487243 358 401 0.0 20.0 11.622918129
0.00281288263888 352 407 0.0 20.0 22.4581623077
0.0027945668313 359 401 0.0 20.0 11.1901168823
0.00278005366093 315 394 0.0 20.0 25.3499317169
0.00272601008103 314 393 0.0 20.0 27.8549232483
0.00270564118169 264 394 0.0 20.0 19.443983078
0.00258599808818 264 393 0.0 20.0 22.431180954
0.00256239363627 327 393 0.0 20.0 19.6057720184
0.00255138619479 322 395 0.0 20.0 23.0104923248
0.00234733942719 303 366 0.0 20.0 9.38812065125
0.00233868622802 307 364 0.0 20.0 15.0966644287
0.00233630825032 71 196 0.0 20.0 27.8338699341
0.00232692303338 302 365 0.0 20.0 14.7374296188
0.00230706154344 307 365 0.0 20.0 16.1448097229
0.00227488326207 221 264 0.0 20.0 57.7808227539
0.00223776857402 307 361 0.0 20.0 14.1288223267
0.00220715557855 72 194 0.0 20.0 24.3376579285
0.00219884583947 226 263 0.0 20.0 55.4140281677
0.00217567492084 310 360 0.0 20.0 22.10587883
0.00215984785567 312 370 0.0 20.0 29.2145671844
0.00215250827689 307 366 0.0 20.0 14.5280981064
0.00212756606066 307 367 0.0 20.0 16.2362308502
0.00212228932881 307 357 0.0 20.0 19.6740112305
0.00209628341294 234 326 0.0 20.0 42.8740921021
0.00189231969899 237 326 0.0 20.0 34.0175361633
0.00185642956928 187 355 0.0 20.0 47.5743217468
0.00185562697147 190 355 0.0 20.0 44.2370567322
0.0015055073173 6 418 0.0 20.0 999.9
0.00149688067557 3 418 0.0 20.0 999.9
0.00149119479878 3 416 0.0 20.0 999.9
0.00144704975454 3 214 0.0 20.0 999.9
0.00141681636012 2 220 0.0 20.0 999.9
0.00097951255133 69 146 0.0 20.0 8.87407493591
0.000630447232679 195 401 0.0 20.0 51.375667572
0.000569840093203 180 196 0.0 20.0 32.7174682617
0.000477310469084 47 72 0.0 20.0 12.7903556824
0.000467788891367 38 249 0.0 20.0 17.1587562561
0.000445183859146 47 195 0.0 20.0 24.8790798187
0.0004321263447 264 281 0.0 20.0 29.4706535339
0.000378278139458 47 61 0.0 20.0 21.3909378052
0.000300646701733 202 319 0.0 20.0 28.0557041168
0.000293743687518 1 74 0.0 20.0 999.9
0.000234914136839 142 400 0.0 20.0 57.3425559998
0.000209080367809 70 294 0.0 20.0 28.7125091553
0.000207867586394 240 264 0.0 20.0 21.4643802643
0.000201797225177 50 179 0.0 20.0 27.9902648926
0.000188601609212 83 368 0.0 20.0 31.0807037354
0.000180870595028 221 316 0.0 20.0 45.4838371277
0.000176422238723 184 338 0.0 20.0 61.0379676819
0.000169466292299 222 288 0.0 20.0 35.8615264893
0.00015517653395 55 214 0.0 20.0 27.9386863708
0.000143671734538 211 294 0.0 20.0 19.8476104736
0.000142520615142 72 383 0.0 20.0 29.9826717377
0.000138961482325 265 417 0.0 20.0 999.9
0.00012323172886 25 211 0.0 20.0 999.9
