277 289 0 20 0.00563696781965 
285 289 0 20 0.00563262138677 
286 289 0 20 0.00559988687101 
313 326 0 20 0.00558770766044 
284 289 0 20 0.0055838034077 
310 326 0 20 0.00558317751386 
314 326 0 20 0.00553376119726 
303 326 0 20 0.00538449232827 
276 290 0 20 0.00536296285293 
308 326 0 20 0.00533689446875 
309 315 0 20 0.00532734364792 
287 289 0 20 0.00532704390955 
279 290 0 20 0.00522576076469 
309 326 0 20 0.00520340637402 
315 325 0 20 0.00518636933887 
315 326 0 20 0.00518301436602 
63 70 0 20 0.00518182850318 
407 415 0 20 0.0051574126962 
394 417 0 20 0.00515250619956 
411 415 0 20 0.00513713070899 
307 315 0 20 0.00512504805872 
180 322 0 20 0.00511698128572 
313 328 0 20 0.00510208698861 
363 366 0 20 0.00506388871953 
322 331 0 20 0.00503047920986 
413 417 0 20 0.00502423303074 
305 326 0 20 0.00498757124268 
304 326 0 20 0.00498134763993 
307 326 0 20 0.00496980628483 
308 315 0 20 0.00496971606673 
403 417 0 20 0.00496331138978 
322 326 0 20 0.0049624219714 
307 328 0 20 0.00495575441512 
315 328 0 20 0.00494019405861 
401 415 0 20 0.00493774314294 
402 406 0 20 0.00492746644036 
307 323 0 20 0.00492473119659 
394 401 0 20 0.00490231671714 
63 71 0 20 0.00489556901597 
402 407 0 20 0.00488548870341 
307 312 0 20 0.00488441938159 
313 325 0 20 0.00485904091024 
307 327 0 20 0.00482737452418 
309 322 0 20 0.00482464020331 
319 326 0 20 0.00482006020754 
407 416 0 20 0.00480903097579 
315 330 0 20 0.00480655473178 
318 326 0 20 0.00479983535929 
407 417 0 20 0.00479807386417 
402 417 0 20 0.00478528619413 
404 415 0 20 0.0047821424592 
302 315 0 20 0.00477362924563 
180 315 0 20 0.00476751428088 
63 72 0 20 0.00474554536384 
307 314 0 20 0.00473299363436 
406 416 0 20 0.00472205210674 
393 417 0 20 0.00470772774397 
406 415 0 20 0.00470504711022 
360 366 0 20 0.00468679811338 
406 419 0 20 0.00468113092695 
308 313 0 20 0.00467844986563 
406 418 0 20 0.00467830070513 
310 315 0 20 0.00467133012682 
68 70 0 20 0.00466896067546 
395 401 0 20 0.0046678840397 
401 407 0 20 0.00466511660479 
405 407 0 20 0.00465327156278 
180 326 0 20 0.00465058705073 
316 326 0 20 0.00463060261426 
309 316 0 20 0.00461207426191 
182 322 0 20 0.00460306120737 
193 199 0 20 0.00459492545882 
400 417 0 20 0.0045825263444 
313 331 0 20 0.0045802193677 
310 322 0 20 0.00456654593102 
181 315 0 20 0.00456579953931 
393 401 0 20 0.00455948468891 
315 327 0 20 0.0045570428731 
404 417 0 20 0.00454593679003 
306 315 0 20 0.00454198233432 
321 326 0 20 0.0045351134892 
408 415 0 20 0.00453388548275 
323 331 0 20 0.00453245228196 
322 325 0 20 0.00452945810725 
307 321 0 20 0.00452515407424 
302 325 0 20 0.00451219571122 
395 400 0 20 0.0045058294103 
313 329 0 20 0.00450562051231 
57 69 0 20 0.0045017859802 
302 326 0 20 0.004477129134 
260 314 0 20 0.0044721224109 
298 316 0 20 0.00446855122101 
403 407 0 20 0.00446350704137 
316 332 0 20 0.00443719362375 
65 70 0 20 0.00443452379381 
263 315 0 20 0.00441131475561 
307 313 0 20 0.00440265690813 
303 322 0 20 0.00437245665974 
195 199 0 20 0.00436821420085 
393 419 0 20 0.00436212504803 
181 322 0 20 0.00435470179215 
184 264 0 20 0.00435435538219 
401 408 0 20 0.00435267689495 
304 322 0 20 0.00434990055161 
263 401 0 20 0.00434671628899 
180 264 0 20 0.004338936914 
326 366 0 20 0.00433370915722 
309 313 0 20 0.00429841559896 
257 401 0 20 0.00429564000151 
327 366 0 20 0.00428917125549 
401 406 0 20 0.0042822364264 
181 264 0 20 0.00427689058388 
183 315 0 20 0.00426298429549 
306 313 0 20 0.00423902938315 
258 401 0 20 0.00422076069506 
254 400 0 20 0.00419920126795 
193 202 0 20 0.00419487651896 
169 264 0 20 0.00416881198211 
326 363 0 20 0.0041466405579 
254 401 0 20 0.00413676096005 
175 322 0 20 0.00413573568159 
187 316 0 20 0.00413544251922 
322 332 0 20 0.00413202301693 
326 364 0 20 0.00412477487004 
297 316 0 20 0.00412363057742 
182 326 0 20 0.00410519856502 
175 264 0 20 0.00410298167921 
326 362 0 20 0.00409672179061 
170 264 0 20 0.00409488045597 
166 264 0 20 0.00409040870024 
293 401 0 20 0.00408588391541 
344 414 0 20 0.00407810908154 
302 399 0 20 0.00406328119813 
339 409 0 20 0.00404567821566 
302 402 0 20 0.0040440598619 
69 81 0 20 0.0040414281451 
302 400 0 20 0.00402297753595 
322 333 0 20 0.00397684888177 
263 326 0 20 0.00394915657433 
323 326 0 20 0.00391301500119 
70 80 0 20 0.00389175864325 
174 264 0 20 0.00387967753479 
344 411 0 20 0.00387770180293 
325 366 0 20 0.00385950778238 
343 411 0 20 0.00385464852585 
177 181 0 20 0.0038534697436 
297 322 0 20 0.0038485717075 
70 79 0 20 0.00382007089227 
338 401 0 20 0.00380726032589 
264 334 0 20 0.00380625743129 
344 417 0 20 0.00380279471633 
339 407 0 20 0.0037900367543 
291 404 0 20 0.00378649624594 
322 366 0 20 0.00377561038755 
296 322 0 20 0.00376063301649 
255 326 0 20 0.00372647819661 
343 414 0 20 0.00370915407363 
264 302 0 20 0.00369903850104 
297 331 0 20 0.00369478959719 
264 293 0 20 0.00368810358513 
326 331 0 20 0.00368505833495 
71 85 0 20 0.00367203478903 
73 85 0 20 0.00367054566889 
296 326 0 20 0.00365669363472 
291 316 0 20 0.00364772879199 
339 408 0 20 0.00364496411888 
70 82 0 20 0.00363526011085 
338 400 0 20 0.00362357263514 
345 414 0 20 0.00361725943792 
256 326 0 20 0.00360959502187 
70 85 0 20 0.00360404916878 
264 303 0 20 0.00360060429526 
257 326 0 20 0.00359441722643 
264 300 0 20 0.00358473677923 
343 417 0 20 0.0035711119194 
264 291 0 20 0.0035700905938 
166 401 0 20 0.00355925902437 
177 182 0 20 0.00354376053775 
346 417 0 20 0.00351881749476 
265 302 0 20 0.00351590817584 
166 400 0 20 0.00350733272051 
221 229 0 20 0.00350576623743 
260 327 0 20 0.00350140314585 
261 326 0 20 0.00348999082058 
185 401 0 20 0.00346642434667 
217 229 0 20 0.00346599573204 
342 417 0 20 0.00346127127701 
344 406 0 20 0.00346013809513 
177 183 0 20 0.00343210973822 
345 416 0 20 0.00343049940799 
262 326 0 20 0.00341124774948 
258 326 0 20 0.00339483413614 
182 401 0 20 0.00336184741055 
352 414 0 20 0.00335845711362 
263 322 0 20 0.00334860235002 
254 326 0 20 0.00332501492661 
347 414 0 20 0.00331232207704 
180 406 0 20 0.00330741100127 
180 401 0 20 0.00329795355739 
260 294 0 20 0.0032732802566 
327 331 0 20 0.00325959314587 
260 324 0 20 0.00325590660749 
175 401 0 20 0.00323120938742 
259 331 0 20 0.00318265262101 
370 401 0 20 0.0031395275021 
364 399 0 20 0.00311035176665 
181 400 0 20 0.0030529575249 
363 401 0 20 0.00305050292751 
182 400 0 20 0.00303149208644 
366 400 0 20 0.00302420643351 
361 401 0 20 0.00301891628067 
364 402 0 20 0.00300910397134 
37 260 0 20 0.00299738941552 
38 260 0 20 0.00298187201921 
352 406 0 20 0.00286487308197 
358 401 0 20 0.00283840487243 
352 407 0 20 0.00281288263888 
359 401 0 20 0.0027945668313 
315 394 0 20 0.00278005366093 
314 393 0 20 0.00272601008103 
264 394 0 20 0.00270564118169 
264 393 0 20 0.00258599808818 
327 393 0 20 0.00256239363627 
322 395 0 20 0.00255138619479 
303 366 0 20 0.00234733942719 
307 364 0 20 0.00233868622802 
71 196 0 20 0.00233630825032 
302 365 0 20 0.00232692303338 
345 352 0 20 0.00230983770798 
307 365 0 20 0.00230706154344 
221 264 0 20 0.00227488326207 
351 354 0 20 0.00225804073126 
307 361 0 20 0.00223776857402 
72 194 0 20 0.00220715557855 
348 349 0 20 0.00220144907189 
226 263 0 20 0.00219884583947 
310 360 0 20 0.00217567492084 
312 370 0 20 0.00215984785567 
307 366 0 20 0.00215250827689 
307 367 0 20 0.00212756606066 
307 357 0 20 0.00212228932881 
234 326 0 20 0.00209628341294 
237 326 0 20 0.00189231969899 
187 355 0 20 0.00185642956928 
190 355 0 20 0.00185562697147 
6 418 0 20 0.0015055073173 
3 418 0 20 0.00149688067557 
3 416 0 20 0.00149119479878 
3 214 0 20 0.00144704975454 
2 220 0 20 0.00141681636012 
69 146 0 20 0.00097951255133 
195 401 0 20 0.000630447232679 
180 196 0 20 0.000569840093203 
260 264 0 20 0.000540815430069 
295 302 0 20 0.00052392427669 
47 72 0 20 0.000477310469084 
334 340 0 20 0.000470404920792 
38 249 0 20 0.000467788891367 
47 195 0 20 0.000445183859146 
264 281 0 20 0.0004321263447 
47 61 0 20 0.000378278139458 
202 319 0 20 0.000300646701733 
1 74 0 20 0.000293743687518 
142 400 0 20 0.000234914136839 
46 49 0 20 0.000224265545473 
70 294 0 20 0.000209080367809 
240 264 0 20 0.000207867586394 
50 179 0 20 0.000201797225177 
83 368 0 20 0.000188601609212 
221 316 0 20 0.000180870595028 
184 338 0 20 0.000176422238723 
137 148 0 20 0.000176324584364 
222 288 0 20 0.000169466292299 
55 214 0 20 0.00015517653395 
211 294 0 20 0.000143671734538 
72 383 0 20 0.000142520615142 
265 417 0 20 0.000138961482325 
25 211 0 20 0.00012323172886 
