1.0 313 326 0.0 20.0 16.7936840057
0.996743380464 310 326 0.0 20.0 10.6213207245
0.977923011253 180 322 0.0 20.0 49.4137268066
0.961219112264 314 326 0.0 20.0 17.7147655487
0.853913110898 303 326 0.0 20.0 11.5691804886
0.819696090215 308 326 0.0 20.0 11.1934118271
0.738439719621 394 417 0.0 20.0 999.9
0.72373452923 309 326 0.0 20.0 12.7374782562
0.710069326264 277 289 0.0 20.0 10.3100318909
0.708094758875 263 326 0.0 20.0 17.3521747589
0.706751039241 180 315 0.0 20.0 45.1575927734
0.697308077642 344 414 0.0 20.0 5.00579023361
0.694472264666 69 146 0.0 20.0 8.87407493591
0.673164993732 339 409 0.0 20.0 9.43229675293
0.650898323113 313 328 0.0 20.0 20.6924743652
0.632719616165 326 366 0.0 20.0 18.0788211823
0.626003153743 69 81 0.0 20.0 19.5134391785
0.618002503287 293 401 0.0 20.0 30.0046157837
0.616020334643 180 326 0.0 20.0 49.0967292786
0.606678664322 393 417 0.0 20.0 999.9
0.599603085824 264 334 0.0 20.0 9.85496902466
0.597966683849 403 417 0.0 20.0 999.9
0.596668893551 327 366 0.0 20.0 17.8220233917
0.594773542134 184 264 0.0 20.0 51.811706543
0.582514465877 180 264 0.0 20.0 50.3940391541
0.579142241754 182 322 0.0 20.0 53.9204559326
0.578982816065 401 415 0.0 20.0 21.6480369568
0.568575552992 305 326 0.0 20.0 6.8924870491
0.564101546251 304 326 0.0 20.0 10.6827249527
0.555804728072 307 326 0.0 20.0 7.63336229324
0.550228725261 181 315 0.0 20.0 48.6624603271
0.548115337575 344 411 0.0 20.0 10.2766609192
0.545703157934 307 328 0.0 20.0 10.9016799927
0.543006165782 263 401 0.0 20.0 22.3182220459
0.539033214929 255 326 0.0 20.0 25.53881073
0.534517170871 315 328 0.0 20.0 18.9561042786
0.533182023593 181 264 0.0 20.0 53.851436615
0.530953378193 343 411 0.0 20.0 9.12650489807
0.52340127039 307 323 0.0 20.0 7.98071432114
0.520988383213 302 315 0.0 20.0 18.6647853851
0.520360463024 185 401 0.0 20.0 61.4456977844
0.51323171147 260 314 0.0 20.0 37.1127052307
0.499097931735 257 401 0.0 20.0 24.783203125
0.495675341148 338 401 0.0 20.0 12.4698934555
0.492350928324 344 417 0.0 20.0 999.9
0.489668782483 264 302 0.0 20.0 16.9309215546
0.488278970927 276 290 0.0 20.0 9.78192234039
0.482853292684 339 407 0.0 20.0 8.93860530853
0.481298962694 326 363 0.0 20.0 16.8557987213
0.480817633123 264 293 0.0 20.0 18.5472011566
0.47617801477 313 325 0.0 20.0 17.2618217468
0.465786843885 402 417 0.0 20.0 999.9
0.463600018258 326 364 0.0 20.0 15.9187850952
0.453413768691 307 327 0.0 20.0 7.45475912094
0.451448127491 309 322 0.0 20.0 14.8595190048
0.45029334631 256 326 0.0 20.0 25.4339122772
0.450124405676 302 399 0.0 20.0 16.3650531769
0.449120489572 370 401 0.0 20.0 21.7919425964
0.447249763402 169 264 0.0 20.0 33.4799690247
0.446985714309 195 401 0.0 20.0 51.375667572
0.440892756671 326 362 0.0 20.0 14.0840978622
0.438770083225 257 326 0.0 20.0 25.4555511475
0.438446892566 315 330 0.0 20.0 24.6154556274
0.435711793698 182 401 0.0 20.0 69.5146331787
0.434727197777 258 401 0.0 20.0 24.2918205261
0.432228655701 263 315 0.0 20.0 31.0034046173
0.430704668822 302 402 0.0 20.0 23.8017120361
0.42648132305 364 399 0.0 20.0 7.79843997955
0.422640366104 343 414 0.0 20.0 6.00631332397
0.418456615872 297 316 0.0 20.0 27.8857917786
0.416193423724 254 400 0.0 20.0 26.1886177063
0.410031972305 166 401 0.0 20.0 43.2440185547
0.409992279752 264 303 0.0 20.0 18.3726291656
0.409404733318 302 400 0.0 20.0 19.2220897675
0.409191011872 298 316 0.0 20.0 24.1732845306
0.404015384475 180 196 0.0 20.0 32.7174682617
0.397148490607 264 300 0.0 20.0 16.0792770386
0.394908720632 175 264 0.0 20.0 44.5792922974
0.391648831248 180 406 0.0 20.0 65.9945068359
0.388467515694 170 264 0.0 20.0 35.7581863403
0.388453820903 406 419 0.0 20.0 999.9
0.386425586218 181 322 0.0 20.0 53.1131591797
0.386352442697 406 418 0.0 20.0 999.9
0.385293294295 264 291 0.0 20.0 20.6952037811
0.384912065585 166 264 0.0 20.0 28.4908657074
0.383993605642 180 401 0.0 20.0 64.8140563965
0.380041094048 363 401 0.0 20.0 9.61697769165
0.374854301144 339 408 0.0 20.0 6.52405023575
0.368152072473 260 327 0.0 20.0 19.3296070099
0.362515997495 254 401 0.0 20.0 25.8713436127
0.3600943535 264 394 0.0 20.0 19.443983078
0.359636100053 366 400 0.0 20.0 8.47620868683
0.359487623995 261 326 0.0 20.0 21.0591335297
0.358929460011 338 400 0.0 20.0 14.1607351303
0.355531159795 361 401 0.0 20.0 12.5149030685
0.354229614784 345 414 0.0 20.0 6.91426849365
0.349395528007 393 419 0.0 20.0 999.9
0.34791721274 364 402 0.0 20.0 11.7332649231
0.346484958558 234 326 0.0 20.0 42.8740921021
0.343878699096 217 229 0.0 20.0 21.0881938934
0.341435922376 265 302 0.0 20.0 15.0099258423
0.34085993686 166 400 0.0 20.0 41.5281333923
0.338412082584 47 72 0.0 20.0 12.7903556824
0.33296219668 302 325 0.0 20.0 12.4331989288
0.33166130473 38 249 0.0 20.0 17.1587562561
0.329968259486 175 401 0.0 20.0 58.6640930176
0.327882666771 315 394 0.0 20.0 25.3499317169
0.327559622623 37 260 0.0 20.0 16.4106407166
0.327214709145 303 366 0.0 20.0 9.38812065125
0.327001698835 71 85 0.0 20.0 23.9291915894
0.326366735236 71 196 0.0 20.0 27.8338699341
0.325796346645 73 85 0.0 20.0 19.1081008911
0.320500183735 307 364 0.0 20.0 15.0966644287
0.319875200196 343 417 0.0 20.0 999.9
0.315634386138 47 195 0.0 20.0 24.8790798187
0.315256594311 183 315 0.0 20.0 45.0137405396
0.315242060662 400 417 0.0 20.0 999.9
0.314805616916 291 316 0.0 20.0 30.1147518158
0.311372430205 302 365 0.0 20.0 14.7374296188
0.308487665041 57 69 0.0 20.0 18.391658783
0.307741886658 302 326 0.0 20.0 9.38114929199
0.306888598339 38 260 0.0 20.0 15.008980751
0.306376636846 264 281 0.0 20.0 29.4706535339
0.299704427664 262 326 0.0 20.0 17.3508682251
0.297234833511 70 82 0.0 20.0 20.7603778839
0.295960733762 307 365 0.0 20.0 16.1448097229
0.288075111498 404 417 0.0 20.0 999.9
0.287254815364 221 264 0.0 20.0 57.7808227539
0.287242908758 258 326 0.0 20.0 22.933298111
0.280944735414 346 417 0.0 20.0 999.9
0.278212919921 327 393 0.0 20.0 19.6057720184
0.275739537373 313 331 0.0 20.0 26.9521102905
0.271971474185 70 85 0.0 20.0 25.3022403717
0.268198376658 47 61 0.0 20.0 21.3909378052
0.265910014148 310 322 0.0 20.0 11.551571846
0.26354969386 322 395 0.0 20.0 23.0104923248
0.259078481536 315 327 0.0 20.0 16.013879776
0.255890166887 314 393 0.0 20.0 27.8549232483
0.252142881446 263 322 0.0 20.0 23.3543624878
0.248882444572 325 366 0.0 20.0 21.6591453552
0.242192249458 307 361 0.0 20.0 14.1288223267
0.238104585266 342 417 0.0 20.0 999.9
0.237260990609 344 406 0.0 20.0 17.0270996094
0.236154347948 307 321 0.0 20.0 13.301525116
0.235999995512 352 406 0.0 20.0 26.0998935699
0.234234873222 254 326 0.0 20.0 28.5227031708
0.222112113708 313 329 0.0 20.0 23.2010784149
0.220415805068 316 332 0.0 20.0 27.5363826752
0.220252712599 297 322 0.0 20.0 22.1676120758
0.219182388101 291 404 0.0 20.0 32.0226249695
0.217361736071 174 264 0.0 20.0 42.0498275757
0.216516921926 175 322 0.0 20.0 37.6790046692
0.216289440028 187 316 0.0 20.0 34.1708717346
0.215461757342 358 401 0.0 20.0 11.622918129
0.215196537773 345 416 0.0 20.0 999.9
0.21315785646 202 319 0.0 20.0 28.0557041168
0.208263634422 1 74 0.0 20.0 999.9
0.204853156227 296 322 0.0 20.0 23.2373943329
0.200715470538 264 393 0.0 20.0 22.431180954
0.196359653984 187 355 0.0 20.0 47.5743217468
0.195657557504 352 407 0.0 20.0 22.4581623077
0.195290497889 190 355 0.0 20.0 44.2370567322
0.194010137418 310 360 0.0 20.0 22.10587883
0.192821379844 182 326 0.0 20.0 53.9486999512
0.185963891486 226 263 0.0 20.0 55.4140281677
0.185684218214 181 400 0.0 20.0 65.694770813
0.18176655883 260 324 0.0 20.0 24.4720134735
0.181728988081 312 370 0.0 20.0 29.2145671844
0.18144524678 359 401 0.0 20.0 11.1901168823
0.180972606171 322 366 0.0 20.0 23.5111713409
0.176033777879 307 366 0.0 20.0 14.5280981064
0.170545385497 3 214 0.0 20.0 999.9
0.168309251322 182 400 0.0 20.0 67.005027771
0.166553611172 142 400 0.0 20.0 57.3425559998
0.165193758209 6 418 0.0 20.0 999.9
0.161564816549 352 414 0.0 20.0 16.3518199921
0.156679647543 307 367 0.0 20.0 16.2362308502
0.156478073191 3 418 0.0 20.0 999.9
0.154319958821 72 194 0.0 20.0 24.3376579285
0.152585121416 307 357 0.0 20.0 19.6740112305
0.150733507379 3 416 0.0 20.0 999.9
0.148237525219 70 294 0.0 20.0 28.7125091553
0.147377665838 240 264 0.0 20.0 21.4643802643
0.145043378593 260 294 0.0 20.0 16.2328872681
0.143073792961 50 179 0.0 20.0 27.9902648926
0.133718129994 83 368 0.0 20.0 31.0807037354
0.130270895021 2 220 0.0 20.0 999.9
0.129932147774 296 326 0.0 20.0 18.6463871002
0.128236857782 221 316 0.0 20.0 45.4838371277
0.127219694113 347 414 0.0 20.0 12.0342731476
0.126383643046 303 322 0.0 20.0 16.6472816467
0.126150777088 259 331 0.0 20.0 13.049041748
0.125082982854 184 338 0.0 20.0 61.0379676819
0.120151231996 222 288 0.0 20.0 35.8615264893
0.110168568965 304 322 0.0 20.0 16.4400444031
0.110019824462 55 214 0.0 20.0 27.9386863708
0.109439291002 297 331 0.0 20.0 15.9019298553
0.101862946746 211 294 0.0 20.0 19.8476104736
0.101046805602 72 383 0.0 20.0 29.9826717377
0.0985233881896 265 417 0.0 20.0 999.9
0.087371027256 25 211 0.0 20.0 999.9
0.0747809433837 237 326 0.0 20.0 34.0175361633
