1.0 334 377 0.0 20.0 14.7614889145
0.907814675964 335 377 0.0 20.0 13.5974111557
0.902664498576 335 376 0.0 20.0 10.3380146027
0.861888648121 334 384 0.0 20.0 4.30062055588
0.776564010354 335 384 0.0 20.0 6.77391576767
0.753020438126 334 376 0.0 20.0 11.5334835052
0.752567573081 335 348 0.0 20.0 27.9648189545
0.728611629508 334 382 0.0 20.0 7.01384305954
0.72480653958 335 382 0.0 20.0 5.55508184433
0.723487254807 335 371 0.0 20.0 12.7903118134
0.712942656588 88 109 0.0 20.0 11.6252813339
0.711514962696 88 108 0.0 20.0 10.0286474228
0.686788238374 85 109 0.0 20.0 9.28299808502
0.651101109053 168 310 0.0 20.0 21.4578132629
0.635872548977 87 109 0.0 20.0 12.6281394958
0.631458975088 375 402 0.0 20.0 10.8117637634
0.617908392177 78 125 0.0 20.0 5.94782924652
0.595783983772 336 376 0.0 20.0 7.82903337479
0.595447202772 235 249 0.0 20.0 9.52346515656
0.572726004494 171 310 0.0 20.0 15.1717672348
0.56527803478 334 348 0.0 20.0 31.5447731018
0.536835955394 182 206 0.0 20.0 13.011136055
0.524076173026 168 319 0.0 20.0 17.4644126892
0.514514214255 183 206 0.0 20.0 12.386425972
0.508590270369 169 310 0.0 20.0 20.5701637268
0.504023716197 348 409 0.0 20.0 12.0439844131
0.488932402731 348 407 0.0 20.0 10.5108327866
0.477567684785 170 312 0.0 20.0 12.0183916092
0.477216335479 336 377 0.0 20.0 10.899969101
0.473481142595 334 371 0.0 20.0 10.4461727142
0.472126752803 348 410 0.0 20.0 12.8979024887
0.469842563277 172 346 0.0 20.0 8.61690807343
0.453736591079 348 411 0.0 20.0 15.2491931915
0.447189418246 80 125 0.0 20.0 8.89335441589
0.446052150658 171 348 0.0 20.0 10.4376935959
0.433520693927 87 108 0.0 20.0 11.9478845596
0.432950291258 336 348 0.0 20.0 25.196428299
0.420594399001 91 109 0.0 20.0 19.467672348
0.418959684901 350 407 0.0 20.0 8.32546234131
0.415913566862 79 125 0.0 20.0 6.09341192245
0.403862694493 235 250 0.0 20.0 11.2915496826
0.392545720582 234 314 0.0 20.0 19.7090511322
0.386044155047 182 310 0.0 20.0 37.1518554688
0.378168065094 335 350 0.0 20.0 22.9370670319
0.371710080323 235 247 0.0 20.0 13.4379577637
0.357152307697 86 106 0.0 20.0 12.8077850342
0.354638695037 350 408 0.0 20.0 10.1668968201
0.353765370722 87 106 0.0 20.0 13.2977228165
0.35318237668 85 107 0.0 20.0 7.40342187881
0.352599153652 84 109 0.0 20.0 12.8608856201
0.339477766886 169 348 0.0 20.0 11.8534412384
0.336829962957 374 402 0.0 20.0 13.5377035141
0.330244045814 217 229 0.0 20.0 17.8337039948
0.322011604245 85 105 0.0 20.0 10.3820447922
0.318203801853 88 107 0.0 20.0 8.20041656494
0.315183556226 84 106 0.0 20.0 10.7876605988
0.313696976547 235 253 0.0 20.0 15.3607339859
0.311386257569 87 104 0.0 20.0 14.9117937088
0.310069631308 170 315 0.0 20.0 10.8710289001
0.307236789596 79 92 0.0 20.0 8.38511562347
0.304795344129 348 413 0.0 20.0 17.1198635101
0.304696287992 333 376 0.0 20.0 15.1362247467
0.300119568531 210 327 0.0 20.0 18.6781787872
0.296973848437 234 312 0.0 20.0 15.7176303864
0.293328853305 325 381 0.0 20.0 24.4423694611
0.291429419533 87 107 0.0 20.0 10.9748916626
0.289640690718 332 377 0.0 20.0 19.7746086121
0.289395667047 174 319 0.0 20.0 14.9085130692
0.288799176682 304 323 0.0 20.0 26.7933959961
0.288742896427 90 106 0.0 20.0 9.45248603821
0.287516584249 172 310 0.0 20.0 15.626168251
0.287159155103 348 412 0.0 20.0 14.0312671661
0.285985941925 182 315 0.0 20.0 28.293296814
0.277800149551 168 312 0.0 20.0 15.4114551544
0.274753344283 233 309 0.0 20.0 8.61890983582
0.272657881311 339 376 0.0 20.0 12.4854631424
0.271448765776 228 251 0.0 20.0 8.85847187042
0.27138762582 229 344 0.0 20.0 35.7432899475
0.271166959683 348 408 0.0 20.0 11.0770454407
0.270390777787 173 315 0.0 20.0 9.03077983856
0.268111661505 336 384 0.0 20.0 9.14789295197
0.264831052262 167 319 0.0 20.0 13.781378746
0.263205020004 173 319 0.0 20.0 17.1776008606
0.259153200126 304 324 0.0 20.0 25.7935123444
0.258672173697 325 380 0.0 20.0 27.0441188812
0.256104404564 168 314 0.0 20.0 11.1785917282
0.251482674538 158 315 0.0 20.0 27.0524959564
0.250900877126 123 355 0.0 20.0 52.8960914612
0.249868215105 378 402 0.0 20.0 9.92335891724
0.249520023165 344 408 0.0 20.0 13.1582012177
0.249250211685 182 332 0.0 20.0 11.7176561356
0.247053786199 171 315 0.0 20.0 8.79981231689
0.245758868928 330 384 0.0 20.0 12.7171173096
0.242987118571 337 376 0.0 20.0 9.31357479095
0.23941824267 84 107 0.0 20.0 9.59079456329
0.238334462697 182 201 0.0 20.0 21.39752388
0.237908050207 160 315 0.0 20.0 20.7355747223
0.237429278886 180 346 0.0 20.0 29.6698665619
0.231827392698 79 126 0.0 20.0 7.99945306778
0.231790267711 252 314 0.0 20.0 25.1335697174
0.231269519746 233 312 0.0 20.0 17.7010784149
0.230523035459 91 108 0.0 20.0 17.4091320038
0.225931935808 78 91 0.0 20.0 13.5880231857
0.223054132401 79 127 0.0 20.0 9.79895591736
0.222958508837 235 252 0.0 20.0 15.4953384399
0.222065228964 376 403 0.0 20.0 14.5574436188
0.221287408826 341 377 0.0 20.0 19.4842472076
0.218721416248 234 309 0.0 20.0 7.10458183289
0.218085334048 234 310 0.0 20.0 9.81709289551
0.212321314621 173 348 0.0 20.0 9.87009525299
0.212274808297 233 310 0.0 20.0 11.7897777557
0.209867131664 175 315 0.0 20.0 9.64528179169
0.208945182847 123 135 0.0 20.0 20.3447341919
0.208908564265 227 260 0.0 20.0 17.514547348
0.208885563258 237 316 0.0 20.0 21.8296527863
0.208092694143 384 397 0.0 20.0 14.3842945099
0.207917934339 235 255 0.0 20.0 9.19744110107
0.205132365848 348 414 0.0 20.0 19.4796543121
0.202237821863 75 101 0.0 20.0 6.577896595
0.199674956288 344 407 0.0 20.0 13.4384412766
0.19705527336 170 310 0.0 20.0 18.1386966705
0.196819837688 174 310 0.0 20.0 17.0518188477
0.196537831712 169 312 0.0 20.0 14.5046377182
0.194488965388 346 416 0.0 20.0 18.2860736847
0.194223233262 371 407 0.0 20.0 31.112493515
0.192211911236 183 329 0.0 20.0 17.3530540466
0.192109358272 228 252 0.0 20.0 11.6667394638
0.191079011879 340 377 0.0 20.0 16.1762180328
0.18849525828 55 383 0.0 20.0 30.11287117
0.186937037541 88 105 0.0 20.0 10.1125564575
0.186042433694 158 319 0.0 20.0 16.9353961945
0.185637338453 335 392 0.0 20.0 15.9291744232
0.185388581435 270 405 0.0 20.0 13.7626104355
0.183432968442 55 100 0.0 20.0 22.8343677521
0.182182023965 74 92 0.0 20.0 12.2999362946
0.179118068813 235 251 0.0 20.0 12.2191038132
0.178257622693 348 415 0.0 20.0 18.3879032135
0.172164175624 312 381 0.0 20.0 27.0039844513
0.170119525886 233 314 0.0 20.0 22.0936145782
0.169664528058 342 377 0.0 20.0 22.873342514
0.167647429996 79 229 0.0 20.0 53.5938072205
0.166781592496 180 324 0.0 20.0 19.1717758179
0.166069925676 345 408 0.0 20.0 15.4526872635
0.165655909486 344 416 0.0 20.0 18.2074699402
0.165621033236 233 255 0.0 20.0 14.2116556168
0.165219890935 85 399 0.0 20.0 36.199005127
0.161594382043 79 231 0.0 20.0 59.4258003235
0.161240362843 160 205 0.0 20.0 14.2117900848
0.159193476504 358 375 0.0 20.0 14.2647838593
0.159010450334 235 258 0.0 20.0 11.6197929382
0.157604030243 90 123 0.0 20.0 13.9965190887
0.156007355366 182 312 0.0 20.0 34.5182266235
0.155790521102 68 99 0.0 20.0 25.1249599457
0.155056621223 329 384 0.0 20.0 12.1975803375
0.154720400932 342 384 0.0 20.0 24.4903316498
0.153952818837 79 352 0.0 20.0 59.1553688049
0.153472958854 58 268 0.0 20.0 28.9164047241
0.15146502319 314 391 0.0 20.0 33.2526626587
0.151019232985 165 205 0.0 20.0 21.2998104095
0.148848245206 173 310 0.0 20.0 14.6296901703
0.146713075176 182 210 0.0 20.0 18.9888420105
0.145910348974 242 345 0.0 20.0 24.0755653381
0.143008164931 92 123 0.0 20.0 10.4755945206
0.142412423803 271 312 0.0 20.0 26.681470871
0.139621445439 87 399 0.0 20.0 38.2321510315
0.137567590422 183 371 0.0 20.0 18.8370666504
0.136896218753 334 397 0.0 20.0 17.8303947449
0.136402272199 182 319 0.0 20.0 16.2208003998
0.134819808133 335 397 0.0 20.0 17.689956665
0.13437459896 83 114 0.0 20.0 16.6209392548
0.132985440386 234 304 0.0 20.0 15.9358263016
0.126889334895 132 151 0.0 20.0 18.7612552643
0.126810930843 74 358 0.0 20.0 36.5567054749
0.126003426266 337 377 0.0 20.0 12.205622673
0.12577702775 160 317 0.0 20.0 16.6639194489
0.117887607545 227 344 0.0 20.0 32.6183815002
0.116356100453 271 372 0.0 20.0 22.0793476105
0.115073717347 44 84 0.0 20.0 23.1479434967
0.112915503391 146 171 0.0 20.0 43.5520896912
0.112578607986 148 392 0.0 20.0 19.5061969757
0.111714187682 271 311 0.0 20.0 29.5950603485
0.111519336451 281 314 0.0 20.0 14.3860349655
0.110467363845 149 376 0.0 20.0 35.4546394348
0.109787519526 125 150 0.0 20.0 35.4648094177
0.108691272583 102 400 0.0 20.0 51.2763595581
0.107988890803 36 332 0.0 20.0 18.0284633636
0.107379996781 262 306 0.0 20.0 22.5033321381
0.107077900774 235 336 0.0 20.0 33.9747772217
0.106680373207 113 330 0.0 20.0 14.7073402405
0.10631105226 148 386 0.0 20.0 17.1250343323
0.106060663227 40 271 0.0 20.0 37.0581817627
0.10548929114 182 314 0.0 20.0 28.6536445618
0.10356683754 93 392 0.0 20.0 37.512676239
0.103559322251 125 230 0.0 20.0 57.4428520203
0.101608833047 146 386 0.0 20.0 12.9727144241
0.0994848556568 329 382 0.0 20.0 18.6676635742
0.0988338167054 144 386 0.0 20.0 17.6092605591
0.0970296557199 103 332 0.0 20.0 30.9885578156
0.0958610871428 37 51 0.0 20.0 10.6410255432
0.0957804709202 271 289 0.0 20.0 13.3816633224
0.0948783039121 125 250 0.0 20.0 48.3036575317
0.0942014461849 168 187 0.0 20.0 34.0572814941
0.0929053393809 224 385 0.0 20.0 29.9585666656
0.091708376945 217 374 0.0 20.0 26.2524719238
0.0912044752071 114 383 0.0 20.0 19.4455223083
0.0907168056592 99 125 0.0 20.0 17.1446399689
0.0870228536323 84 357 0.0 20.0 35.6724739075
0.0863029792393 100 375 0.0 20.0 48.134727478
0.086051261351 86 304 0.0 20.0 51.9614639282
0.0858744002258 82 181 0.0 20.0 35.8467483521
0.0856283112199 89 312 0.0 20.0 60.1143836975
0.0852857517416 198 210 0.0 20.0 31.4507255554
0.0833478005536 89 146 0.0 20.0 22.8826389313
0.0824449306729 89 358 0.0 20.0 38.66929245
0.0814419010734 397 415 0.0 20.0 36.4313926697
0.0811455839286 90 217 0.0 20.0 49.8973350525
0.0770388320102 92 125 0.0 20.0 14.191608429
