0.00596076657615 335 348 0.0 20.0 27.9648189545
0.0057228513532 334 348 0.0 20.0 31.5447731018
0.00555475448624 336 348 0.0 20.0 25.196428299
0.00548516423752 335 350 0.0 20.0 22.9370670319
0.00526377746709 334 377 0.0 20.0 14.7614889145
0.00513110359067 335 377 0.0 20.0 13.5974111557
0.00512369141302 335 376 0.0 20.0 10.3380146027
0.00506500647374 334 384 0.0 20.0 4.30062055588
0.00494220655341 335 384 0.0 20.0 6.77391576767
0.00490832245065 334 376 0.0 20.0 11.5334835052
0.00487319309257 334 382 0.0 20.0 7.01384305954
0.00486771677586 335 382 0.0 20.0 5.55508184433
0.00486581805036 335 371 0.0 20.0 12.7903118134
0.00468202645255 336 376 0.0 20.0 7.82903337479
0.00455998569006 217 229 0.0 20.0 17.8337039948
0.0045113829181 336 377 0.0 20.0 10.899969101
0.00450600719779 334 371 0.0 20.0 10.4461727142
0.00429482033985 88 109 0.0 20.0 11.6252813339
0.00429277404068 88 108 0.0 20.0 10.0286474228
0.00426309064708 333 376 0.0 20.0 15.1362247467
0.00425733347759 85 109 0.0 20.0 9.28299808502
0.0042467305416 325 381 0.0 20.0 24.4423694611
0.00424142250767 332 377 0.0 20.0 19.7746086121
0.00421698070872 339 376 0.0 20.0 12.4854631424
0.00421043775179 336 384 0.0 20.0 9.14789295197
0.00419685236331 325 380 0.0 20.0 27.0441188812
0.00418435653658 87 109 0.0 20.0 12.6281394958
0.0041782674289 330 384 0.0 20.0 12.7171173096
0.00417427830299 337 376 0.0 20.0 9.31357479095
0.00414304790228 341 377 0.0 20.0 19.4842472076
0.00414232625938 79 92 0.0 20.0 8.38511562347
0.00411611567374 78 125 0.0 20.0 5.94782924652
0.00409957172898 340 377 0.0 20.0 16.1762180328
0.00406875182777 342 377 0.0 20.0 22.873342514
0.00404772800813 329 384 0.0 20.0 12.1975803375
0.00404724411712 342 384 0.0 20.0 24.4903316498
0.00402947948091 78 91 0.0 20.0 13.5880231857
0.00400591441103 337 377 0.0 20.0 12.205622673
0.00396875694862 74 92 0.0 20.0 12.2999362946
0.00396774866614 329 382 0.0 20.0 18.6676635742
0.00390685162747 80 125 0.0 20.0 8.89335441589
0.00389432767585 87 108 0.0 20.0 11.9478845596
0.00387580054849 91 109 0.0 20.0 19.467672348
0.00386851428827 79 125 0.0 20.0 6.09341192245
0.00378486964272 86 106 0.0 20.0 12.8077850342
0.00378001518032 87 106 0.0 20.0 13.2977228165
0.00377917958088 85 107 0.0 20.0 7.40342187881
0.00377834365323 84 109 0.0 20.0 12.8608856201
0.00376307029795 182 206 0.0 20.0 13.011136055
0.00375334486396 172 346 0.0 20.0 8.61690807343
0.00373721895159 183 206 0.0 20.0 12.386425972
0.00373450282901 85 105 0.0 20.0 10.3820447922
0.00372904514448 88 107 0.0 20.0 8.20041656494
0.00372579261376 171 348 0.0 20.0 10.4376935959
0.00372471625707 84 106 0.0 20.0 10.7876605988
0.00371927362743 87 104 0.0 20.0 14.9117937088
0.00369066969396 87 107 0.0 20.0 10.9748916626
0.00368681912765 90 106 0.0 20.0 9.45248603821
0.00364286498415 79 126 0.0 20.0 7.99945306778
0.00363211088983 79 127 0.0 20.0 9.79895591736
0.00361612260188 84 107 0.0 20.0 9.59079456329
0.00360337319164 91 108 0.0 20.0 17.4091320038
0.0036023662515 169 348 0.0 20.0 11.8534412384
0.00358872230479 168 319 0.0 20.0 17.4644126892
0.00355132674569 174 319 0.0 20.0 14.9085130692
0.00354090182306 88 105 0.0 20.0 10.1125564575
0.00346556461315 83 114 0.0 20.0 16.6209392548
0.00345794082995 375 402 0.0 20.0 10.8117637634
0.00345510329969 173 348 0.0 20.0 9.87009525299
0.00341736852544 182 201 0.0 20.0 21.39752388
0.00341145908516 183 329 0.0 20.0 17.3530540466
0.00340812892071 168 310 0.0 20.0 21.4578132629
0.00337485956131 180 324 0.0 20.0 19.1717758179
0.00334016808756 132 151 0.0 20.0 18.7612552643
0.00333113739372 182 319 0.0 20.0 16.2208003998
0.00332336646604 348 409 0.0 20.0 12.0439844131
0.0033112595885 182 210 0.0 20.0 18.9888420105
0.00330213971109 348 407 0.0 20.0 10.5108327866
0.00329617467699 171 310 0.0 20.0 15.1717672348
0.00328153273091 170 315 0.0 20.0 10.8710289001
0.00327850164845 348 410 0.0 20.0 12.8979024887
0.00325263488361 348 411 0.0 20.0 15.2491931915
0.00322457685467 173 315 0.0 20.0 9.03077983856
0.00321426226403 173 319 0.0 20.0 17.1776008606
0.00320456053944 169 310 0.0 20.0 20.5701637268
0.00320406988854 168 314 0.0 20.0 11.1785917282
0.00320371926952 350 407 0.0 20.0 8.32546234131
0.00319107843708 171 315 0.0 20.0 8.79981231689
0.003160246594 170 312 0.0 20.0 12.0183916092
0.00313769991664 175 315 0.0 20.0 9.64528179169
0.0031132482914 350 408 0.0 20.0 10.1668968201
0.00308367151546 374 402 0.0 20.0 13.5377035141
0.00308125165197 235 249 0.0 20.0 9.52346515656
0.00304314090158 348 413 0.0 20.0 17.1198635101
0.00303851700493 123 135 0.0 20.0 20.3447341919
0.00301833464044 348 412 0.0 20.0 14.0312671661
0.00299584074591 348 408 0.0 20.0 11.0770454407
0.00297320339313 378 402 0.0 20.0 9.92335891724
0.00296978322406 397 415 0.0 20.0 36.4313926697
0.00296539314981 344 408 0.0 20.0 13.1582012177
0.00293788506352 376 403 0.0 20.0 14.5574436188
0.00292013565388 384 397 0.0 20.0 14.3842945099
0.0029029594904 348 414 0.0 20.0 19.4796543121
0.00290251717979 371 407 0.0 20.0 31.112493515
0.00289528334639 344 407 0.0 20.0 13.4384412766
0.00288876973476 172 310 0.0 20.0 15.626168251
0.00288798896752 346 416 0.0 20.0 18.2860736847
0.00287489037722 168 312 0.0 20.0 15.4114551544
0.00286515869931 348 415 0.0 20.0 18.3879032135
0.0028563647818 167 319 0.0 20.0 13.781378746
0.00284801603916 345 408 0.0 20.0 15.4526872635
0.00284743370282 344 416 0.0 20.0 18.2074699402
0.00281398268107 235 250 0.0 20.0 11.2915496826
0.00276912834405 235 247 0.0 20.0 13.4379577637
0.00275955105361 170 310 0.0 20.0 18.1386966705
0.00275921474755 174 310 0.0 20.0 17.0518188477
0.00275881191854 169 312 0.0 20.0 14.5046377182
0.00273250624801 304 323 0.0 20.0 26.7933959961
0.00270816235293 304 324 0.0 20.0 25.7935123444
0.00269069013905 173 310 0.0 20.0 14.6296901703
0.00268819746564 235 253 0.0 20.0 15.3607339859
0.00262925931915 228 251 0.0 20.0 8.85847187042
0.00256161323864 235 252 0.0 20.0 15.4953384399
0.00255668967322 234 314 0.0 20.0 19.7090511322
0.00254201293661 227 260 0.0 20.0 17.514547348
0.00254063096349 235 255 0.0 20.0 9.19744110107
0.00251857729175 228 252 0.0 20.0 11.6667394638
0.00250045386102 235 251 0.0 20.0 12.2191038132
0.0024816248918 233 255 0.0 20.0 14.2116556168
0.00247240283254 235 258 0.0 20.0 11.6197929382
0.00242690274724 234 312 0.0 20.0 15.7176303864
0.00239672722736 233 309 0.0 20.0 8.61890983582
0.0023376760464 233 312 0.0 20.0 17.7010784149
0.00232063567936 234 309 0.0 20.0 7.10458183289
0.00231977187758 234 310 0.0 20.0 9.81709289551
0.00231188116393 233 310 0.0 20.0 11.7897777557
0.0023072785577 237 316 0.0 20.0 21.8296527863
0.00225463414768 233 314 0.0 20.0 22.0936145782
0.00221466165134 182 315 0.0 20.0 28.293296814
0.00220420593384 234 304 0.0 20.0 15.9358263016
0.00205527970535 158 315 0.0 20.0 27.0524959564
0.00203955860577 160 315 0.0 20.0 20.7355747223
0.00200333514627 229 344 0.0 20.0 35.7432899475
0.00197949178533 158 319 0.0 20.0 16.9353961945
0.00196078327386 182 314 0.0 20.0 28.6536445618
0.00190969696633 160 317 0.0 20.0 16.6639194489
0.00187728808106 227 344 0.0 20.0 32.6183815002
0.00186332644148 182 332 0.0 20.0 11.7176561356
0.00164768547529 79 229 0.0 20.0 53.5938072205
0.00164271499425 79 231 0.0 20.0 59.4258003235
0.00156591587265 160 205 0.0 20.0 14.2117900848
0.00156016501193 335 392 0.0 20.0 15.9291744232
0.00155752275689 165 205 0.0 20.0 21.2998104095
0.0015357628734 85 399 0.0 20.0 36.199005127
0.0015147426223 87 399 0.0 20.0 38.2321510315
0.0015093285624 334 397 0.0 20.0 17.8303947449
0.00150716288906 335 397 0.0 20.0 17.689956665
0.00138911749652 182 310 0.0 20.0 37.1518554688
0.00129743643995 90 123 0.0 20.0 13.9965190887
0.00128855405588 271 312 0.0 20.0 26.681470871
0.00128221311363 92 123 0.0 20.0 10.4755945206
0.00126334609426 271 311 0.0 20.0 29.5950603485
0.001213407828 92 125 0.0 20.0 14.191608429
0.00118127947946 79 352 0.0 20.0 59.1553688049
0.00114984580486 74 358 0.0 20.0 36.5567054749
0.00110376627376 84 357 0.0 20.0 35.6724739075
0.00109846447086 89 358 0.0 20.0 38.66929245
0.00108424357704 182 312 0.0 20.0 34.5182266235
0.00106636232525 148 392 0.0 20.0 19.5061969757
0.00105910371792 148 386 0.0 20.0 17.1250343323
0.00105365796452 146 386 0.0 20.0 12.9727144241
0.00105044415122 144 386 0.0 20.0 17.6092605591
0.000446055488248 210 327 0.0 20.0 18.6781787872
0.000372903752315 123 355 0.0 20.0 52.8960914612
0.000352881464665 180 346 0.0 20.0 29.6698665619
0.000344500432081 252 314 0.0 20.0 25.1335697174
0.000300577835744 75 101 0.0 20.0 6.577896595
0.000280152823343 55 383 0.0 20.0 30.11287117
0.000275535496111 270 405 0.0 20.0 13.7626104355
0.000272628948187 55 100 0.0 20.0 22.8343677521
0.000255880600497 312 381 0.0 20.0 27.0039844513
0.000236602778804 358 375 0.0 20.0 14.2647838593
0.000231545104823 68 99 0.0 20.0 25.1249599457
0.000228100606467 58 268 0.0 20.0 28.9164047241
0.000225116293491 314 391 0.0 20.0 33.2526626587
0.000216860607493 242 345 0.0 20.0 24.0755653381
0.00020446110533 183 371 0.0 20.0 18.8370666504
0.000172935331916 271 372 0.0 20.0 22.0793476105
0.000171029378147 44 84 0.0 20.0 23.1479434967
0.000167821712667 146 171 0.0 20.0 43.5520896912
0.000165746646623 281 314 0.0 20.0 14.3860349655
0.000164183142594 149 376 0.0 20.0 35.4546394348
0.000163172717678 125 150 0.0 20.0 35.4648094177
0.000161543410507 102 400 0.0 20.0 51.2763595581
0.000160499489081 36 332 0.0 20.0 18.0284633636
0.000159594514702 262 306 0.0 20.0 22.5033321381
0.000159145521714 235 336 0.0 20.0 33.9747772217
0.000158554692685 113 330 0.0 20.0 14.7073402405
0.000157633642989 40 271 0.0 20.0 37.0581817627
0.000153927171466 93 392 0.0 20.0 37.512676239
0.000153916001797 125 230 0.0 20.0 57.4428520203
0.000144211224442 103 332 0.0 20.0 30.9885578156
0.000142474428571 37 51 0.0 20.0 10.6410255432
0.000142354611964 271 289 0.0 20.0 13.3816633224
0.000141013757893 125 250 0.0 20.0 48.3036575317
0.000140007771827 168 187 0.0 20.0 34.0572814941
0.000138081421086 224 385 0.0 20.0 29.9585666656
0.00013630242458 217 374 0.0 20.0 26.2524719238
0.000135553495955 114 383 0.0 20.0 19.4455223083
0.000134828692573 99 125 0.0 20.0 17.1446399689
0.000128268602179 100 375 0.0 20.0 48.134727478
0.000127894484136 86 304 0.0 20.0 51.9614639282
0.00012763162265 82 181 0.0 20.0 35.8467483521
0.000127265870586 89 312 0.0 20.0 60.1143836975
0.000126756738389 198 210 0.0 20.0 31.4507255554
0.000123876440488 89 146 0.0 20.0 22.8826389313
0.000120603375633 90 217 0.0 20.0 49.8973350525
