0.00932174280465 69 159 0.0 20.0 4.87571191788
0.0090385397031 68 159 0.0 20.0 7.06401586533
0.00863184348285 69 161 0.0 20.0 6.45702695847
0.00829728932141 69 160 0.0 20.0 4.6487402916
0.00812362973639 14 62 0.0 20.0 11.2082052231
0.0079349196957 62 159 0.0 20.0 17.0027141571
0.00775454813163 66 159 0.0 20.0 12.0595159531
0.00765438695289 67 159 0.0 20.0 9.57762622833
0.00760710950162 14 64 0.0 20.0 10.0027303696
0.00750727982757 69 166 0.0 20.0 19.1333847046
0.00750344381166 69 162 0.0 20.0 9.41302394867
0.00738172615117 65 159 0.0 20.0 13.8410139084
0.0073073678923 64 159 0.0 20.0 14.5844144821
0.00721954424477 14 63 0.0 20.0 8.90486621857
0.00715186883593 64 163 0.0 20.0 7.95382070541
0.0071347564069 69 165 0.0 20.0 16.6662921906
0.00713452105719 14 66 0.0 20.0 10.6724290848
0.00708972839027 14 65 0.0 20.0 8.45962905884
0.0070145185653 105 156 0.0 20.0 7.99711704254
0.00685295298919 9 63 0.0 20.0 17.3557853699
0.00684360486507 9 64 0.0 20.0 17.1459121704
0.00682948876387 9 66 0.0 20.0 13.0597877502
0.00679950719737 14 67 0.0 20.0 13.548204422
0.00647282432049 14 58 0.0 20.0 22.5110301971
0.00646915137477 16 69 0.0 20.0 22.0262470245
0.00642287204791 105 157 0.0 20.0 8.14360618591
0.00629136612238 9 62 0.0 20.0 17.6744365692
0.00627310133866 18 63 0.0 20.0 10.9417238235
0.0060554630477 7 61 0.0 20.0 23.8552532196
0.00602654561014 105 159 0.0 20.0 8.44936466217
0.00601624977732 79 128 0.0 20.0 4.62457847595
0.00598815674943 79 127 0.0 20.0 5.53120660782
0.00590031634393 107 155 0.0 20.0 16.0093288422
0.00584753495481 156 204 0.0 20.0 999.9
0.00582982669683 104 148 0.0 20.0 17.3659858704
0.005771838013 104 150 0.0 20.0 13.7863836288
0.00541522522462 158 204 0.0 20.0 999.9
0.00540839399109 160 204 0.0 20.0 999.9
0.00538497843791 159 204 0.0 20.0 999.9
0.00537135037502 166 204 0.0 20.0 999.9
0.00526970025845 165 204 0.0 20.0 999.9
0.00525787321082 31 50 0.0 20.0 11.3224878311
0.0052572019855 161 204 0.0 20.0 999.9
0.00525298199976 77 185 0.0 20.0 5.41824674606
0.00525100853737 33 46 0.0 20.0 9.0950050354
0.00518556235104 31 52 0.0 20.0 8.32999515533
0.00509615599579 157 204 0.0 20.0 999.9
0.00504515802924 33 47 0.0 20.0 9.79628753662
0.00501720141656 185 204 0.0 20.0 999.9
0.00499209803512 79 135 0.0 20.0 15.4762067795
0.0049910066592 155 204 0.0 20.0 999.9
0.00498518769845 77 128 0.0 20.0 6.24960756302
0.00497952957812 77 184 0.0 20.0 5.75576448441
0.0049641994781 77 127 0.0 20.0 9.65371608734
0.0049469585205 186 204 0.0 20.0 999.9
0.00488326086749 95 137 0.0 20.0 12.9079389572
0.00486798128414 31 47 0.0 20.0 13.1092472076
0.00484202602217 187 204 0.0 20.0 999.9
0.00478222785915 31 54 0.0 20.0 13.0145425797
0.00474937646591 78 132 0.0 20.0 10.4670696259
0.00474146887493 79 133 0.0 20.0 16.1568965912
0.00470196555843 78 183 0.0 20.0 5.80733537674
0.00469086429849 77 133 0.0 20.0 11.9354763031
0.00468930780521 30 42 0.0 20.0 15.9400892258
0.00466273084783 77 131 0.0 20.0 5.54429531097
0.00464808025235 75 183 0.0 20.0 13.926281929
0.00464400509697 95 136 0.0 20.0 14.1635770798
0.00462583657627 33 52 0.0 20.0 9.61170196533
0.00460106741606 31 43 0.0 20.0 13.0250854492
0.00458003337727 190 204 0.0 20.0 999.9
0.004578917785 76 134 0.0 20.0 12.9315462112
0.00457279073152 31 53 0.0 20.0 10.8217735291
0.00454255322452 77 186 0.0 20.0 8.31457233429
0.00451388840579 31 51 0.0 20.0 10.5434484482
0.00451193794305 79 185 0.0 20.0 8.54892635345
0.00450795076153 69 189 0.0 20.0 999.9
0.00450714558588 69 188 0.0 20.0 999.9
0.00449806309608 14 188 0.0 20.0 999.9
0.00449425421723 30 53 0.0 20.0 11.6846837997
0.00446334327391 78 134 0.0 20.0 14.5068206787
0.00443484598887 33 56 0.0 20.0 14.8288631439
0.00440940173442 69 190 0.0 20.0 999.9
0.00435582867536 33 51 0.0 20.0 10.1140966415
0.00433951724199 30 50 0.0 20.0 13.5075426102
0.00432331903484 32 54 0.0 20.0 15.6888074875
0.0042995738529 30 51 0.0 20.0 12.1189374924
0.00429830019081 31 45 0.0 20.0 11.7022562027
0.00428366873952 32 48 0.0 20.0 9.70484733582
0.00426957814592 77 182 0.0 20.0 10.6313676834
0.00425454187404 14 181 0.0 20.0 12.5735654831
0.00425011967153 30 54 0.0 20.0 12.9099397659
0.00423417708757 95 135 0.0 20.0 15.1847658157
0.00422986580394 74 184 0.0 20.0 10.1716547012
0.00422399834134 31 49 0.0 20.0 8.16505241394
0.00420449261947 32 51 0.0 20.0 12.4263286591
0.00419266430885 71 183 0.0 20.0 15.760764122
0.00417522849294 95 132 0.0 20.0 21.2818260193
0.00416689598162 95 130 0.0 20.0 19.623468399
0.00416460722418 14 186 0.0 20.0 15.7376966476
0.00415448787575 30 52 0.0 20.0 9.23379993439
0.00414857440871 115 137 0.0 20.0 8.35178661346
0.00413017319239 32 49 0.0 20.0 8.59586906433
0.00411693198667 9 185 0.0 20.0 6.09096384048
0.00411010396499 95 131 0.0 20.0 20.6305713654
0.00407102395577 117 137 0.0 20.0 15.0399608612
0.00406763959609 77 183 0.0 20.0 8.05867385864
0.00405785081887 88 137 0.0 20.0 27.5621128082
0.00405558718057 14 182 0.0 20.0 10.8974466324
0.00405022392097 74 179 0.0 20.0 23.1431217194
0.00403910335817 95 139 0.0 20.0 12.4027328491
0.00402353561529 95 127 0.0 20.0 16.5907058716
0.00401815132992 118 137 0.0 20.0 17.3680324554
0.00399486413249 77 181 0.0 20.0 12.6463565826
0.00398917069109 14 190 0.0 20.0 999.9
0.00398633931166 90 137 0.0 20.0 22.3401088715
0.0039862485679 79 186 0.0 20.0 12.1615142822
0.0039790538554 66 194 0.0 20.0 999.9
0.00397895538377 95 128 0.0 20.0 18.2566566467
0.00396891321458 118 138 0.0 20.0 19.9251461029
0.00396424693761 61 198 0.0 20.0 999.9
0.00393829080804 93 139 0.0 20.0 15.2020196915
0.00390583649728 14 187 0.0 20.0 18.7538108826
0.00389935026636 94 137 0.0 20.0 16.0009269714
0.00389925648092 95 133 0.0 20.0 19.5746746063
0.0038781984908 94 139 0.0 20.0 15.5716409683
0.0038553960122 118 139 0.0 20.0 18.9468250275
0.00384437400573 90 136 0.0 20.0 22.5648593903
0.00382238673946 95 142 0.0 20.0 14.0940628052
0.00382019819158 91 137 0.0 20.0 21.7154750824
0.00381914539167 95 129 0.0 20.0 16.9820194244
0.00379037285896 95 141 0.0 20.0 13.2621917725
0.00376888930512 93 137 0.0 20.0 17.1129627228
0.00373928791277 96 137 0.0 20.0 12.0124855042
0.00372795957011 95 138 0.0 20.0 14.2395553589
0.00370738094717 93 136 0.0 20.0 18.2280769348
0.00370685587537 120 139 0.0 20.0 25.1902217865
0.00370574639507 90 142 0.0 20.0 23.8940563202
0.00368040684611 89 132 0.0 20.0 29.7661247253
0.00365357248133 89 137 0.0 20.0 25.0476226807
0.00360448473022 18 34 0.0 20.0 13.333899498
0.00347806924106 137 159 0.0 20.0 17.7524871826
0.00321314391088 140 169 0.0 20.0 19.0676460266
0.00318943966814 140 163 0.0 20.0 16.8178958893
0.00312523889736 139 162 0.0 20.0 14.5854616165
0.00307532912288 18 39 0.0 20.0 9.33770751953
0.00306634449308 45 59 0.0 20.0 13.4298152924
0.00298478916025 139 165 0.0 20.0 12.7283658981
0.00297611014521 139 166 0.0 20.0 14.2851705551
0.0028022966113 18 38 0.0 20.0 9.40378475189
0.00276966884495 40 59 0.0 20.0 19.1877727509
0.00273012367612 43 59 0.0 20.0 12.6404066086
0.00259862344882 41 59 0.0 20.0 15.6300649643
0.00215722225882 10 77 0.0 20.0 9.4065990448
0.00209265012181 9 78 0.0 20.0 12.205950737
0.00200627071107 12 76 0.0 20.0 13.6640729904
0.00167708990847 18 45 0.0 20.0 15.354724884
0.00132504001681 18 41 0.0 20.0 8.86379814148
0.00121167281836 18 47 0.0 20.0 20.2475090027
0.00114018360688 18 51 0.0 20.0 23.3723983765
0.000591613411488 33 186 0.0 20.0 31.757270813
0.000416691730979 56 95 0.0 20.0 12.7041740417
0.000273161664595 1 142 0.0 20.0 999.9
0.000254610642055 1 190 0.0 20.0 999.9
0.000191345917254 128 167 0.0 20.0 13.6725940704
0.000186097717412 44 69 0.0 20.0 29.3079013824
0.000168479747228 74 119 0.0 20.0 25.837020874
0.000113607985831 150 186 0.0 20.0 20.844373703
