2.216603986451164826e-03 2.431521639865472963e-03 1.450507045483409758e-03 1.200754716729233529e-03 2.085151322490498213e-03 1.818669054429038288e-03 1.015869203292341268e-03 1.248180021031082901e-03 1.814219650636023085e-03 1.673051716242305751e-03 1.029611409568354429e-03 1.789225945026293521e-03 2.420690518866766040e-03 1.586570133707702283e-03 1.421955855431295815e-03 2.569830735477585028e-03 2.528381753571209891e-03
2.469527235716634152e-03 2.672008190781144377e-03 1.751904654596853593e-03 1.570504245070680456e-03 2.429953955866814407e-03 2.174973095954912602e-03 1.162625087654998741e-03 1.416075738409061690e-03 2.234582514001628734e-03 1.964832380676221572e-03 1.077048325369494089e-03 2.101769221776622534e-03 3.221295360809946912e-03 1.895866474162488310e-03 1.647985382423876235e-03 3.083625495353146083e-03 2.955981969551978519e-03
2.524261473814581186e-03 2.800037456684760333e-03 1.874799529812190557e-03 1.955941033013568978e-03 2.888188663961692784e-03 2.652060382535694882e-03 1.336420326476528159e-03 1.766272573381270136e-03 3.247209968755831230e-03 2.340668291972374405e-03 1.329258563830077074e-03 2.614070839018844006e-03 3.593830749886797304e-03 1.989050635046523633e-03 2.002812594243919345e-03 3.464293216917884496e-03 2.923992233172220939e-03
2.465673222230720628e-03 3.014883504409255569e-03 1.965630972094013253e-03 2.248883094768256308e-03 3.799696469309324452e-03 3.265105623120469636e-03 1.360975619892618735e-03 2.207314737346983535e-03 4.685600182391103791e-03 2.747102193275747801e-03 1.448000878119518140e-03 3.243258541717505220e-03 4.280531342879961149e-03 2.294114777650340699e-03 2.351234596530886109e-03 3.644469676307230711e-03 2.995349340152003367e-03
2.387996557620809639e-03 3.328762933049804820e-03 2.163946120840077453e-03 2.414217920586160006e-03 4.645759629519928546e-03 4.424981950037957731e-03 1.865455436348701333e-03 2.940720180351749126e-03 6.679127500629039940e-03 4.025651324353421608e-03 1.779584792897828845e-03 4.605696417790682527e-03 5.814943130079254160e-03 2.717168308761575175e-03 2.658469854954653190e-03 4.009151575006003609e-03 3.160347246429058132e-03
2.194694477818811499e-03 2.919412224028685061e-03 2.075110209588610158e-03 2.604899279890346940e-03 5.330946752309465193e-03 5.487274824202399356e-03 2.360135982888060622e-03 3.977435406365683809e-03 9.405310866320737428e-03 5.048799697115064974e-03 2.246044221545406144e-03 5.437182823917289035e-03 6.719723711747499842e-03 2.935416993709168056e-03 2.634080562536765448e-03 3.797621621241817260e-03 2.727333546518226695e-03
2.081810815592449390e-03 2.851639262814856246e-03 2.177895973304187684e-03 2.707163794426200448e-03 5.996114883030565640e-03 6.179417771171446562e-03 2.794934607163329816e-03 5.667092336828399683e-03 1.256580769084703064e-02 5.931288303868714751e-03 2.801922686161798914e-03 6.834231089113745536e-03 7.699807677890146279e-03 2.920371197986181867e-03 2.637219358480435549e-03 3.724152004067502950e-03 2.344065102332728873e-03
1.749370185317142582e-03 2.496503270721716489e-03 2.142080372452159157e-03 2.734144596335759837e-03 6.837747721146863501e-03 7.582530046955461740e-03 3.476841327228658712e-03 7.885511825015584925e-03 1.820162790042079495e-02 8.194262985815761388e-03 3.052634805193269081e-03 8.087083387125822836e-03 8.513172125731183551e-03 2.861138608604419081e-03 2.269936671595258314e-03 3.231423264076940631e-03 2.067464335814579897e-03
2.269683590929617942e-03 3.471966983413375847e-03 2.829020321799248072e-03 4.025917705220845647e-03 1.303004098611000930e-02 1.469240849555717744e-02 5.983457697116306706e-03 1.488668507674715917e-02 0.000000000000000000e+00 1.424022369960252846e-02 4.973035326423489583e-03 1.370044476706080462e-02 1.279744807858411784e-02 3.384922682427243031e-03 2.457457115276670285e-03 3.325796686390227862e-03 1.797450266985801222e-03
2.265850251094530393e-03 3.364728127115954471e-03 2.683020189748502871e-03 3.406987836610566624e-03 8.513475896153477329e-03 9.030046418966913152e-03 4.024168818582953000e-03 8.492318129728055123e-03 1.766328605792677475e-02 7.113772471650453913e-03 2.838844132198686983e-03 6.901852648008958112e-03 6.350262707217546425e-03 2.042021334761951867e-03 1.783805517866731121e-03 2.295885050857111170e-03 1.377037321171589333e-03
2.720171461821233993e-03 3.797287317313600193e-03 2.986845143687457457e-03 3.692965139378715043e-03 8.205498730465310073e-03 7.961407890674685253e-03 4.064038713800525483e-03 6.725830381255022694e-03 1.222664728971506291e-02 4.992477180939254404e-03 2.457294548696040051e-03 5.899397274554039894e-03 5.200352175531918961e-03 2.047984006080775729e-03 1.718675375080295619e-03 2.315869328431086928e-03 1.646234311613695243e-03
2.659013228723217884e-03 3.610918181049306477e-03 3.086246350613348205e-03 3.618021851935227136e-03 6.556598013174095782e-03 6.078920558023787578e-03 2.971206702963676526e-03 4.456146863585199250e-03 7.936296778877346969e-03 3.672754386444571952e-03 1.968719529721451450e-03 4.458098113609051602e-03 4.052951870084586794e-03 1.712851674281066139e-03 1.541113798299304036e-03 2.386524182185974317e-03 1.613388150429040206e-03
2.922892396430917025e-03 3.627495897016738344e-03 2.899889985878346954e-03 3.293558301645513504e-03 5.282920758112765250e-03 4.916194787056030191e-03 2.463602268547340247e-03 3.318460867692213292e-03 5.594968028113832953e-03 2.481239437359945670e-03 1.615900152225172763e-03 3.785783320803546952e-03 3.566082722101825316e-03 1.733705498034107759e-03 1.596640711312572944e-03 2.399824584093919553e-03 1.928733083716720805e-03
3.050187545615068094e-03 3.682111555177804835e-03 2.649554331202661362e-03 2.845867716381142963e-03 4.581969646912547808e-03 4.008306005034027557e-03 1.738015396996416299e-03 2.720496630289590684e-03 4.792625971454753456e-03 2.179720768654846378e-03 1.296215186670721933e-03 3.133187504522194806e-03 3.079145428170075929e-03 1.600800763084283358e-03 1.446419870686929026e-03 2.354006326674347796e-03 1.935227905862671417e-03
2.669078307500049371e-03 2.925116622962983023e-03 2.213679132491567277e-03 2.298107641404900734e-03 3.275164461310786125e-03 2.771974299123754377e-03 1.536674319749416207e-03 2.004105860552672473e-03 2.951592156853095027e-03 1.838361641262135134e-03 1.158579734595171010e-03 2.361152035287176001e-03 2.463417063021727891e-03 1.479898848977524673e-03 1.432622737893177699e-03 2.147554655573892784e-03 1.831509440408276299e-03
2.246085363818076889e-03 2.602401352469003049e-03 1.765729263527623071e-03 1.635198026113046871e-03 2.488796544667044256e-03 2.184319569515737625e-03 1.301372479469313503e-03 1.481375502226788638e-03 2.084372134903361186e-03 1.538818042139464184e-03 9.748892171772585409e-04 1.891999613979484336e-03 2.174484068354728961e-03 1.405213779949406700e-03 1.426761242291334263e-03 2.095028930847725804e-03 1.891719694554561473e-03
1.863625879830192907e-03 2.208886127852931983e-03 1.424695082175763284e-03 1.405520310608721632e-03 2.283609246222429411e-03 1.982656744027009883e-03 1.156634176681578573e-03 1.693903308651858054e-03 2.003809691459851241e-03 1.412167440277731353e-03 1.071145932853776774e-03 1.992776424377608064e-03 2.098161570847536638e-03 1.330653473339467015e-03 1.580033238431645740e-03 2.078445622480938268e-03 2.018142292203719233e-03
