1.468852763833498063e-03 1.370059439638489753e-03 1.201707502080289012e-03 1.201965586838504157e-03 9.467894796153958651e-04 1.163564250482151908e-03 1.105754191000334497e-03 1.130295309032488095e-03 1.415971387883590291e-03 9.631986156137837618e-04 1.247475174382358439e-03 1.307747212526384024e-03 1.526585612568921377e-03 1.843981507312612888e-03 2.490960971371238616e-03 3.002128465767236153e-03 3.313072896873245615e-03
1.509085825989447266e-03 1.559757731647977820e-03 1.537547586520969815e-03 1.319307878858379766e-03 1.080834728774886276e-03 1.394022533725676038e-03 1.330707087836038123e-03 1.401106720208884771e-03 1.730872028202159628e-03 1.221320253423606233e-03 1.330740624360679438e-03 1.376558455657143042e-03 1.903501527049454144e-03 2.539782173116171549e-03 3.509065025651457535e-03 3.956194699343952223e-03 3.881522488691059505e-03
1.572791721559882623e-03 1.755826086714415207e-03 1.921709946126263667e-03 1.689086233521927289e-03 1.290394374776542095e-03 1.501767297931983543e-03 1.330082786234730759e-03 1.449595116090940383e-03 1.748584394267191670e-03 1.356527786729030830e-03 1.485960377273933160e-03 1.896727590416550247e-03 2.559207373841448658e-03 3.664472574353461708e-03 4.732748887159985395e-03 4.603318599510285505e-03 3.875103131400106909e-03
1.444089712205461453e-03 1.759474044779738532e-03 2.072363901785861939e-03 2.145655604276082949e-03 1.870238280070019021e-03 1.892059721680648156e-03 1.543180290839396302e-03 1.657421929674879899e-03 2.141953706300700911e-03 1.716701274417145422e-03 1.837354233960614147e-03 2.827817361754527640e-03 3.990692271040232469e-03 5.105172165967449688e-03 5.481171053026945642e-03 4.593694424058269131e-03 3.333764650902241739e-03
1.447549370343296192e-03 1.751780198513264728e-03 2.300262915383375836e-03 2.740395610150017387e-03 2.621103574188423432e-03 2.320698151622548229e-03 1.931652340241648506e-03 1.954663361528336928e-03 2.601186078931523333e-03 2.212264181946292478e-03 2.776673467185372321e-03 4.476298613748234609e-03 5.921823825770803837e-03 6.071900362828486740e-03 5.454544844000114127e-03 3.967334847824137596e-03 2.833881341661938658e-03
1.394208737724225104e-03 1.485864286105507926e-03 1.976316380351933206e-03 2.685472721426865675e-03 2.805463937463009358e-03 3.048850237087028913e-03 2.876632296246826176e-03 3.811430223756523492e-03 5.118435803358244683e-03 4.447172686986574502e-03 5.286048656978506108e-03 6.668475342241593669e-03 7.165541012556642456e-03 6.299119807848516973e-03 4.606727346012258473e-03 3.195740520765707766e-03 2.346227527719076979e-03
1.503680066638634575e-03 1.577779030154066600e-03 1.977163817400055725e-03 2.958136503777296020e-03 3.747475464347667633e-03 4.585335071336399740e-03 5.638346146155286467e-03 8.270167351676183110e-03 1.209370843959111166e-02 9.311957205638932145e-03 9.505976476349055002e-03 8.994931143704308282e-03 7.809162150945067778e-03 5.909212553396500991e-03 3.797625492428566459e-03 2.802512475905604046e-03 2.370155541460672397e-03
1.364877150475259440e-03 1.467656396120807505e-03 1.879531491705606827e-03 2.725017121854739124e-03 3.618977401853672084e-03 6.684609126195130077e-03 8.628703605915798158e-03 1.207611902979234368e-02 1.680415356237512439e-02 1.207925072838954804e-02 1.047010613486942451e-02 9.226781419364416328e-03 6.453974413509558535e-03 4.450017812326147008e-03 3.198385066749208794e-03 2.310662587007276773e-03 1.936589370994689242e-03
1.597284672308824961e-03 1.780063346439078945e-03 2.392798257503292794e-03 3.366467168932064241e-03 4.969197047974574684e-03 1.014851698491767672e-02 1.407481924152874549e-02 1.807145211552602798e-02 0.000000000000000000e+00 1.702112721091252057e-02 1.312668036967186078e-02 9.874581522789485644e-03 5.681442786452932381e-03 3.983338777215382660e-03 3.237922777107893075e-03 2.359733743345165946e-03 2.047173168162675846e-03
1.544563352150687399e-03 1.696519667220453215e-03 2.451848601551605365e-03 4.158502982139385129e-03 5.960745509279940200e-03 9.425809776052753580e-03 1.079378740861841081e-02 1.165223274870670622e-02 1.580219574753550724e-02 1.033982858013176263e-02 8.029737413693114820e-03 6.640891376438359979e-03 4.186113226402956265e-03 3.009795318453641066e-03 2.341519940812608180e-03 1.992833921026976752e-03 1.795092041661155730e-03
1.746078415075387989e-03 2.099254883198126663e-03 2.973447906557748731e-03 5.520199367831875141e-03 7.595454423661458093e-03 9.030576407475595160e-03 9.635705411961004857e-03 8.627609244543098937e-03 1.075176607129116856e-02 7.101431531382103313e-03 6.174042409619194711e-03 5.587134004787312584e-03 4.806084078488105302e-03 3.841274323679462130e-03 2.532534215970858732e-03 1.939646564940802637e-03 1.962925047582623084e-03
1.824427727715856968e-03 2.474266368477311302e-03 3.465504859175210037e-03 5.294667054949853992e-03 6.333561484712580542e-03 6.116019911742813508e-03 5.704130152532715589e-03 4.807498583959618835e-03 4.537366495984828871e-03 3.583231379221234799e-03 3.559051482949429288e-03 3.685774243209126617e-03 3.699400598907202301e-03 3.309463953625171352e-03 2.291699732534583245e-03 1.764082956825987081e-03 1.559519151752050692e-03
1.848620575356531770e-03 2.949531199997644775e-03 3.918593194157706135e-03 4.857240007022356303e-03 5.191751618742195158e-03 3.831388461137183801e-03 3.203400662089987347e-03 2.429602344144400367e-03 2.246721436252606657e-03 1.850788832432010604e-03 1.963567691918336258e-03 2.421060844457199532e-03 3.132432341064637134e-03 3.263649580531202080e-03 2.641389189236488088e-03 2.035616764319136268e-03 1.659052380288654135e-03
2.083854006142401259e-03 2.936435281782953568e-03 3.528873512303632321e-03 3.786315475694194271e-03 3.648904750292031752e-03 2.730492231248219520e-03 2.196287690751066914e-03 1.970744955685034983e-03 1.866440540786277981e-03 1.345277790843680881e-03 1.312620378507604402e-03 1.540580404535344620e-03 2.191640552788714016e-03 2.455320431177778363e-03 2.342680190245742099e-03 1.997414781602930255e-03 1.619477768420008205e-03
2.324099506750363503e-03 2.723994064068658780e-03 2.992525316961878405e-03 2.680453581701257217e-03 2.399169479959948996e-03 1.965369994636410357e-03 1.399430980288692136e-03 1.330129315630470968e-03 1.277551587855929116e-03 9.033471022111086999e-04 9.595614813578496813e-04 1.112621386688222944e-03 1.466063811565123136e-03 1.781850786418745633e-03 2.012392419864744968e-03 1.920692388732768083e-03 1.776411685859649982e-03
2.205737793810283280e-03 2.246205828584636917e-03 2.326239118114369758e-03 2.074317513522258138e-03 1.859295237298052260e-03 1.509572760804889831e-03 1.115878910554776379e-03 1.120173411431843588e-03 1.273144926277080136e-03 8.823244293831192069e-04 8.684489768431764064e-04 1.090409473100425672e-03 1.269741715779211738e-03 1.435315285871769340e-03 1.760837266593140698e-03 1.860975038610122867e-03 1.873092713856866660e-03
1.800483944885016875e-03 1.730975401645030434e-03 1.720972623957392131e-03 1.530045643508471396e-03 1.313535418873335763e-03 1.125991677243746991e-03 9.606787118794785085e-04 9.243239992908874577e-04 1.062318388911001306e-03 7.194652919505418369e-04 7.859166594064324537e-04 8.974271122154766148e-04 9.640457605800378240e-04 1.144598542909033411e-03 1.483859596043594822e-03 1.699537452864062752e-03 1.892008766478563055e-03
