1.080490194088176443e-03 9.608405914931181799e-04 8.437246281120749534e-04 7.157347794784636426e-04 6.997734022101688130e-04 7.388142562091330832e-04 8.792877581579459012e-04 9.862836579292541712e-04 1.225886856035481899e-03 1.254353421089607996e-03 1.395692282932138031e-03 1.595139046754365329e-03 1.926641028718816592e-03 2.495500541982572859e-03 3.121892971104051149e-03 3.272148534640043072e-03 3.109676781428376887e-03
9.070107933272876293e-04 1.015368748421254007e-03 1.043816088511928834e-03 9.437841912757351888e-04 8.955931997772755351e-04 7.880697100381522631e-04 9.085609359419578217e-04 9.540473390496948631e-04 1.274548397318940899e-03 1.352539930782629182e-03 1.654267075081444598e-03 2.245090817338404789e-03 3.089822767133692388e-03 3.922252210252916843e-03 4.323817468336463125e-03 3.905726332947865882e-03 3.163680264692111856e-03
8.549776002303910351e-04 1.026598615061530663e-03 1.275010810006665506e-03 1.283228865672510861e-03 1.203347406315585788e-03 8.983459887441149492e-04 9.383090681494384759e-04 9.469713569222430738e-04 1.318230336498006855e-03 1.589793720585844618e-03 2.309016062229250071e-03 3.507692845982166886e-03 4.959854803343518963e-03 5.625321080032990619e-03 5.332150284220669480e-03 4.192242667479720471e-03 2.935479992916671579e-03
6.843017113949981462e-04 9.309352010838397142e-04 1.302638058388328737e-03 1.586179766984685893e-03 1.729293554240180679e-03 1.379019279932008121e-03 1.215468033737430965e-03 1.077260707180632219e-03 1.393023130370109851e-03 2.622879074070683884e-03 4.487552016364766867e-03 6.264687369944144449e-03 7.567805210311026771e-03 6.992616273179306542e-03 5.465162356610912646e-03 3.767514253025223622e-03 2.457948883635495234e-03
6.423410804027250001e-04 8.126690619866505346e-04 1.207907163630806855e-03 1.792720305530612129e-03 2.268819677524313173e-03 2.134398901246262106e-03 1.973429958803548344e-03 1.553511047507104411e-03 2.016973902789067491e-03 4.677793658106661583e-03 8.200757421742642037e-03 9.834898510465320959e-03 9.934619780098361344e-03 7.574976083287666452e-03 4.844609262820588798e-03 3.060186002769656795e-03 1.952009145858458767e-03
6.206759118369126194e-04 7.083313121374187546e-04 9.212750078328687305e-04 1.489679579007595388e-03 2.221895356905281577e-03 2.684345115880465687e-03 3.062660352534289990e-03 4.102381472250473532e-03 6.110147762367701754e-03 9.742329810591887976e-03 1.306179137919004710e-02 1.233710632068254001e-02 9.857658603001088343e-03 6.406240500970520821e-03 3.546595856939987763e-03 2.262257856612481625e-03 1.693579954134314270e-03
8.383331486163204472e-04 7.935868013657467520e-04 8.802019616702479350e-04 1.272252087774351347e-03 2.048665666678690413e-03 3.065594048504519456e-03 4.777143544859256859e-03 7.726755527391554121e-03 1.315401063777745135e-02 1.606130526897414645e-02 1.790776024239293385e-02 1.324022872335034809e-02 8.215655962010737223e-03 4.526844115451247007e-03 2.262452588494535954e-03 1.762508221921267474e-03 1.531596698002011528e-03
8.271206161106022968e-04 8.301444676129581196e-04 8.449933883272579827e-04 9.570592114924347978e-04 1.451883415133379445e-03 3.814207211243413401e-03 7.470258481071936213e-03 1.376800112133457973e-02 2.039340874699313924e-02 1.923250883186397933e-02 1.662566323219880071e-02 1.038181817867239384e-02 4.891362185993826037e-03 2.767505327883946955e-03 1.763951952087219324e-03 1.502362401662485532e-03 1.397523917034892808e-03
1.069996116897555796e-03 1.085519296223046160e-03 1.069014791462817235e-03 1.041851168254776536e-03 1.493014310850756350e-03 4.929966128363356438e-03 1.183636825253993156e-02 1.928001159082916305e-02 0.000000000000000000e+00 2.073847595323456347e-02 1.396257853812507034e-02 6.361410855614635200e-03 1.913596938686749904e-03 1.483861499438588740e-03 1.337757061566969587e-03 1.333964713459661776e-03 1.285153483505477442e-03
1.020875671400385456e-03 1.075976730999030810e-03 1.147427063636750509e-03 1.762420443447887137e-03 3.358952954315950600e-03 7.525129533835022387e-03 1.326385681621369481e-02 1.694103051194412179e-02 1.943744088974907677e-02 1.473419553853496863e-02 8.520105712454454847e-03 4.475649064543204929e-03 1.757171840099218136e-03 1.302593440113781901e-03 1.133144391313551866e-03 1.074481481193706586e-03 1.066653310846867216e-03
1.073950168255874893e-03 1.259095828376298335e-03 1.570359176994469766e-03 2.964802303560066729e-03 5.688869392152037449e-03 9.518950931441626934e-03 1.380883976659879470e-02 1.370566281684906969e-02 1.254230935955974804e-02 8.101020712889667880e-03 4.849514378263150051e-03 3.120162584908379218e-03 2.153449662598596638e-03 1.424922834263666086e-03 1.064176655590541717e-03 1.042933586147686388e-03 9.828399554509675839e-04
1.125611245255664621e-03 1.463962949145741462e-03 2.223106500092423936e-03 3.979043457860875765e-03 6.625763344880473797e-03 8.706775747221093958e-03 9.798282088922510152e-03 8.258147784678386907e-03 5.604131744144845613e-03 4.187595255727327888e-03 3.119159289045642276e-03 2.762126668758276785e-03 2.305732588347103682e-03 1.600507651198527104e-03 1.129688168529384895e-03 9.421402193083630843e-04 8.461096645450466493e-04
1.226654522089520470e-03 1.883461867213333816e-03 3.046438776839513560e-03 4.694957980767646387e-03 6.497973610680570986e-03 6.712701394421565458e-03 5.789980687161313221e-03 3.590955189056268312e-03 1.609270372617130395e-03 1.650512470307176696e-03 2.158050798197041781e-03 2.265810797746460083e-03 2.337420329506908079e-03 1.804960446036778894e-03 1.292620401956372667e-03 1.039234881380943915e-03 8.611264365507736475e-04
1.481833874036804846e-03 2.274165690713219560e-03 3.424987416245642118e-03 4.373810005461891900e-03 4.886245379144202143e-03 4.259456550586372507e-03 3.043259387731917735e-03 1.985263444053539730e-03 1.199525253681094691e-03 1.226875961256471657e-03 1.417295651705028758e-03 1.572170981607068536e-03 1.818198006078712873e-03 1.643765487356957681e-03 1.378884544916763114e-03 1.099783050507387996e-03 8.574359197473018987e-04
1.777643797201278924e-03 2.486115171560115186e-03 3.208421264233541226e-03 3.348626720927744098e-03 3.052192128978216575e-03 2.262235201253253239e-03 1.473216043258260104e-03 1.202149806983701446e-03 1.043316879501786365e-03 9.909329153680098302e-04 9.508445365357566384e-04 1.029104712020725886e-03 1.279990629743909744e-03 1.285423953141080983e-03 1.307851581164481839e-03 1.151958537711157953e-03 9.748585016713230775e-04
1.841558702541653192e-03 2.277511579637868377e-03 2.531434072598032561e-03 2.275642639280165292e-03 1.821292266164582525e-03 1.341565938046443982e-03 1.011425798433194818e-03 9.638309067699823898e-04 1.017288796122791479e-03 9.162632772046026483e-04 8.874963744949264854e-04 7.884899651292033010e-04 8.943351862805727897e-04 9.879813863498511720e-04 1.070866970461299824e-03 1.119729250883982723e-03 9.899063978152562466e-04
1.720254300926495799e-03 1.873788333436386937e-03 1.824632723733889518e-03 1.474876713861624075e-03 1.145426601438786747e-03 9.794860809681511359e-04 9.330115374787357552e-04 8.989307015945801086e-04 9.705053179920091139e-04 9.192394377738333233e-04 8.818525765109261555e-04 7.923537098994121305e-04 6.991656095805275127e-04 7.045911892020738929e-04 8.116500537754807280e-04 9.085978420485232767e-04 1.018682800857428688e-03
