1.428213850700678963e-03 1.484198000655226248e-03 1.284738964560391307e-03 1.063210694984915734e-03 1.714650038937155872e-03 1.879975422773258985e-03 9.218788495675075967e-04 1.506886467309344032e-03 2.652499624417829077e-03 1.407844408132252713e-03 8.645069350938191285e-04 2.058413530800489322e-03 2.156860518519473913e-03 1.398024932350797143e-03 1.320126842930416031e-03 1.847129260788333508e-03 1.872041226293871515e-03
1.697579190287257797e-03 1.820463354906176959e-03 1.152112083369017043e-03 1.209666509351811463e-03 2.335977954338052092e-03 2.458977584156110847e-03 1.101382537385250590e-03 1.862464670901406785e-03 3.440755768131131820e-03 1.813008394721774864e-03 1.196348036094311857e-03 2.214492920178223311e-03 2.426444542188622815e-03 1.551240926633278092e-03 1.644093076510288890e-03 2.328456097548546079e-03 2.313109843222759671e-03
2.143658732116011587e-03 1.928018399384315643e-03 1.114912520140570176e-03 1.181531186281136120e-03 1.701903893436436865e-03 1.771762622698381216e-03 8.197155488733664022e-04 1.184632615792408084e-03 2.224321287121076070e-03 1.260828932793632779e-03 6.656463147950613182e-04 1.635712750866107892e-03 1.936694182339469567e-03 1.734954212382566101e-03 1.510200202024411910e-03 2.201008888904819501e-03 2.584571757161113238e-03
2.554244535963487786e-03 2.453105431707101620e-03 1.598664964169464612e-03 1.652586503022634122e-03 2.323945550532575694e-03 2.019620166360815063e-03 8.380095686408031925e-04 1.370013007430797083e-03 2.948384938695758784e-03 1.825931636995063723e-03 7.983923242660603825e-04 2.280127447049841872e-03 3.396753872696616546e-03 2.195550764157018584e-03 1.976962407853747813e-03 3.227854139872355071e-03 3.476589033157091637e-03
4.319695636513486148e-03 4.350396304080027948e-03 2.467582757231526463e-03 2.884470053963360345e-03 4.092648574874601861e-03 2.348928778029618289e-03 1.011271960625509479e-03 1.658945486400902405e-03 2.354690860659940013e-03 1.707411377647463473e-03 7.485011617530628160e-04 2.270409054556244647e-03 4.458239590294846982e-03 3.085784487935615793e-03 2.472815605934281218e-03 4.513735422515037336e-03 5.006241813864422720e-03
3.833645018424030205e-03 4.323575089201453156e-03 2.922751872107005877e-03 3.293996262480360787e-03 5.101823794478621034e-03 3.986410242831233547e-03 1.356896648088945587e-03 2.575736104782063579e-03 4.736959798010384991e-03 2.493554982771659014e-03 1.050702020567688758e-03 3.239318955931315153e-03 5.231068509862117112e-03 2.929599055487143704e-03 2.544761914171020118e-03 4.351280722685591830e-03 4.300841266716177481e-03
5.306617098643853954e-03 7.116600192005380181e-03 4.720539420639210254e-03 5.638549319074452268e-03 1.141271122280367555e-02 9.727109727202393197e-03 3.354041528612471384e-03 7.311008577680563891e-03 1.726819810169150787e-02 7.821899660738944673e-03 3.191576445660153100e-03 9.880454248140322845e-03 1.304369807588031706e-02 5.168436953198104859e-03 4.131651901472835689e-03 7.611272695967495096e-03 5.632151259736112997e-03
3.748126112613991978e-03 4.545928990358361586e-03 4.143466475632597706e-03 4.339395586224373963e-03 7.684015063772827933e-03 8.094247218620892817e-03 3.008761648020392976e-03 6.137817943241653459e-03 1.333501281784408611e-02 5.468043786463704613e-03 2.001124048014267867e-03 6.219065861426794663e-03 6.231543991532680592e-03 2.831610592293063583e-03 2.581687437298941026e-03 4.118775382024757181e-03 3.473550799873163959e-03
4.501007441004576184e-03 6.119770297765119056e-03 5.633665611881577030e-03 6.354261672088325902e-03 1.755060278153231304e-02 2.023443018575171379e-02 6.597902410686940292e-03 1.571947785511385379e-02 0.000000000000000000e+00 1.486970613754277394e-02 5.773602274632068897e-03 1.917487487752268793e-02 1.664677551159611871e-02 4.544885366614877589e-03 4.266833699932299009e-03 5.708131153212530305e-03 3.759032518312381988e-03
3.719151396259184721e-03 4.314216795643808708e-03 4.017811912876614183e-03 4.322725365678316105e-03 6.782787262762706749e-03 7.020632237442199323e-03 2.866497921602817901e-03 5.216939412070667817e-03 1.149669589895040492e-02 4.113235841370294424e-03 2.049894519553707804e-03 5.961442362525885136e-03 4.864348861494446202e-03 2.438663635252556923e-03 2.575172111908852115e-03 3.318940012313142517e-03 2.617291287847206462e-03
5.000261438324894378e-03 7.056941718355941306e-03 5.077699373175392251e-03 5.757634451780525506e-03 1.175920604218363801e-02 9.947051127617751592e-03 3.594805615157615347e-03 6.825244014485846826e-03 1.565330914802876699e-02 5.845567135254983726e-03 2.656644992474322450e-03 8.456979532973090893e-03 9.949489203338946972e-03 4.142172209484613205e-03 3.537373824149327682e-03 6.138598789369823297e-03 4.648821955317645332e-03
3.613669864189019733e-03 4.049190416995217257e-03 3.136417985686298492e-03 3.149169130943481592e-03 4.681217139023426989e-03 3.214710474470831945e-03 1.662710668866855751e-03 2.517688686351247668e-03 3.745687601252651548e-03 1.599669061138921577e-03 9.389973446394621597e-04 2.780883497963160342e-03 3.415559821568294168e-03 2.076321915762367309e-03 1.916289761914989924e-03 3.152470779994431555e-03 2.883202526997564151e-03
3.922060581698845125e-03 3.908711984563928259e-03 2.610370592684967388e-03 2.854910485885823329e-03 3.815995386286380464e-03 2.231164392746560858e-03 9.867384871390548137e-04 1.763199841121513818e-03 2.293394262184277575e-03 1.249305811396472831e-03 6.127153690478891494e-04 1.880385359039890743e-03 3.199002699524725307e-03 2.026683643152776305e-03 1.692952710132934399e-03 3.861515377538897974e-03 3.775827707902201531e-03
2.374115900397141387e-03 2.652075524918408485e-03 1.809802335708275527e-03 1.999704448797908277e-03 3.134817985271290148e-03 2.127898714349274641e-03 1.216236765464871923e-03 1.876844614244619486e-03 2.912762122402927801e-03 1.081964712260642322e-03 7.231243866318629292e-04 1.899532199402409732e-03 1.902130535803176706e-03 1.154037839548674622e-03 1.225080130707688082e-03 2.297253831698073227e-03 2.441637847119827818e-03
1.997679907063904924e-03 1.967337863102376020e-03 1.386590845647290736e-03 1.590175541768133922e-03 2.069652871894584259e-03 1.630429008380100946e-03 8.934287777063483612e-04 1.413088420129147245e-03 1.689899280173407393e-03 7.885397080721213287e-04 5.034238049796211766e-04 1.237875115319406194e-03 1.281394983906443451e-03 8.479421745642121188e-04 7.996894943025958371e-04 1.759992487180228387e-03 1.789869926765359255e-03
1.919181684855037970e-03 2.146617582506025589e-03 1.567205433798938945e-03 1.851116070584375673e-03 2.600357974133297220e-03 1.977504246707191288e-03 1.117000858771726628e-03 1.661710870765667957e-03 2.742964092454277386e-03 1.078925984629202500e-03 6.613864006759515371e-04 1.995541199976411280e-03 1.790264925273232343e-03 7.727752170923593480e-04 1.018726964355262492e-03 1.757492586980705833e-03 1.552015286472444629e-03
1.733420321285444269e-03 1.915860599814394900e-03 1.414517976261414709e-03 1.507086128989796421e-03 2.174952814676521084e-03 1.706078921445688609e-03 8.015151640629461028e-04 1.462795260749130645e-03 2.414403836735384834e-03 9.611436301471146335e-04 6.484877441576376378e-04 1.822356033850398849e-03 1.463122588809035026e-03 8.560053225201639648e-04 9.346532154590512327e-04 1.502096477819005139e-03 1.288723137177807173e-03
