1.591016465931728964e-03 2.083366133094616615e-03 2.223488451050670799e-03 2.808993895682499603e-03 4.406297547022926080e-03 4.170424947574361690e-03 6.041585208164190236e-03 4.044222176801092958e-03 4.659135202977161133e-03 3.813076317406199726e-03 6.712805584635709276e-03 4.552721053170352694e-03 5.077870326360267757e-03 4.129130985221361912e-03 3.431437093438037111e-03 3.342679676070178883e-03 2.559746204760971963e-03
1.398379729752787220e-03 2.092003511707608843e-03 1.900841829193038353e-03 2.634788995000156807e-03 4.456581511868569490e-03 4.423722387142914672e-03 7.311453960447474899e-03 4.579169570111299437e-03 7.141801811163089528e-03 4.854668467748676081e-03 8.895449274635916156e-03 5.580065859157129493e-03 5.530390282517718900e-03 4.366772236990926551e-03 3.496946636566241468e-03 3.522821161774470754e-03 2.591052698394992818e-03
1.032875618915609457e-03 1.242974539193432296e-03 1.097115271434483466e-03 1.476230253431549651e-03 2.220465356457566614e-03 2.743439869102799137e-03 4.818958688141761378e-03 4.036443464355164365e-03 6.344674238992021285e-03 4.177511610680262506e-03 6.041639916282201712e-03 3.822293795259879695e-03 3.374181823565926362e-03 3.087086175482929139e-03 2.296182401018616662e-03 2.307033855874128948e-03 1.636761162190785790e-03
9.486450842348038330e-04 1.092893662394076168e-03 1.044775301544964737e-03 1.533009409268155715e-03 2.349878992020466763e-03 2.810287152270484270e-03 5.255138438570487562e-03 4.150418462629382188e-03 7.017291871531892815e-03 4.200039850027720983e-03 7.057556121698676729e-03 4.197016508682644212e-03 3.536068633807776512e-03 2.996633557465260434e-03 2.019570807576929420e-03 2.136811190526337074e-03 1.799644909121374736e-03
1.433310592510161951e-03 2.014461015384733360e-03 1.459214192475523928e-03 2.302410924581047534e-03 3.301315505904923401e-03 4.221933495497865590e-03 1.047772777480932178e-02 6.072710641105923818e-03 1.875290174606045884e-02 7.104488585153714494e-03 1.400407199489195516e-02 6.220410708594590124e-03 4.925647479244782759e-03 3.955194756731388039e-03 3.016792140959490085e-03 3.671444585070589902e-03 2.723054573896878730e-03
1.635263439493877136e-03 2.009329843473339153e-03 1.340860133237037431e-03 2.064715269696309943e-03 1.784461309971501364e-03 2.863092490476918869e-03 8.560860629138921513e-03 6.745398898440727736e-03 2.040880141182178226e-02 7.637722374004628050e-03 1.102369963316579028e-02 4.051120900151528904e-03 2.894007675417890110e-03 2.575915003663566648e-03 2.082112637380515666e-03 2.580490241952270239e-03 2.049301512027165793e-03
6.373138871025843446e-04 6.362225310533861427e-04 5.076692720089204681e-04 8.739201018775087431e-04 7.869886817761106860e-04 1.126977596563855100e-03 2.772211585701500440e-03 2.329306906546781825e-03 6.747537527666451831e-03 3.362765379394725470e-03 4.149217942809811308e-03 1.983467744285409388e-03 1.107185480114021570e-03 1.256092284349083227e-03 8.965516104306978399e-04 1.125312109457540311e-03 8.589486042334603614e-04
9.725212951883743491e-04 1.147907196225418170e-03 9.561192606864653189e-04 1.258260158887282865e-03 1.284739601752054238e-03 2.020817734557229118e-03 5.934843575176841461e-03 4.939442552893575158e-03 1.561145011367107149e-02 5.314259125906837904e-03 7.228581482494989691e-03 2.643044750963544597e-03 1.657950676946686472e-03 2.164479038322071613e-03 1.452792865552489333e-03 1.945963637136245228e-03 1.796520521168909045e-03
2.275999139791688979e-03 2.797159053051650329e-03 2.022529358799586736e-03 2.784062591644137236e-03 1.903462611526951986e-03 3.636436055411371507e-03 1.475670188665388280e-02 1.190066158827853340e-02 0.000000000000000000e+00 1.172823670177374801e-02 1.629683417817482868e-02 4.156524585483221783e-03 2.662762421020254625e-03 3.667177061142413812e-03 2.365638766166561387e-03 3.461901056503723876e-03 3.082729196463999347e-03
1.374116885559588429e-03 1.453835465299092118e-03 1.119548880374583071e-03 1.538272145347058641e-03 1.302411756394610421e-03 2.218971823938350844e-03 6.374559936760444516e-03 5.116765801614075147e-03 1.504956139957630903e-02 4.592916799936192646e-03 6.375178129814005473e-03 2.331689760756597545e-03 1.505594097665533069e-03 1.448083178400733171e-03 9.805494913812154954e-04 1.400943727288029694e-03 1.182220275527354290e-03
4.723944444317326307e-04 4.861340658850549982e-04 4.925007239770537535e-04 5.987289424325496203e-04 5.861759944084453215e-04 9.820111984778557603e-04 2.769763839311082179e-03 2.256497197706223458e-03 5.922139110061894370e-03 2.447760724277957267e-03 3.020183620910333201e-03 1.254192578277734402e-03 7.344927579000405790e-04 8.743016839799275632e-04 5.876407185870741266e-04 7.712581168977752401e-04 6.401923468951078392e-04
1.369585596522518650e-03 1.560392535548605969e-03 1.078393151230307547e-03 1.662445124281694336e-03 1.608710420269103981e-03 2.466531921335057397e-03 7.942524271386121326e-03 5.597720333471330884e-03 1.761487833921925386e-02 5.280019699337874448e-03 8.345435956979677800e-03 2.889504392461301942e-03 1.999802422033568425e-03 2.305557963951388942e-03 1.527594699050171655e-03 2.092649744513345317e-03 1.931802008575827373e-03
1.814408075662436812e-03 2.206906515192558552e-03 1.724919942347196257e-03 2.323922999057158149e-03 2.810304448106311186e-03 3.697175354042386147e-03 9.883304449210934817e-03 5.443266577828640394e-03 1.586139061976336168e-02 4.611107876394099359e-03 9.859535807510748373e-03 3.570554755051865738e-03 3.354925266339809069e-03 2.231642831467285908e-03 1.662517575708498526e-03 2.156327194816457654e-03 1.870518968972291994e-03
1.021183692124092357e-03 1.302095041572368887e-03 1.125491838221077566e-03 1.560878182040996778e-03 2.145786228353107478e-03 2.305934553479108834e-03 4.436940778900400235e-03 2.712018102299969778e-03 4.656455943597816519e-03 2.667975211474252553e-03 4.518131713235223369e-03 2.710674144672418299e-03 2.496479130202705187e-03 1.662608955658604216e-03 1.205178143578470402e-03 1.168268421040365851e-03 9.547218612463192252e-04
1.102385154764516087e-03 1.409684211204578590e-03 1.149218915652014958e-03 1.713304027035725350e-03 2.149400821840436945e-03 2.379890882276718654e-03 3.704757650920628524e-03 2.696039403712884204e-03 4.576037469491321501e-03 3.025532474635070444e-03 4.266407957791551638e-03 2.541811121279199948e-03 2.175674652494578171e-03 1.535077127353394900e-03 9.077989792524633226e-04 1.085533600413608225e-03 9.408484038889500505e-04
1.652546506667552711e-03 1.881664337471136445e-03 1.727236987816340276e-03 2.312559192998830514e-03 3.148796352096237296e-03 3.221748178069590730e-03 5.898996297464581713e-03 3.456745119244334676e-03 5.861323400964752600e-03 3.541853800585809640e-03 6.123693410538253064e-03 3.322857434781278062e-03 3.840675424833121365e-03 2.002275493350681897e-03 1.342749022857308997e-03 1.677460867047777084e-03 1.291832265991100376e-03
1.756024396489326306e-03 1.820445651971306983e-03 1.781170185061786097e-03 2.137332855428213975e-03 3.220630879274424905e-03 2.713577242538822362e-03 4.389396776230294721e-03 2.968202929050520623e-03 3.714905173776220960e-03 2.999833176346654653e-03 4.773301617008034702e-03 2.929032690427591217e-03 3.874229776296833540e-03 2.145031165595286549e-03 1.574537377179751393e-03 1.539557401731958888e-03 1.452787970956996967e-03
