2.610781971152482169e-03 2.549362666673033948e-03 1.466819415958376316e-03 1.611475250299378896e-03 2.631736067138119688e-03 2.012430359397793592e-03 8.296028144681773936e-04 1.487868523458564518e-03 2.407049539205660671e-03 2.126276720659641198e-03 1.117613149558196279e-03 3.091089395019141518e-03 4.445852819422667877e-03 2.401922190657177457e-03 2.515665841819737878e-03 4.598800740074388167e-03 3.733348223592490925e-03
2.538360126015907266e-03 3.094447290774476281e-03 1.770891693091210858e-03 2.132191983053415008e-03 3.553833480833357237e-03 3.091448838091981344e-03 1.356672096282231059e-03 2.331635041988285115e-03 4.532594062796276024e-03 3.696043251971690459e-03 1.699477779821706143e-03 4.710576630011345349e-03 6.956585862379752183e-03 3.318726271507917852e-03 3.126728515532510837e-03 6.318747311471232912e-03 4.420745916955694764e-03
1.330437057901675928e-03 1.691900042105916714e-03 9.596274843398693239e-04 1.033792250799426323e-03 2.013680638031153415e-03 1.827639099567672509e-03 7.096420524134721287e-04 1.461899759895694990e-03 2.544497814910937506e-03 1.859202357847841540e-03 7.272746440537707947e-04 2.313706828698954519e-03 3.645363008119856772e-03 1.446107535935713638e-03 1.399927026122276463e-03 3.068253948923325720e-03 2.401661717065426815e-03
1.669015912911680534e-03 2.062371379010857330e-03 1.037526267974344090e-03 1.248989260385450877e-03 2.775121697596619978e-03 2.289224154761427925e-03 6.216942534386135210e-04 1.843355436708035483e-03 3.750439006938239422e-03 1.910672108040659947e-03 8.353141407943307081e-04 3.384356672131387262e-03 4.153350740097587479e-03 1.473540915291953303e-03 1.490017879049776494e-03 3.178655275376170066e-03 2.134964573922070070e-03
2.761660243126339790e-03 3.761702412570613104e-03 2.044988009199993819e-03 2.890867629022915875e-03 8.318271102197726322e-03 7.448393974069220450e-03 2.315849862163178556e-03 6.668578280266824164e-03 1.686538145643515924e-02 7.489301437409889850e-03 3.090624332981719603e-03 1.101677829907012941e-02 1.287641698097030316e-02 3.681444574802819353e-03 3.490164297619841559e-03 6.778919942303366850e-03 4.027669196124517882e-03
1.799046703158160929e-03 3.017747550963912825e-03 1.723882107698141569e-03 2.258481154897708058e-03 7.261317387231956341e-03 8.424041634692871344e-03 2.564589423834974860e-03 6.087558826122603343e-03 1.722878564179994298e-02 8.296023869614966434e-03 2.529794949591118985e-03 9.026330630616119163e-03 1.068276666717424793e-02 3.103201016079054197e-03 2.170699383166395640e-03 4.764687823358974839e-03 2.988402130472472048e-03
7.895536728100853354e-04 1.232626463388552694e-03 5.873329848668013735e-04 6.096090688793974087e-04 2.140448214752378297e-03 2.570419796527442097e-03 5.638123443446112172e-04 1.654505475748057610e-03 4.501834786030694223e-03 1.959766761162647173e-03 6.048315368036631624e-04 2.725183503337607217e-03 3.009135006449823336e-03 7.649298886780261540e-04 6.754338902240260289e-04 1.557659251919198259e-03 1.045126732005882512e-03
1.469155469594019903e-03 2.296097873635109983e-03 1.160128837636359650e-03 1.728652096723423768e-03 6.398955333159852578e-03 6.012747746032942597e-03 1.616041156457116278e-03 6.429103435008278779e-03 1.454587019835481415e-02 4.956081914332124971e-03 2.087000757918411071e-03 8.877331409054708966e-03 7.468581252040315012e-03 1.588778674148791370e-03 1.744393779102608065e-03 3.442589358760231397e-03 1.622945909205784649e-03
2.074631868108065859e-03 3.987749109660168600e-03 2.033910664661681047e-03 3.315598383570986501e-03 1.568555931412347546e-02 1.643523046803349597e-02 4.376110543627006154e-03 1.444877557155704699e-02 0.000000000000000000e+00 1.463904513607732806e-02 4.576290140544387111e-03 1.806846926249575103e-02 1.719396253051374418e-02 3.105735045251739514e-03 2.547992738679498003e-03 4.696523193783385362e-03 1.937139454485587234e-03
1.500505382055613559e-03 2.897878752699349462e-03 1.437407911245928028e-03 1.433133892677599438e-03 6.657484735522646233e-03 7.795537259439893132e-03 1.853224451624567275e-03 4.826675587420807198e-03 1.439121047966447284e-02 6.338877143721461521e-03 1.492374154521025403e-03 6.113733188439049622e-03 6.501992038386785779e-03 1.448741386313062620e-03 1.260668087895202780e-03 2.446204039659725157e-03 1.418038542195432369e-03
7.862165387067135240e-04 1.214396768085471709e-03 5.040501441372157538e-04 5.999199561153350981e-04 2.641530076315967007e-03 2.358538211849006954e-03 5.713567796471454236e-04 1.884253303885296063e-03 4.339701277341687438e-03 1.529413234270255188e-03 4.322201674749214960e-04 2.596668030023540838e-03 2.071290676996023414e-03 4.866526548855100399e-04 5.412693957603058586e-04 1.174583283409886582e-03 6.027272021070211733e-04
2.374392183430521549e-03 3.768073441104552012e-03 1.527792596143403995e-03 2.519345722581505572e-03 9.288483530343680586e-03 7.942290467750270228e-03 2.244398592097471626e-03 8.134325834807021663e-03 1.681589667710678762e-02 5.735454605561719765e-03 2.517067635106901100e-03 9.042334505740894438e-03 7.488369281100005180e-03 1.895220317303966066e-03 1.829584453091339605e-03 3.194961216485816755e-03 1.683951599856106781e-03
3.079578564814827637e-03 5.083486874996273261e-03 2.438081025842561093e-03 2.918615365091704102e-03 1.059492961684942343e-02 9.037740478599971122e-03 2.599784546183875420e-03 6.868511535368680698e-03 1.559836290627534920e-02 6.099747961909474797e-03 2.149134539216163934e-03 7.463982149267027640e-03 8.152435603935442865e-03 2.443350632915152094e-03 2.035487603677578299e-03 3.898287752768187907e-03 2.389938819331634962e-03
1.468032284380431938e-03 2.317733634443374779e-03 9.832039560876508748e-04 1.008301068078234098e-03 3.006356847717524174e-03 2.382869709871704954e-03 5.500009743779802436e-04 1.353413675474292310e-03 2.781389441051015585e-03 1.379810249095901435e-03 5.638581340953928650e-04 1.967416309398735842e-03 2.346100291849780289e-03 1.062696910961035031e-03 9.117660698688546776e-04 2.002475036475014937e-03 1.382010932707705480e-03
1.577129941087733163e-03 2.171458485844679400e-03 9.115405483270160253e-04 9.585828379099866530e-04 2.767009305190611893e-03 1.786750288480774785e-03 5.885097107469756776e-04 1.654026034458452648e-03 2.261423054199400429e-03 1.162804175038716081e-03 6.517830101826308517e-04 1.836457585799132616e-03 1.854305847754760591e-03 9.399549944395214039e-04 9.696877245289424853e-04 1.753096255153652758e-03 1.173950740624676381e-03
2.742153635808540144e-03 4.211325879616866462e-03 2.044890017200263078e-03 2.268423913600076548e-03 5.253130162631039664e-03 3.623567047333240906e-03 1.259595637366557391e-03 3.207452717908438385e-03 4.078059174862339216e-03 1.972156401431909498e-03 1.207515244493242859e-03 2.994337880169570167e-03 3.465906943061685102e-03 1.833056177051176029e-03 1.817129287997786436e-03 3.145367790103552504e-03 2.246463815426323011e-03
2.358259419053218477e-03 2.779076102490695300e-03 1.489894585281864060e-03 1.504072180032440522e-03 2.901247403521007868e-03 2.031293007980120024e-03 7.196699782513105072e-04 1.379486642064961391e-03 1.569443754939011271e-03 1.076687081911931448e-03 5.951062344931272582e-04 1.659374594209240975e-03 2.138651123698327716e-03 1.433693335020894480e-03 1.352229195698484909e-03 2.403510862431455439e-03 2.155611618636583352e-03
