5.155123413707170255e-03 4.033683264271352778e-03 2.307764207452957499e-03 1.485376024720949737e-03 7.028467878687055239e-04 4.692127342378214685e-04 1.064571033931983142e-03 2.578225668190487819e-04 3.773734130892829070e-04 1.704561240006065043e-04 7.211565259457876050e-04 1.502027040881640700e-03 1.593450500125215491e-03 1.689472068840721991e-03 2.304068707342935788e-03 1.785009252951014896e-03 1.007120656901892494e-03
3.892339836469963042e-03 6.002744490093215105e-03 4.644860856316276355e-03 2.618590264341061694e-03 1.505120013799811102e-03 1.072503127198825949e-03 1.404415272949993123e-03 7.008218239337385283e-04 3.950310040881258944e-04 1.142864126096664414e-04 2.171909684226746521e-04 1.547665522099712573e-03 1.695249241327296706e-03 2.180640421379259359e-03 2.889453409873159878e-03 2.029221793789422103e-03 1.546571521747449338e-03
2.269405672423488798e-03 4.463615951303934702e-03 7.471155239373020694e-03 5.327250073882830797e-03 3.241546672273745450e-03 1.693911867246559707e-03 1.079282148820086664e-03 7.432090211675461151e-04 1.149763653156295369e-03 1.000679523078414979e-03 1.502218431871993288e-03 2.556747345939788373e-03 2.517299536261521919e-03 2.187218600603236304e-03 2.531523903692678781e-03 2.166756304597618546e-03 1.168957097781426167e-03
2.911588604905563250e-03 3.292844183391754973e-03 5.109378604161125131e-03 8.307323573410428652e-03 6.574289970024725129e-03 3.550463544961788166e-03 2.895705515558016137e-03 2.071970507338339977e-03 1.764476071393414900e-03 1.786138696079269360e-03 2.175957249244948096e-03 4.643034371926861581e-03 4.114875575512117606e-03 3.604802046259846481e-03 2.300718183585897126e-03 1.275242894423999707e-03 1.122503432715555183e-03
1.869273271444355346e-03 2.361757732398034500e-03 3.114937987877787733e-03 4.927224001231669294e-03 8.639233356309863193e-03 6.846549560930877652e-03 4.592700904315815714e-03 2.735022146324065425e-03 2.195942249200549725e-03 3.030210850444828036e-03 3.751003497223772288e-03 4.361743961698137315e-03 4.201346497523849276e-03 4.302656128417250113e-03 2.357013126118672180e-03 1.075130618325644471e-03 1.508023958579361333e-03
1.117619418183960151e-03 1.267462023668052776e-03 2.545710465496111782e-03 3.262320864708087229e-03 5.474758181854966557e-03 9.271440328776263742e-03 8.073694245483009971e-03 6.383605472340041741e-03 5.284361952081680427e-03 5.138484211805143323e-03 5.684756629603152610e-03 6.205042404044367431e-03 3.273903563902028687e-03 2.314283315383615803e-03 1.438118990065943240e-03 1.140787179423576568e-03 1.363625363487524838e-03
1.132536101172813142e-03 1.134889501498632155e-03 1.076751534614311077e-03 2.573693718567073626e-03 2.958356529251890670e-03 6.614843594313915380e-03 1.119035002657050269e-02 9.223961186058379780e-03 1.000240032656123275e-02 7.205424207804458740e-03 6.281057707138679690e-03 5.459016863611385224e-03 2.576153447220865672e-03 2.010425308255393145e-03 1.112239204788487710e-03 1.509271544294252861e-03 1.240849224602086527e-03
5.559128528676282859e-04 7.823992800069425740e-04 6.915807108069520507e-04 1.015300849600673898e-03 2.328228866310308107e-03 4.180695173379610913e-03 7.446137365226660788e-03 1.407521714123039294e-02 1.581292446534349194e-02 9.323841291653471586e-03 6.678876876271450623e-03 3.558981625458352768e-03 1.889714301784378324e-03 8.263223308670378632e-04 1.163423299023324782e-03 1.515459852982325864e-03 9.137643849409282691e-04
9.801794214450733605e-04 1.001636478030179002e-03 8.495727919173007682e-04 1.700017476123986656e-03 1.914054037483439415e-03 5.319554265789262770e-03 1.099145934481799043e-02 1.720390928904453123e-02 0.000000000000000000e+00 1.545593301130090275e-02 8.759306392813035261e-03 6.085189112752343449e-03 1.777545004327256602e-03 1.612998372510259003e-03 1.116577400569817224e-03 1.009025115398489141e-03 8.928200671818296592e-04
8.443059954050005601e-04 1.131271975495791232e-03 1.156778959950830864e-03 1.877321144446103237e-03 2.894235821780246493e-03 6.093558333589742422e-03 1.116644978129374341e-02 1.394729707412276261e-02 1.675667580162474093e-02 1.389447079793366090e-02 8.325122935513237094e-03 5.262087348797048030e-03 3.268074408677333880e-03 1.740946793838687437e-03 1.334394524701670599e-03 8.282669578430913292e-04 5.641213997872028020e-04
5.741871481687190306e-04 1.217024590580765208e-03 1.346341103062456386e-03 2.830141105677661060e-03 4.671164121805253602e-03 7.096456574445212002e-03 1.012440617578179436e-02 1.002374160341143287e-02 1.184238132507468844e-02 8.854066198703254217e-03 1.051382776985637299e-02 7.926578370898509918e-03 4.821266640979948205e-03 1.973044993843283898e-03 1.130844299332163646e-03 1.099097023450930919e-03 8.202072705826802743e-04
8.420022149655687895e-04 9.100617962757084423e-04 1.576154425441483008e-03 3.231877882983332905e-03 5.173671799809260834e-03 6.510053482818174350e-03 6.729198529623831374e-03 5.216751312600763357e-03 6.158463507836659315e-03 5.736269160228839314e-03 6.206965765354828177e-03 9.521671052977982025e-03 5.682157492697125466e-03 3.009283072647856664e-03 1.693616510779965851e-03 7.942418928914870939e-04 9.724552591307129260e-05
6.720824583082965400e-04 1.977369012514216748e-03 2.268406186140535866e-03 4.614011464093492262e-03 5.620083014826042847e-03 4.229091102569803272e-03 4.085020943868818144e-03 2.602352747233601434e-03 2.256461970631484012e-03 3.774844671207222471e-03 4.155873415927070595e-03 6.357469969324089885e-03 8.924008972844392484e-03 5.452911254733957408e-03 3.779811385549463124e-03 1.784023943778458412e-03 1.538927696392001837e-03
6.136160550331232286e-04 2.001061326838503469e-03 2.921484227962322430e-03 4.639296340485652044e-03 4.438749299668467638e-03 3.043610582621254172e-03 2.422369605046545589e-03 1.260607390791344557e-03 2.469163520761933055e-03 2.664273639742055760e-03 2.840896806765140243e-03 3.689744203200487262e-03 6.393959488632952083e-03 7.961813215937281821e-03 4.570426301031179847e-03 3.262585504102155989e-03 1.995383394124704973e-03
1.303568760996210449e-03 2.529756490596581347e-03 3.284215048863751204e-03 3.142907063838353346e-03 2.341323790613211372e-03 1.366959347282435070e-03 8.890206015955670052e-04 1.101452786628482564e-03 2.438325942797808874e-03 1.902873023084065279e-03 1.913295562077226746e-03 3.084161844058714609e-03 2.784025328409572841e-03 5.032633179881396135e-03 6.788697499106215345e-03 4.934555930158395810e-03 2.632793366106623342e-03
1.709024666929230551e-03 2.696777028177768740e-03 3.212313470636159012e-03 2.060279116964691768e-03 1.337837199676288015e-03 6.648970261890029118e-04 1.178425044674556678e-03 9.658747170550031859e-04 1.113215062554113663e-03 1.392381269075095799e-03 7.777231964278297520e-04 1.623862764777444069e-03 2.273784036684275891e-03 2.400444703818355435e-03 4.515515989613794016e-03 6.820040727341147684e-03 4.299074045190400852e-03
1.946902402272133927e-03 2.279435978029014341e-03 2.055491979354139454e-03 1.559519949242921125e-03 7.964724249272033419e-04 1.081725337511750496e-03 9.326884644685253661e-04 7.917254557961080639e-04 8.811830223980343917e-04 5.803849082637229989e-04 7.750413597111581801e-04 6.366585851309041399e-04 1.306765699390621469e-03 1.092750403696763272e-03 2.728103716450572432e-03 4.470995137265313876e-03 5.754869529069049985e-03
