2.493631751230366818e-04 1.374809957861238734e-03 3.780874309285865839e-04 1.191055548425480051e-03 2.755443495087227940e-03 1.237474996787013733e-03 0.000000000000000000e+00 6.099620588461652712e-04 3.088874579663792360e-03 9.504099332383615217e-04 1.342726844021490534e-03 1.212925136987905942e-03 3.779627671501362574e-03 2.923169704436517566e-03 3.237473803576562757e-03 3.623334911547086267e-03 3.485171826801726925e-03
5.005963069228280436e-04 1.475030731179685162e-03 3.927443294521017138e-04 1.249781092631180009e-03 3.546479692132469344e-03 2.899100690640004328e-03 1.086498256528083258e-03 1.400971542224596373e-03 5.115444580374463139e-03 3.215817924348623406e-03 1.007318948100928381e-03 2.455110643689221214e-03 4.457647248825793648e-03 2.244669281109491939e-03 2.076773885203733305e-03 2.627778881398505281e-03 3.294445150328354811e-03
1.208223531629208777e-03 1.275292644435475822e-03 1.253342914872617505e-03 6.091339351750311472e-04 1.346876366932765311e-03 2.507665330861630695e-03 1.191456253427641745e-03 0.000000000000000000e+00 1.541458715982493670e-03 2.423820035298192462e-03 1.593238706817390934e-03 2.464861132075155982e-03 1.933250257985010814e-03 2.634288111544732473e-03 3.196860125468572317e-03 3.004851192988282262e-03 4.863623747904835364e-03
1.587824737010405879e-03 2.160236284876216641e-03 2.221437295539716115e-03 1.733797117020116716e-03 3.699121584289272874e-03 2.340357635625709126e-03 2.245657686781490914e-03 2.576435213788184388e-03 3.351051410300399849e-03 2.870445830707639510e-03 1.234233738547305505e-03 1.899110191800832672e-03 3.871219930439926890e-03 2.675801149768686389e-03 2.688347668614149508e-03 5.379562604132656287e-03 4.784916380924673050e-03
2.574939248446780123e-03 4.370792213468341174e-03 2.134965156073218105e-03 2.708650055390343300e-03 5.330667689313322438e-03 2.043835934026040461e-03 1.218739811797052690e-03 1.197573683127310532e-03 2.326653524551778457e-03 3.332342938977249543e-03 6.433630469152451124e-04 7.820158822188018636e-04 3.989739565523759725e-03 3.784827931973860655e-03 4.447041923101913152e-03 6.452053994696285537e-03 5.326464739068427490e-03
2.360793590735956599e-03 3.553630050282155506e-03 3.941085073705722502e-03 3.228346634082879078e-03 4.843517261351922183e-03 3.875467403462840889e-03 2.095553592971712530e-03 3.026239935548113817e-03 3.020852679407940149e-03 3.277918295128085489e-03 5.575587491190165919e-04 1.979126528454725614e-03 5.522685526349216216e-03 3.922599216272661810e-03 4.272263305714577020e-03 5.472900155969523915e-03 6.027823156629878200e-03
3.006917049888316578e-03 7.156324201940111700e-03 4.514306936131459724e-03 5.340578459700122925e-03 1.268559019488038446e-02 9.263079725861147681e-03 3.982883057708989927e-03 7.428500848519556041e-03 2.146232980734005119e-02 7.225067371199854656e-03 8.105549829283195803e-04 8.376559979078568655e-03 1.528660198213448521e-02 6.894200798637123949e-03 7.470797487636624164e-03 1.129196491102875052e-02 8.367272527584018391e-03
4.088945219503395574e-03 4.766795610271358508e-03 6.302493078778325167e-03 5.721996194424453994e-03 6.037279794680894436e-03 7.253971558689118956e-03 6.169076122169683124e-03 8.240320278343584923e-03 1.211944745415950188e-02 3.841576664835563096e-03 2.261712600534770273e-03 3.550388792042447495e-03 4.711106519526483960e-03 2.958182417069848014e-03 4.811434147512172466e-03 5.261434769495382073e-03 5.388600728070303165e-03
4.512552738677552688e-03 6.531821003793277479e-03 4.876508639863236065e-03 4.575525755906167079e-03 1.839952776648358726e-02 2.378996283300822273e-02 6.933345225070524330e-03 1.971326137745977800e-02 0.000000000000000000e+00 1.750217117553142313e-02 6.046976855733207298e-03 1.956897195845914636e-02 1.715296121842529997e-02 6.339010661308663169e-03 3.731890348910497143e-03 6.518624452388752100e-03 3.934264184113369332e-03
4.906151905467599425e-03 2.618242102347056403e-03 2.942091885094153328e-03 2.291809998474916583e-03 5.431306976745139091e-03 9.444082627615393161e-03 4.998759283744972151e-03 7.678282537755959369e-03 1.132831330700262082e-02 3.246511927514210503e-03 2.798033984539215462e-03 2.956499456060767729e-03 1.663504555085348457e-03 1.086970197975073655e-03 3.322165031922342127e-03 2.575295430670925152e-03 4.669388676523647010e-03
5.490014711839631169e-03 1.082174204326978237e-02 3.824862813967617754e-03 4.909099313372388036e-03 1.870144562877902941e-02 1.735348290606262764e-02 4.101945870684641643e-03 8.931242556737625446e-03 2.046615045829921348e-02 4.968697504027242036e-03 2.444558745298962190e-03 9.439505686035147905e-03 6.499025525505242908e-03 3.622765019988456216e-03 1.326386984488896149e-03 6.942080594117649821e-03 4.369803807796342199e-03
3.353883058982342659e-03 3.280180052251398682e-03 1.405299156247943448e-03 9.706677972365369139e-04 5.554278889630765922e-03 3.701356627745774029e-03 1.236406450114582332e-03 2.540318336260007862e-03 1.302718675694544389e-03 1.252853164314419662e-03 5.192691600235639984e-04 2.190075450703859311e-03 1.601528848084336548e-03 1.427364645033648433e-03 1.613024629368576364e-03 1.915111678220490776e-03 1.947622210729211189e-03
3.467665470485061484e-03 5.019720607635832360e-03 5.325191387617112838e-04 1.260430941133078037e-03 3.335014305658327936e-03 9.412115272998492497e-04 4.341861312312265487e-04 1.111190589216848454e-03 3.179638714931221793e-04 1.271125312412994032e-04 5.191890190231315729e-04 1.945663208496420686e-03 1.642293903637588332e-03 1.662979186304736371e-03 1.288382341172758473e-03 2.442448365620910559e-03 7.901368369292791202e-04
1.710769936229223492e-03 1.244937014382825223e-03 5.772823397809766091e-04 3.645881246335385697e-04 1.624137514761860848e-03 6.902722458349764200e-04 7.150269104129668108e-04 2.331764739468241473e-03 1.555510104724964777e-03 7.382232777603282836e-04 1.874141817888356175e-04 1.620611310742837811e-03 1.285381505934347522e-03 1.107281489306870953e-03 1.342103525129239010e-03 7.389178330974086181e-04 1.782086522058405186e-03
1.179604289919258418e-03 1.167681089966046823e-03 1.125624873850273808e-03 8.658077504486181913e-04 9.100099644648569717e-04 1.362494957461468518e-03 1.038182137822984269e-03 7.523637120588352141e-04 1.305577038043297935e-03 1.880820234591051615e-04 3.727446975664303400e-04 7.850523356796271657e-04 5.904432729630880710e-04 4.146406316813385038e-04 0.000000000000000000e+00 7.008508578920457461e-04 1.464683637568309389e-03
8.697346594698029216e-04 3.641250877421517342e-04 1.635232591043938644e-04 1.961139326135466487e-04 1.519598031975671285e-03 1.608189455675824867e-03 6.077003017228526207e-04 1.456856533192750448e-03 2.440961304835110451e-03 0.000000000000000000e+00 4.618169672691777158e-04 8.770898223983713583e-04 1.866938032405049191e-03 1.798159244922891992e-03 1.122900079835574159e-03 4.407844069334894009e-04 2.843447218117543373e-03
3.322111604588720004e-04 2.293724477929689229e-04 1.289824879180540831e-04 0.000000000000000000e+00 0.000000000000000000e+00 5.145497455536592784e-04 0.000000000000000000e+00 1.930863837083247989e-04 1.305496897042865726e-03 0.000000000000000000e+00 0.000000000000000000e+00 5.017806128181060039e-04 1.436954851418718567e-03 3.724419426759081387e-04 6.289554759486306029e-04 7.646163805693799095e-04 1.620557883409216339e-03
