31 43 0 8 0.0045584091606 
29 44 0 8 0.00446289527597 
28 45 0 8 0.00440414972218 
29 46 0 8 0.00436545685969 
29 45 0 8 0.00427774814605 
30 44 0 8 0.0041024231017 
30 43 0 8 0.004009962811 
31 44 0 8 0.00397424156379 
29 43 0 8 0.00388442488927 
28 46 0 8 0.0038666138775 
30 45 0 8 0.00383319141395 
18 30 0 8 0.00381975593348 
27 48 0 8 0.00379089341587 
27 46 0 8 0.00368379350183 
18 31 0 8 0.00358473084037 
27 47 0 8 0.00357794854971 
31 45 0 8 0.00353850060401 
17 30 0 8 0.00352438699858 
28 44 0 8 0.00334756570355 
30 46 0 8 0.00333433774688 
32 44 0 8 0.00331547761039 
16 32 0 8 0.00330731116501 
17 31 0 8 0.00330084680068 
26 48 0 8 0.00325067052535 
28 47 0 8 0.00324780405769 
17 32 0 8 0.00323376696694 
27 45 0 8 0.00322886853666 
73 86 0 8 0.00316386176967 
30 42 0 8 0.00313791536155 
28 48 0 8 0.0031227862706 
28 43 0 8 0.00307707548139 
15 32 0 8 0.00300626185413 
29 47 0 8 0.00298192386462 
16 33 0 8 0.00294604095462 
72 86 0 8 0.00292270944743 
15 34 0 8 0.00290947665999 
15 31 0 8 0.00290607063398 
32 45 0 8 0.00290246083532 
15 33 0 8 0.00284927036426 
13 34 0 8 0.00284780022329 
16 31 0 8 0.00284758830346 
19 31 0 8 0.00283762653876 
26 45 0 8 0.00281097200302 
11 23 0 8 0.00280218900776 
14 34 0 8 0.00279805890253 
74 86 0 8 0.00279774583831 
65 84 0 8 0.00279432422786 
9 22 0 8 0.00278531687482 
73 87 0 8 0.0027790707488 
14 32 0 8 0.00275503190094 
27 49 0 8 0.00275091084265 
12 28 0 8 0.00273795855748 
68 86 0 8 0.00273408020038 
26 46 0 8 0.00272428609671 
9 23 0 8 0.00270407328056 
17 29 0 8 0.00269487697585 
26 47 0 8 0.00268660716052 
18 32 0 8 0.00268553879725 
26 49 0 8 0.00266992682586 
70 86 0 8 0.00265948785639 
25 50 0 8 0.00262748283543 
16 30 0 8 0.00261425309014 
72 87 0 8 0.00258739912174 
12 29 0 8 0.00256080565069 
14 30 0 8 0.00255830984091 
65 86 0 8 0.0025304891985 
14 35 0 8 0.00248407944564 
31 46 0 8 0.00246606468802 
17 33 0 8 0.00245274779857 
13 32 0 8 0.00245112437974 
10 23 0 8 0.00244989238865 
10 22 0 8 0.00242869858671 
30 47 0 8 0.00242680773348 
72 89 0 8 0.00241994144589 
28 49 0 8 0.00240602614101 
67 84 0 8 0.00240514455148 
14 31 0 8 0.00240373985373 
68 84 0 8 0.00239145324367 
29 48 0 8 0.00238744687009 
13 35 0 8 0.00237358120336 
72 88 0 8 0.00236836436828 
32 46 0 8 0.00236181556417 
70 89 0 8 0.00234432590875 
13 33 0 8 0.00232266314897 
27 50 0 8 0.00231258059897 
26 50 0 8 0.00230611049752 
67 86 0 8 0.00229255354194 
46 59 0 8 0.00229054271518 
17 62 0 8 0.00228566341824 
13 41 0 8 0.00228336710657 
14 33 0 8 0.00227181579097 
46 60 0 8 0.00227180315764 
60 92 0 8 0.00226828889207 
68 89 0 8 0.00226205752057 
46 58 0 8 0.0022562192138 
67 89 0 8 0.0022551130028 
14 29 0 8 0.00224550278952 
73 85 0 8 0.00224232728947 
12 43 0 8 0.00224069558589 
30 48 0 8 0.00224056698307 
25 49 0 8 0.00221848557595 
69 89 0 8 0.00220443679116 
18 62 0 8 0.0022004146805 
12 30 0 8 0.00219803675069 
61 89 0 8 0.00219011716469 
25 51 0 8 0.00218593615377 
71 86 0 8 0.00218578864954 
13 36 0 8 0.00218527401214 
43 91 0 8 0.00217914337515 
15 35 0 8 0.00217820608561 
74 87 0 8 0.00217185328245 
11 24 0 8 0.00216000342126 
65 85 0 8 0.0021528947824 
24 50 0 8 0.00213912472775 
64 86 0 8 0.00213750048055 
46 90 0 8 0.00212070807421 
12 35 0 8 0.00211028424582 
13 30 0 8 0.00210457597473 
12 34 0 8 0.00208969007407 
13 89 0 8 0.00208908104431 
15 88 0 8 0.00208758283671 
64 84 0 8 0.00207556661839 
28 50 0 8 0.00207448871257 
68 85 0 8 0.00207438429027 
66 86 0 8 0.00207158590244 
62 92 0 8 0.00206363258458 
9 28 0 8 0.00205609859257 
11 34 0 8 0.0020535940386 
64 88 0 8 0.00205305133088 
46 91 0 8 0.00205272715397 
13 28 0 8 0.00204884402315 
25 48 0 8 0.00204022910767 
73 88 0 8 0.00203836055605 
14 41 0 8 0.00203666753684 
15 30 0 8 0.00201826979247 
10 24 0 8 0.00201240771211 
9 24 0 8 0.0020123029713 
66 84 0 8 0.00199541260699 
15 91 0 8 0.00199457021793 
12 41 0 8 0.00199454719879 
55 78 0 8 0.00199372594102 
44 90 0 8 0.0019926316462 
72 90 0 8 0.00199068422406 
32 90 0 8 0.00198112662677 
19 54 0 8 0.00197684431152 
52 78 0 8 0.00197531809334 
65 88 0 8 0.00196646934882 
26 51 0 8 0.00196555046446 
13 88 0 8 0.00196459225971 
68 88 0 8 0.00196123105879 
12 36 0 8 0.00196037880965 
52 79 0 8 0.00195964279546 
47 91 0 8 0.00195520119296 
44 91 0 8 0.0019464962554 
13 39 0 8 0.00194462552298 
14 90 0 8 0.00194366302916 
43 95 0 8 0.00194322227413 
68 92 0 8 0.0019420766366 
47 90 0 8 0.00194169787976 
14 89 0 8 0.00194051287669 
12 39 0 8 0.00193685131767 
54 79 0 8 0.00192800020497 
11 37 0 8 0.00192300555688 
62 89 0 8 0.00191982771282 
7 21 0 8 0.00191835890787 
72 85 0 8 0.00191791232903 
71 89 0 8 0.00191509147778 
64 76 0 8 0.00191504332194 
74 88 0 8 0.00191424088812 
65 78 0 8 0.00190994941138 
16 91 0 8 0.00190884065137 
46 64 0 8 0.00190615674082 
75 87 0 8 0.00190494641098 
43 90 0 8 0.00190378751662 
11 36 0 8 0.0018982710657 
86 99 0 8 0.00189572076955 
15 41 0 8 0.00189484095244 
60 89 0 8 0.00188674379014 
8 22 0 8 0.00188615542628 
61 91 0 8 0.00188589567632 
64 89 0 8 0.00187645870081 
14 88 0 8 0.00187370060027 
69 91 0 8 0.00186653780653 
12 24 0 8 0.00186397623884 
61 90 0 8 0.00186238926041 
15 39 0 8 0.00186231017718 
53 78 0 8 0.00186204778095 
12 45 0 8 0.00186027438179 
57 86 0 8 0.00185986367638 
12 89 0 8 0.00185840569347 
17 61 0 8 0.00185461632686 
12 31 0 8 0.00185440716052 
17 41 0 8 0.00184700923035 
16 92 0 8 0.00184686391956 
12 40 0 8 0.00184635440855 
14 43 0 8 0.00183532221456 
76 88 0 8 0.00183291817142 
16 34 0 8 0.00183195993722 
27 52 0 8 0.00182825939704 
19 64 0 8 0.00182623159447 
60 91 0 8 0.00182372104632 
56 77 0 8 0.00182066300553 
61 88 0 8 0.00181083512134 
46 89 0 8 0.00181047774555 
14 40 0 8 0.0018097338324 
71 88 0 8 0.00180780445402 
84 99 0 8 0.00180464472355 
16 62 0 8 0.00180376276814 
68 91 0 8 0.00180373007699 
48 72 0 8 0.0018026489821 
26 52 0 8 0.00180139321035 
8 29 0 8 0.00179789010389 
48 60 0 8 0.00179660586907 
7 22 0 8 0.00179583032196 
44 98 0 8 0.00179567737172 
29 60 0 8 0.00179361886256 
15 40 0 8 0.00179263514392 
50 70 0 8 0.00179229304394 
13 40 0 8 0.0017907243252 
18 60 0 8 0.00179039942163 
12 88 0 8 0.00178905735402 
48 69 0 8 0.00178861458154 
29 59 0 8 0.00178792648583 
12 87 0 8 0.00178759714331 
8 23 0 8 0.00178719921173 
12 32 0 8 0.00178703283161 
59 92 0 8 0.00178282539553 
9 26 0 8 0.0017817997121 
44 95 0 8 0.00177895255952 
15 90 0 8 0.00177614226075 
65 89 0 8 0.00177578562511 
10 43 0 8 0.00177405967934 
9 25 0 8 0.00177350687699 
73 89 0 8 0.00177253505756 
56 76 0 8 0.00177104096909 
25 52 0 8 0.0017705410568 
46 63 0 8 0.00176990888422 
53 79 0 8 0.0017698412943 
8 24 0 8 0.00176933644544 
63 89 0 8 0.00176791792779 
47 62 0 8 0.00176576818261 
5 30 0 8 0.00176547058718 
45 88 0 8 0.00176362536345 
31 95 0 8 0.00176252320575 
48 68 0 8 0.00176158280793 
57 88 0 8 0.00175989360947 
47 60 0 8 0.00175988711278 
15 27 0 8 0.00175016374979 
42 94 0 8 0.00174813045835 
18 63 0 8 0.00174630619625 
56 84 0 8 0.001744921898 
31 60 0 8 0.00174374962004 
44 59 0 8 0.00174360888744 
60 86 0 8 0.00174275779518 
45 90 0 8 0.00174253419029 
19 59 0 8 0.00174248133391 
63 82 0 8 0.00174175713256 
60 90 0 8 0.00173895441458 
19 46 0 8 0.00173510891169 
14 91 0 8 0.0017350090286 
29 95 0 8 0.00173134773597 
50 99 0 8 0.00173029275781 
10 25 0 8 0.00172919599155 
19 56 0 8 0.00172903127757 
17 60 0 8 0.00172598218968 
48 67 0 8 0.00172546499265 
16 63 0 8 0.00172544860351 
59 90 0 8 0.001724261469 
16 90 0 8 0.00172339453276 
88 101 0 8 0.00172194485787 
45 92 0 8 0.00172153066518 
66 92 0 8 0.00171967190331 
46 62 0 8 0.00171449885317 
15 29 0 8 0.00171004257906 
51 80 0 8 0.00170886931046 
11 25 0 8 0.00170798482242 
11 30 0 8 0.00170793581075 
44 92 0 8 0.0017076551416 
7 29 0 8 0.00170686508638 
15 28 0 8 0.00170128428136 
43 98 0 8 0.00170068479949 
67 85 0 8 0.00169870442168 
51 69 0 8 0.00169864430112 
52 69 0 8 0.00169709288075 
74 89 0 8 0.00169683786315 
63 88 0 8 0.00169640620675 
16 64 0 8 0.00169356549839 
31 98 0 8 0.00169223008737 
53 77 0 8 0.00169098145829 
61 85 0 8 0.00168938651654 
44 93 0 8 0.00168698142998 
46 88 0 8 0.00168686356864 
30 60 0 8 0.0016865781775 
69 92 0 8 0.00168439693009 
56 69 0 8 0.00168423212984 
61 86 0 8 0.00168396891031 
29 98 0 8 0.00168106739327 
16 60 0 8 0.00168029971752 
60 87 0 8 0.00168006726964 
67 95 0 8 0.00167879008791 
66 89 0 8 0.00167836083113 
63 84 0 8 0.00167686316904 
45 89 0 8 0.00167604854795 
13 43 0 8 0.00167553191171 
54 78 0 8 0.00167238601724 
12 26 0 8 0.00167225288598 
17 63 0 8 0.00166801268163 
44 60 0 8 0.00166693594528 
29 58 0 8 0.00166577738019 
58 92 0 8 0.0016654143307 
67 90 0 8 0.00166287709144 
9 29 0 8 0.0016584764481 
30 58 0 8 0.00165764273081 
51 70 0 8 0.00165448265232 
71 84 0 8 0.00165378472598 
32 95 0 8 0.00165316991015 
43 92 0 8 0.00165316147805 
46 95 0 8 0.0016515812374 
68 87 0 8 0.00165016394662 
46 92 0 8 0.00164873856264 
68 95 0 8 0.00164503560369 
49 73 0 8 0.00164211401205 
5 99 0 8 0.00163822405335 
19 48 0 8 0.00163599552276 
66 82 0 8 0.00163573201957 
67 96 0 8 0.0016332329795 
46 65 0 8 0.00163241397188 
61 92 0 8 0.00163155840561 
44 67 0 8 0.00163133358021 
14 27 0 8 0.00163113470712 
45 93 0 8 0.00162930171231 
7 24 0 8 0.00162838443616 
53 69 0 8 0.00162704001453 
44 89 0 8 0.00162334287256 
48 90 0 8 0.00162251695661 
19 62 0 8 0.00162230782058 
19 60 0 8 0.00162162289695 
19 53 0 8 0.0016201148732 
54 77 0 8 0.0016192458121 
41 90 0 8 0.00161888756058 
64 81 0 8 0.00161715446386 
19 70 0 8 0.00161593799156 
11 89 0 8 0.00161492728134 
7 23 0 8 0.00161383190208 
10 34 0 8 0.00161376523741 
45 66 0 8 0.00161346212853 
43 93 0 8 0.00161053595936 
52 77 0 8 0.00160973714145 
56 88 0 8 0.00160815537381 
42 98 0 8 0.00160740089886 
75 88 0 8 0.00160426412898 
7 20 0 8 0.0016022485627 
57 89 0 8 0.00160218568341 
6 41 0 8 0.00160136975663 
60 95 0 8 0.00160050792838 
42 95 0 8 0.00160011765083 
59 86 0 8 0.00159959082646 
13 86 0 8 0.00159951122346 
32 60 0 8 0.00159893157439 
62 93 0 8 0.00159268679121 
44 63 0 8 0.00159217865432 
14 86 0 8 0.00159077834937 
50 71 0 8 0.00158890709614 
16 41 0 8 0.00158755821831 
30 92 0 8 0.00158712229574 
62 95 0 8 0.0015785528396 
17 56 0 8 0.00157847433138 
47 88 0 8 0.00157642684304 
46 70 0 8 0.00157454807319 
92 106 0 8 0.0015744377335 
20 50 0 8 0.00157361647922 
56 68 0 8 0.00157210440617 
18 54 0 8 0.00157034436776 
48 92 0 8 0.00156977058261 
9 21 0 8 0.00156952100671 
12 86 0 8 0.00156825630926 
42 90 0 8 0.00156779632379 
69 99 0 8 0.00156666115832 
52 80 0 8 0.00156477441428 
60 85 0 8 0.00156421114147 
54 69 0 8 0.00156387585659 
9 31 0 8 0.00155836774752 
66 95 0 8 0.00155819601454 
7 43 0 8 0.00155570950115 
11 42 0 8 0.00155564910466 
5 32 0 8 0.00155237937192 
22 45 0 8 0.00154905631111 
17 92 0 8 0.00154834094316 
47 92 0 8 0.00154786005546 
12 95 0 8 0.00154671044802 
64 78 0 8 0.00154353434615 
61 79 0 8 0.00154324054157 
61 96 0 8 0.00154276008957 
7 19 0 8 0.00153852843059 
31 61 0 8 0.00153398026088 
16 93 0 8 0.0015311754171 
53 95 0 8 0.00153106406487 
47 85 0 8 0.00153098669881 
31 93 0 8 0.00152841977773 
15 61 0 8 0.00152756588515 
48 91 0 8 0.00152487488246 
60 93 0 8 0.00152402165162 
48 65 0 8 0.00152266182346 
56 75 0 8 0.00152239631149 
48 95 0 8 0.00151935945076 
30 61 0 8 0.00151932596755 
58 89 0 8 0.00151705392271 
16 39 0 8 0.00151158225855 
11 88 0 8 0.00150548224264 
30 56 0 8 0.00150287292456 
50 95 0 8 0.0014996548242 
18 64 0 8 0.00149802822995 
5 24 0 8 0.00149584934865 
7 31 0 8 0.00149557609178 
5 43 0 8 0.00148640969727 
67 99 0 8 0.00148484769073 
1 100 0 8 0.00147935097919 
62 78 0 8 0.00147748851168 
8 37 0 8 0.00147539844521 
57 90 0 8 0.00147496352263 
1 102 0 8 0.00147385869301 
45 72 0 8 0.00146803990528 
49 78 0 8 0.00146802485215 
53 76 0 8 0.00146662003732 
61 81 0 8 0.0014659356456 
47 98 0 8 0.00146511431286 
32 62 0 8 0.00146417985938 
5 41 0 8 0.00146202220741 
47 72 0 8 0.00146110555927 
57 77 0 8 0.00146039136634 
5 20 0 8 0.00145975429052 
53 71 0 8 0.00145056824149 
57 87 0 8 0.00145004507281 
18 92 0 8 0.00144791944066 
63 78 0 8 0.00144789014807 
94 106 0 8 0.00144532056255 
6 30 0 8 0.00144372672905 
69 81 0 8 0.00144287388825 
13 85 0 8 0.00143840433346 
6 32 0 8 0.00143742165607 
57 84 0 8 0.00143637097915 
6 21 0 8 0.0014355588195 
47 84 0 8 0.00143532749949 
7 37 0 8 0.00143406982504 
25 55 0 8 0.00143090430724 
47 75 0 8 0.00143090325923 
55 84 0 8 0.00142899087855 
45 86 0 8 0.00142283707608 
14 61 0 8 0.00142020559011 
60 96 0 8 0.00141971435855 
56 71 0 8 0.00141936150863 
16 88 0 8 0.0014176975318 
6 39 0 8 0.00141554271752 
15 56 0 8 0.00141514088893 
13 56 0 8 0.00141404020937 
6 100 0 8 0.00141366187428 
18 70 0 8 0.00141279394676 
49 88 0 8 0.0014077201329 
17 89 0 8 0.00140720259894 
70 98 0 8 0.00140700533913 
5 31 0 8 0.0014067759148 
27 58 0 8 0.00140597546829 
10 45 0 8 0.00140485744469 
59 76 0 8 0.00140090221128 
60 98 0 8 0.00139843477423 
65 99 0 8 0.00139762833836 
46 98 0 8 0.0013914132875 
56 92 0 8 0.00138819364811 
17 43 0 8 0.00138622308041 
27 59 0 8 0.00137743159912 
13 84 0 8 0.00137237326091 
34 90 0 8 0.00137127175507 
76 90 0 8 0.00136940418809 
5 29 0 8 0.00136940410871 
16 68 0 8 0.00136920901628 
42 97 0 8 0.00136860495338 
6 43 0 8 0.00136559972092 
48 76 0 8 0.00136216387842 
54 95 0 8 0.00135906775633 
61 99 0 8 0.00135864930889 
70 99 0 8 0.00135827504897 
15 82 0 8 0.00135306290171 
17 50 0 8 0.00135198972748 
56 81 0 8 0.00134774454664 
66 78 0 8 0.00134530362031 
5 19 0 8 0.00134437776641 
18 95 0 8 0.0013363076984 
44 74 0 8 0.00132841415366 
20 45 0 8 0.00132822813813 
57 95 0 8 0.00132805065102 
40 90 0 8 0.00132447607551 
17 55 0 8 0.00132092157796 
85 101 0 8 0.00131099160614 
33 62 0 8 0.00130690119238 
54 66 0 8 0.0013056064937 
12 66 0 8 0.00130325580522 
50 98 0 8 0.00129363628989 
51 63 0 8 0.00129321376222 
59 73 0 8 0.00129243867246 
61 77 0 8 0.00129195879542 
13 71 0 8 0.00128749038022 
30 99 0 8 0.00128715422575 
11 69 0 8 0.00128244279114 
66 100 0 8 0.00128012976469 
6 18 0 8 0.00126499941692 
43 72 0 8 0.00126280389851 
5 45 0 8 0.00126220660491 
42 82 0 8 0.00125777088117 
35 93 0 8 0.00125678400017 
43 79 0 8 0.00125582683003 
13 99 0 8 0.00125314045765 
43 80 0 8 0.00125088164166 
32 89 0 8 0.0012415983077 
56 99 0 8 0.0011922299991 
77 89 0 8 0.00118318578817 
19 43 0 8 0.00118213190621 
70 100 0 8 0.00116695381745 
5 47 0 8 0.001158650288 
41 62 0 8 0.00115489110656 
15 79 0 8 0.00114390614057 
9 84 0 8 0.00112611385366 
20 100 0 8 0.00108294441896 
19 98 0 8 0.00108128966711 
5 50 0 8 0.00104894458874 
9 65 0 8 0.00104184510485 
3 36 0 8 0.00103923578562 
21 74 0 8 0.00102974696084 
39 51 0 8 0.00100949641445 
61 104 0 8 0.000964406292375 
32 71 0 8 0.000813718653854 
