56 74 0 8 0.00573754513939 
56 71 0 8 0.00547945118646 
45 62 0 8 0.00425078580452 
59 73 0 8 0.00412384316546 
59 74 0 8 0.00406248645917 
54 77 0 8 0.00405594402837 
18 76 0 8 0.00382438322491 
54 74 0 8 0.00378859248123 
56 70 0 8 0.00377875716229 
53 73 0 8 0.00372562104908 
55 74 0 8 0.00370689759433 
23 43 0 8 0.00362305525719 
23 40 0 8 0.0036166706807 
53 77 0 8 0.00350265252207 
56 77 0 8 0.00347983120698 
22 39 0 8 0.00347553700626 
39 69 0 8 0.00347042463785 
56 73 0 8 0.00345872453859 
42 69 0 8 0.00342141492767 
59 77 0 8 0.0032704252498 
19 46 0 8 0.00324255895076 
22 38 0 8 0.0032268396293 
49 62 0 8 0.00317407370862 
15 73 0 8 0.00315913271078 
22 82 0 8 0.00315897250063 
57 70 0 8 0.00315611859669 
19 43 0 8 0.00313829735795 
15 77 0 8 0.00313028407086 
46 73 0 8 0.00306497651958 
8 50 0 8 0.00306490806621 
42 73 0 8 0.00306013845239 
39 76 0 8 0.00305890737857 
22 43 0 8 0.00304805278419 
19 39 0 8 0.00304604540682 
22 42 0 8 0.00301252401881 
19 42 0 8 0.00301190548491 
15 76 0 8 0.00300900676027 
20 44 0 8 0.00295841599388 
16 46 0 8 0.00295479691935 
19 73 0 8 0.00295336232406 
57 74 0 8 0.00294158157948 
15 80 0 8 0.00293952734373 
39 72 0 8 0.00292515550212 
55 77 0 8 0.00291044433159 
11 49 0 8 0.00289681334617 
46 65 0 8 0.0028295779642 
42 65 0 8 0.00281749066383 
55 70 0 8 0.0028165185723 
26 39 0 8 0.00281627879377 
19 38 0 8 0.00281599263313 
16 47 0 8 0.00281447311866 
10 50 0 8 0.00280713567511 
22 84 0 8 0.00279914016404 
20 47 0 8 0.00279889259845 
45 64 0 8 0.00279114029288 
54 70 0 8 0.00277329113976 
46 62 0 8 0.00276439145418 
38 69 0 8 0.00276350317315 
16 43 0 8 0.00275726488399 
19 69 0 8 0.00275376473158 
18 77 0 8 0.00273641918868 
8 51 0 8 0.00273474993958 
11 51 0 8 0.00272702447676 
18 42 0 8 0.00271375254144 
11 46 0 8 0.00269864936686 
22 72 0 8 0.00269794596834 
22 41 0 8 0.00269274564929 
18 82 0 8 0.00269091724218 
55 73 0 8 0.00268947477293 
54 78 0 8 0.00268684320274 
14 77 0 8 0.00267713962703 
11 45 0 8 0.00265530271421 
7 50 0 8 0.00265415216703 
10 51 0 8 0.00265148100316 
11 48 0 8 0.0026487498841 
11 50 0 8 0.00264820859903 
39 82 0 8 0.00263892269186 
10 52 0 8 0.00262175480307 
45 65 0 8 0.00261725520048 
19 44 0 8 0.00261225135957 
20 43 0 8 0.00260928422174 
19 82 0 8 0.00260866502501 
22 34 0 8 0.00260247051106 
53 74 0 8 0.00259787298306 
23 39 0 8 0.00259461462994 
21 81 0 8 0.00259021863363 
19 76 0 8 0.00258834620883 
42 72 0 8 0.00258547038266 
15 45 0 8 0.00258204699214 
22 69 0 8 0.00258190306702 
60 74 0 8 0.00257169608343 
59 71 0 8 0.00256275647892 
10 49 0 8 0.00255880718223 
19 45 0 8 0.00255607005125 
11 47 0 8 0.00255499917369 
3 26 0 8 0.00255399108712 
19 47 0 8 0.00254143337504 
22 40 0 8 0.00254081271914 
26 38 0 8 0.00253426917062 
19 40 0 8 0.00253340925537 
58 70 0 8 0.00252835378409 
38 73 0 8 0.00252664189585 
18 45 0 8 0.00252626749121 
39 79 0 8 0.00252436410387 
18 38 0 8 0.00252234045379 
43 76 0 8 0.00252166182415 
14 76 0 8 0.00251491537303 
23 44 0 8 0.00251417614318 
15 46 0 8 0.00251235793674 
38 72 0 8 0.00250755056291 
55 78 0 8 0.00249516445433 
46 77 0 8 0.00248915600718 
18 73 0 8 0.00248764497347 
9 52 0 8 0.00248272073652 
19 72 0 8 0.00247699771643 
25 85 0 8 0.00247185791782 
18 41 0 8 0.00247093884176 
54 87 0 8 0.00245874437721 
22 73 0 8 0.00245540243395 
52 77 0 8 0.00245434673189 
25 40 0 8 0.00245319490857 
22 85 0 8 0.0024509862898 
57 78 0 8 0.00244920616931 
11 52 0 8 0.00244740011274 
12 50 0 8 0.00244422508817 
21 41 0 8 0.0024416864675 
42 76 0 8 0.00243012449641 
8 48 0 8 0.00243000077438 
14 30 0 8 0.00242701255746 
35 72 0 8 0.00242001195305 
19 77 0 8 0.00241641313663 
42 66 0 8 0.00241232312652 
9 51 0 8 0.00241146622612 
52 81 0 8 0.00240516703988 
68 83 0 8 0.00240406835561 
48 62 0 8 0.00240404719427 
27 40 0 8 0.00240105765897 
21 44 0 8 0.00239695423778 
7 23 0 8 0.00239653009382 
20 40 0 8 0.00239447487509 
5 19 0 8 0.00239394410953 
13 47 0 8 0.00239341184633 
9 50 0 8 0.00239057816756 
35 69 0 8 0.00239016192776 
6 27 0 8 0.00238770379712 
17 82 0 8 0.00238726824273 
39 81 0 8 0.00238608540661 
50 63 0 8 0.00238429119263 
14 80 0 8 0.00238244108492 
51 77 0 8 0.002381425128 
23 69 0 8 0.00238103443529 
6 50 0 8 0.00237898713369 
38 76 0 8 0.00237849598103 
15 41 0 8 0.00237743249657 
8 49 0 8 0.00237527243029 
27 45 0 8 0.00237439397582 
12 46 0 8 0.00237132520617 
15 69 0 8 0.00236911133624 
12 48 0 8 0.00236695342886 
22 76 0 8 0.0023661053688 
14 48 0 8 0.00236259839485 
15 42 0 8 0.00235989933877 
10 48 0 8 0.00235957582739 
24 40 0 8 0.00235924223783 
17 81 0 8 0.00235648380254 
43 82 0 8 0.0023552712092 
38 68 0 8 0.00235482502681 
42 62 0 8 0.00235446677421 
9 54 0 8 0.00235292529818 
14 45 0 8 0.00235245694879 
8 52 0 8 0.00234289749248 
5 79 0 8 0.00234093037339 
16 42 0 8 0.00233563358894 
15 47 0 8 0.00232853783989 
28 59 0 8 0.00232716114096 
45 61 0 8 0.00232632102959 
6 20 0 8 0.00232521826742 
15 82 0 8 0.00232282031433 
31 68 0 8 0.00232116419432 
4 19 0 8 0.00231742243574 
45 59 0 8 0.00231514602765 
22 44 0 8 0.00231274952024 
25 39 0 8 0.00231266349179 
2 35 0 8 0.00231177019164 
21 34 0 8 0.00231068111447 
8 21 0 8 0.00230539011331 
9 48 0 8 0.00230513977983 
61 74 0 8 0.00229988609182 
25 37 0 8 0.00229121618964 
5 78 0 8 0.00228668888386 
12 45 0 8 0.00228551008859 
10 46 0 8 0.00228489438321 
12 80 0 8 0.00227604870848 
19 34 0 8 0.0022730056942 
26 40 0 8 0.00226907102621 
45 69 0 8 0.00226772703763 
11 53 0 8 0.00226108830744 
46 59 0 8 0.00226071300482 
35 68 0 8 0.00226035335259 
16 72 0 8 0.00225701195316 
58 78 0 8 0.0022562163356 
56 75 0 8 0.00225482514811 
30 65 0 8 0.00225171665858 
9 21 0 8 0.00224776967263 
52 73 0 8 0.00224587090843 
18 43 0 8 0.00223918411129 
12 47 0 8 0.00223851261275 
52 80 0 8 0.00223818561965 
11 69 0 8 0.00223686553269 
17 80 0 8 0.00223393189375 
32 65 0 8 0.0022312238552 
26 41 0 8 0.00222298578241 
18 44 0 8 0.00222126936254 
34 68 0 8 0.00222087237899 
10 54 0 8 0.00221931896148 
22 35 0 8 0.00221025582298 
51 70 0 8 0.00220863879996 
10 63 0 8 0.00220732474636 
62 85 0 8 0.00220565113434 
21 38 0 8 0.00220470313987 
41 64 0 8 0.00220177786412 
9 65 0 8 0.00220123763187 
41 63 0 8 0.00219524130953 
5 75 0 8 0.00219433157999 
6 21 0 8 0.0021930253121 
17 77 0 8 0.002192110755 
14 54 0 8 0.00219137133395 
16 41 0 8 0.00218869225102 
23 36 0 8 0.00218616823808 
20 46 0 8 0.00218545158395 
68 82 0 8 0.00218347811807 
58 87 0 8 0.00218333162889 
49 63 0 8 0.00218249308637 
35 79 0 8 0.00217806248169 
24 44 0 8 0.00217388644406 
7 62 0 8 0.00217320073189 
43 73 0 8 0.00216877431517 
22 36 0 8 0.00216768980181 
46 81 0 8 0.00216436110802 
23 48 0 8 0.00216261670017 
12 52 0 8 0.00216248367904 
54 69 0 8 0.00215783355167 
22 45 0 8 0.00215671302589 
9 64 0 8 0.00215419785409 
11 42 0 8 0.00214892620477 
7 78 0 8 0.00214716387526 
46 82 0 8 0.00214696232545 
5 25 0 8 0.002140827936 
43 77 0 8 0.00213409046964 
53 82 0 8 0.0021307093054 
5 20 0 8 0.00212956226221 
5 32 0 8 0.00212854871917 
54 67 0 8 0.00212107487526 
26 43 0 8 0.0021201089485 
17 44 0 8 0.00211802204797 
11 73 0 8 0.00211505042225 
19 84 0 8 0.00211453808472 
45 83 0 8 0.00210762491776 
39 63 0 8 0.00210301786752 
26 42 0 8 0.00210270487561 
42 82 0 8 0.00210085101847 
46 79 0 8 0.00210076527067 
5 27 0 8 0.00209887517544 
27 42 0 8 0.00209823931093 
43 81 0 8 0.0020946982467 
50 79 0 8 0.00209323299933 
47 63 0 8 0.00209171719413 
9 77 0 8 0.00208463324718 
15 59 0 8 0.0020829858225 
31 83 0 8 0.00208132237962 
7 30 0 8 0.00207743794489 
1 35 0 8 0.00207295825255 
30 66 0 8 0.0020689296458 
49 61 0 8 0.00206515466167 
47 73 0 8 0.00206436313427 
5 50 0 8 0.00206099579445 
44 63 0 8 0.00205625159018 
11 64 0 8 0.00205192503165 
11 54 0 8 0.00205146123595 
6 32 0 8 0.0020443780629 
25 59 0 8 0.00204369914396 
8 55 0 8 0.00204217642224 
13 50 0 8 0.00204141153063 
8 71 0 8 0.00203915909998 
7 51 0 8 0.00203711271396 
12 53 0 8 0.00203465753319 
7 48 0 8 0.0020315208189 
18 34 0 8 0.0020265701775 
6 74 0 8 0.00202565917258 
11 77 0 8 0.00202534610133 
19 35 0 8 0.00202377798148 
1 15 0 8 0.00201968883969 
25 83 0 8 0.00201966389336 
27 41 0 8 0.00201702953799 
8 64 0 8 0.00201604168889 
15 65 0 8 0.00201521481037 
7 61 0 8 0.00200888770908 
43 75 0 8 0.00200718804683 
7 77 0 8 0.00200499313217 
27 46 0 8 0.0020001947384 
59 76 0 8 0.00199580641191 
11 70 0 8 0.0019907203536 
6 79 0 8 0.00198851258923 
24 36 0 8 0.0019868860379 
16 64 0 8 0.0019857001128 
54 66 0 8 0.00198518519327 
52 66 0 8 0.00198153321036 
16 75 0 8 0.00197927946382 
15 30 0 8 0.00197806843519 
20 78 0 8 0.00197801632006 
12 81 0 8 0.00197692189301 
10 68 0 8 0.00197606028782 
29 83 0 8 0.00197543812692 
18 86 0 8 0.00197381376317 
20 81 0 8 0.00197186355988 
4 31 0 8 0.00197159611484 
14 41 0 8 0.00197000065293 
38 63 0 8 0.00196787522259 
26 69 0 8 0.0019661984331 
73 85 0 8 0.00196605607408 
68 80 0 8 0.00196412766945 
45 70 0 8 0.0019639779496 
12 41 0 8 0.00196240596856 
19 33 0 8 0.00196148148292 
64 87 0 8 0.001961148136 
6 53 0 8 0.00195838037164 
17 57 0 8 0.00195582317097 
14 86 0 8 0.00195173832594 
43 61 0 8 0.00195109039 
8 67 0 8 0.0019498344574 
22 87 0 8 0.00194980775586 
7 63 0 8 0.00194909037452 
67 81 0 8 0.00194199610283 
13 54 0 8 0.00193579501343 
24 37 0 8 0.00193228807787 
28 48 0 8 0.00193013577927 
18 36 0 8 0.0019288395607 
26 72 0 8 0.00192648126128 
6 48 0 8 0.00192569713926 
15 53 0 8 0.00192539122403 
24 63 0 8 0.00192253884022 
4 18 0 8 0.00192204284443 
1 16 0 8 0.00192095733355 
13 72 0 8 0.00192077333293 
57 87 0 8 0.00191560121702 
24 61 0 8 0.00191244849047 
14 52 0 8 0.00190895771815 
61 84 0 8 0.0019088062965 
37 69 0 8 0.0019059239596 
36 65 0 8 0.00190581999488 
20 72 0 8 0.00190520907162 
51 63 0 8 0.00190472866103 
32 72 0 8 0.00190379028756 
17 86 0 8 0.00190056247135 
30 63 0 8 0.00189410677695 
26 45 0 8 0.00188216733151 
28 41 0 8 0.00188167947236 
1 18 0 8 0.00187878448611 
27 48 0 8 0.00187844748481 
5 47 0 8 0.00187633943225 
6 42 0 8 0.00187583711034 
59 87 0 8 0.00187414066546 
20 34 0 8 0.00187267513974 
14 61 0 8 0.00186810751831 
10 55 0 8 0.00186361988649 
29 57 0 8 0.0018636182925 
23 64 0 8 0.0018574627364 
60 72 0 8 0.00185409159899 
70 87 0 8 0.00185381888729 
7 54 0 8 0.00185176359232 
28 68 0 8 0.00185031197306 
54 86 0 8 0.00184993479757 
57 72 0 8 0.00184748347825 
48 85 0 8 0.00184341702743 
56 83 0 8 0.00184247050864 
70 84 0 8 0.00184083412153 
35 85 0 8 0.00183989920827 
2 16 0 8 0.00183867952778 
40 79 0 8 0.00183307407055 
18 30 0 8 0.00182704139365 
35 86 0 8 0.00181981674804 
18 31 0 8 0.00181647293806 
27 50 0 8 0.00181128430028 
7 44 0 8 0.00180980736686 
10 29 0 8 0.00180384612295 
52 85 0 8 0.0018033396749 
28 50 0 8 0.0018004562502 
30 84 0 8 0.00179959064316 
47 68 0 8 0.00179283359184 
27 85 0 8 0.00179265833915 
21 64 0 8 0.00178904545718 
28 40 0 8 0.0017865296802 
2 67 0 8 0.00177590672059 
2 40 0 8 0.00176859017357 
53 65 0 8 0.00176676640814 
49 72 0 8 0.00176591353276 
4 80 0 8 0.00176586208146 
3 37 0 8 0.00176443793676 
28 49 0 8 0.0017636744705 
34 78 0 8 0.00176242171886 
5 42 0 8 0.00176131106373 
25 57 0 8 0.00175941838205 
1 26 0 8 0.00175887542769 
36 70 0 8 0.0017558689787 
5 51 0 8 0.00175293285834 
36 59 0 8 0.00175268487119 
16 86 0 8 0.00174425951462 
27 51 0 8 0.00173595148295 
14 33 0 8 0.00173477106673 
32 81 0 8 0.00173280156693 
44 58 0 8 0.00172955322811 
29 79 0 8 0.0017266881294 
53 87 0 8 0.00172232996126 
18 59 0 8 0.00171746326995 
1 43 0 8 0.00171190913243 
7 36 0 8 0.00170695049887 
11 23 0 8 0.00169459014356 
21 54 0 8 0.00169160625825 
1 37 0 8 0.00168574586835 
29 41 0 8 0.00167987016371 
20 33 0 8 0.00167706742951 
28 46 0 8 0.00167300653803 
30 54 0 8 0.00166307914337 
41 77 0 8 0.0016541432844 
2 42 0 8 0.001646881917 
47 86 0 8 0.001641668691 
33 57 0 8 0.00164100366219 
23 59 0 8 0.00163803123419 
2 69 0 8 0.0016229205169 
24 71 0 8 0.00160387561101 
33 87 0 8 0.00155210861649 
39 53 0 8 0.00144942844506 
41 53 0 8 0.00140609037661 
1 78 0 8 0.00140232599352 
1 64 0 8 0.00134594763626 
