15 46 0 8 0.00772674313005 
20 41 0 8 0.00681004033208 
11 53 0 8 0.00537746589757 
10 58 0 8 0.00483957935592 
13 51 0 8 0.0045267852571 
16 51 0 8 0.00411056866423 
52 64 0 8 0.00398556669264 
9 56 0 8 0.00391003054301 
21 58 0 8 0.0038867341547 
10 53 0 8 0.00355407271036 
14 48 0 8 0.00341845898127 
24 50 0 8 0.00339682261052 
12 48 0 8 0.00337619422635 
24 41 0 8 0.00333721376755 
59 72 0 8 0.00328960162199 
41 64 0 8 0.0032382194689 
6 24 0 8 0.00323738587005 
19 45 0 8 0.00323664101778 
55 67 0 8 0.00322426366128 
16 49 0 8 0.00322385189975 
6 50 0 8 0.00321916976647 
57 70 0 8 0.00321552480231 
19 43 0 8 0.00318095765832 
10 56 0 8 0.00316612394951 
9 53 0 8 0.00314360658934 
20 50 0 8 0.00312020564203 
59 74 0 8 0.00308251213136 
12 49 0 8 0.00304686800694 
43 56 0 8 0.0030122387105 
50 64 0 8 0.00300822380261 
41 56 0 8 0.00300349806483 
58 76 0 8 0.00300038226223 
6 20 0 8 0.00298061518652 
57 72 0 8 0.00297590373546 
40 66 0 8 0.00297352694174 
19 47 0 8 0.00297157704746 
57 75 0 8 0.00295746284487 
20 46 0 8 0.00294918240617 
26 39 0 8 0.00294910331853 
11 51 0 8 0.00293944248756 
24 52 0 8 0.00293520677138 
58 75 0 8 0.00291951591608 
15 49 0 8 0.00287590960462 
15 50 0 8 0.00287511918333 
12 51 0 8 0.00284033144554 
11 54 0 8 0.00283748079128 
39 66 0 8 0.00283240947759 
12 26 0 8 0.00282955079558 
14 51 0 8 0.00282300993649 
59 71 0 8 0.00281571811305 
27 43 0 8 0.00279926130354 
57 73 0 8 0.00279218266322 
39 65 0 8 0.00279198928164 
23 63 0 8 0.00278997978561 
4 48 0 8 0.00276488637429 
39 63 0 8 0.00276275240794 
16 45 0 8 0.00276152138725 
13 49 0 8 0.0027604438879 
21 46 0 8 0.00276000666495 
57 77 0 8 0.00274993427023 
41 57 0 8 0.00273948315488 
52 65 0 8 0.00272639309238 
19 42 0 8 0.0027240868622 
22 44 0 8 0.00272242589007 
17 41 0 8 0.00271803720279 
55 68 0 8 0.00271770759011 
17 45 0 8 0.00271271299662 
42 56 0 8 0.00270979490763 
12 62 0 8 0.00268214369167 
22 37 0 8 0.00266855986816 
54 77 0 8 0.00265705883217 
11 30 0 8 0.00265519845363 
23 57 0 8 0.00265310374845 
24 64 0 8 0.00264841892323 
27 42 0 8 0.00264596600057 
12 27 0 8 0.00263197091403 
19 44 0 8 0.00262806422833 
27 39 0 8 0.0026110464815 
54 67 0 8 0.0025965752864 
17 46 0 8 0.00259041931841 
26 41 0 8 0.00258916062129 
17 51 0 8 0.00258886820087 
57 71 0 8 0.00258810670557 
11 29 0 8 0.00258448502915 
56 71 0 8 0.00257840980041 
8 53 0 8 0.0025767176702 
29 43 0 8 0.00256752551286 
17 47 0 8 0.00256596583223 
9 51 0 8 0.00255934170776 
41 65 0 8 0.00255253617439 
26 43 0 8 0.0025494989594 
21 45 0 8 0.00254790894288 
6 52 0 8 0.00254484465512 
16 43 0 8 0.00254464865457 
41 66 0 8 0.00254443588481 
18 45 0 8 0.00253969649403 
55 70 0 8 0.00253644391006 
16 48 0 8 0.0025327880469 
9 22 0 8 0.00252862741821 
8 54 0 8 0.00252739018273 
27 40 0 8 0.00251598949755 
28 63 0 8 0.00251504010977 
22 57 0 8 0.00251279902764 
39 62 0 8 0.00250860763806 
49 72 0 8 0.00250645023385 
22 46 0 8 0.00250626853857 
37 63 0 8 0.00250436557246 
13 27 0 8 0.00250416292088 
57 76 0 8 0.00250385237303 
55 76 0 8 0.00249901536161 
27 41 0 8 0.00249886485214 
51 79 0 8 0.00249732545307 
60 73 0 8 0.00249661502958 
14 29 0 8 0.00249058851321 
58 72 0 8 0.00249043672862 
15 64 0 8 0.00248541416361 
10 65 0 8 0.0024849521036 
43 58 0 8 0.00248474383151 
14 26 0 8 0.00248216934011 
43 64 0 8 0.00247696960929 
23 58 0 8 0.00247598317139 
22 38 0 8 0.00247015899841 
39 64 0 8 0.00246270878528 
12 28 0 8 0.00245730908153 
7 25 0 8 0.00245465130984 
56 70 0 8 0.00245327318073 
18 47 0 8 0.00245080709204 
21 41 0 8 0.00244883797082 
17 49 0 8 0.00244662598561 
25 37 0 8 0.00244548469284 
7 51 0 8 0.00244415593623 
40 56 0 8 0.00244307480728 
28 40 0 8 0.0024421512444 
11 47 0 8 0.00243879015497 
41 58 0 8 0.00243519256339 
24 43 0 8 0.00243308802429 
21 42 0 8 0.00242844976259 
26 42 0 8 0.00242443046003 
58 77 0 8 0.0024227548745 
45 80 0 8 0.00242222367524 
18 44 0 8 0.00241488175059 
60 75 0 8 0.00241299602801 
21 51 0 8 0.0024043815851 
20 64 0 8 0.00239574925281 
6 41 0 8 0.00238896083099 
27 57 0 8 0.0023861124077 
40 67 0 8 0.0023853084206 
7 68 0 8 0.00238519679163 
25 63 0 8 0.00238205388581 
13 61 0 8 0.00237727990813 
25 43 0 8 0.00237454925748 
19 49 0 8 0.00236976403195 
32 62 0 8 0.00236902160435 
38 63 0 8 0.00235718051338 
56 78 0 8 0.00235632036588 
57 78 0 8 0.00235487398522 
39 67 0 8 0.00235253667176 
7 43 0 8 0.00235081026738 
25 38 0 8 0.00234324260433 
25 60 0 8 0.00234318247593 
27 67 0 8 0.0023404213201 
11 41 0 8 0.00233588712776 
42 64 0 8 0.00233456751498 
60 74 0 8 0.00233348231519 
6 21 0 8 0.002331711381 
13 46 0 8 0.00233091697332 
41 55 0 8 0.00233001088136 
59 73 0 8 0.00232547293486 
7 66 0 8 0.00232389655166 
24 46 0 8 0.00232308996425 
42 55 0 8 0.00232297222716 
7 22 0 8 0.00232205974287 
19 48 0 8 0.00232036717022 
10 22 0 8 0.00231888571425 
11 28 0 8 0.00231716641863 
6 64 0 8 0.00231692333715 
21 49 0 8 0.0023121011111 
51 78 0 8 0.00231083870476 
37 65 0 8 0.00230347853451 
38 67 0 8 0.00230313214708 
28 41 0 8 0.00230001731232 
25 44 0 8 0.00229986311384 
10 24 0 8 0.00229745361907 
25 40 0 8 0.00229695390776 
20 57 0 8 0.00229464018045 
59 76 0 8 0.00229029743132 
8 77 0 8 0.0022897467814 
54 69 0 8 0.00228949301151 
26 57 0 8 0.00228796817231 
25 62 0 8 0.00228781457715 
21 65 0 8 0.00228743850746 
16 58 0 8 0.00228599586626 
40 68 0 8 0.00228410772166 
19 37 0 8 0.00228282267211 
24 37 0 8 0.00228270704991 
17 42 0 8 0.00228031745651 
57 69 0 8 0.00227654004153 
22 51 0 8 0.00227559160687 
50 62 0 8 0.00227533811821 
40 55 0 8 0.00227401918295 
21 64 0 8 0.00227319112731 
24 65 0 8 0.00226683044814 
6 46 0 8 0.00226682163492 
10 30 0 8 0.00226554011703 
7 24 0 8 0.00226401663124 
27 49 0 8 0.00226330137408 
31 63 0 8 0.00226259319128 
52 78 0 8 0.00225981836982 
22 39 0 8 0.00225871707667 
42 54 0 8 0.00225843144702 
49 62 0 8 0.00225467786311 
25 73 0 8 0.0022526874581 
15 29 0 8 0.00225243858125 
51 64 0 8 0.00225141697479 
48 72 0 8 0.00224976514555 
14 30 0 8 0.0022485918462 
20 66 0 8 0.00224285701971 
13 26 0 8 0.00223448571439 
14 60 0 8 0.00223375167887 
7 21 0 8 0.00223335955104 
26 38 0 8 0.00223236591847 
23 47 0 8 0.00223061893341 
42 62 0 8 0.00222578417866 
12 61 0 8 0.00222203349967 
29 64 0 8 0.00222169339664 
7 50 0 8 0.00222148819484 
6 22 0 8 0.00222133431413 
17 38 0 8 0.00222003972263 
27 54 0 8 0.00221751247412 
7 78 0 8 0.00221406625966 
24 39 0 8 0.00221279453795 
29 65 0 8 0.00221210159031 
25 67 0 8 0.00221184180844 
9 48 0 8 0.00220892590305 
41 69 0 8 0.00220712746953 
26 40 0 8 0.00220531518639 
15 41 0 8 0.00220133376776 
26 58 0 8 0.00220052923331 
10 66 0 8 0.00220024575006 
14 28 0 8 0.00220012720525 
28 42 0 8 0.00219937672553 
9 47 0 8 0.00219928340155 
38 62 0 8 0.00219856492525 
29 62 0 8 0.00219847939483 
11 75 0 8 0.00219663758771 
24 36 0 8 0.00219622928914 
21 67 0 8 0.00219424984667 
28 54 0 8 0.00219164430128 
14 69 0 8 0.00218968852036 
40 53 0 8 0.00218777350624 
11 31 0 8 0.00218711685202 
58 78 0 8 0.00217927245422 
5 47 0 8 0.00217792020101 
25 61 0 8 0.00217567777068 
14 43 0 8 0.00217531693902 
22 63 0 8 0.00217493875163 
8 28 0 8 0.00217163094787 
52 77 0 8 0.00217045520824 
11 32 0 8 0.00216872321323 
8 25 0 8 0.00216654439628 
19 39 0 8 0.00216468620963 
9 44 0 8 0.00216316744612 
27 62 0 8 0.00216089610209 
30 65 0 8 0.00215987465226 
7 69 0 8 0.00215905044833 
44 60 0 8 0.00215720512967 
12 37 0 8 0.00215503856954 
11 77 0 8 0.00215421138546 
26 49 0 8 0.00215258754628 
52 79 0 8 0.00215222038577 
7 79 0 8 0.00215196065553 
11 74 0 8 0.00215103196426 
21 37 0 8 0.00215033122009 
37 67 0 8 0.00214444534424 
22 62 0 8 0.00214234267541 
26 63 0 8 0.00214092823511 
39 68 0 8 0.00213925353664 
54 73 0 8 0.00213672068686 
40 69 0 8 0.0021351973759 
12 64 0 8 0.00212979787437 
36 63 0 8 0.00212911245357 
22 67 0 8 0.00212820747672 
4 51 0 8 0.00212733108459 
26 48 0 8 0.00212624400053 
32 63 0 8 0.00212517774512 
53 71 0 8 0.00212331408231 
14 38 0 8 0.00212167399331 
2 48 0 8 0.00212104221029 
50 80 0 8 0.00212079394915 
42 67 0 8 0.00212019990275 
10 71 0 8 0.00211662183155 
5 49 0 8 0.00211358717218 
28 43 0 8 0.00210898979493 
40 80 0 8 0.00210672319013 
42 58 0 8 0.00210574708698 
18 36 0 8 0.00210559539962 
52 67 0 8 0.00210088384726 
18 39 0 8 0.00209999252303 
25 69 0 8 0.00209781245355 
6 70 0 8 0.0020947014608 
16 38 0 8 0.00208677558665 
26 51 0 8 0.0020831236174 
26 73 0 8 0.002080737251 
25 47 0 8 0.00207929241403 
5 64 0 8 0.00207540441902 
56 79 0 8 0.00206882480682 
5 22 0 8 0.00206704766612 
30 63 0 8 0.00206620109616 
15 65 0 8 0.00206582617592 
33 64 0 8 0.00206090240147 
47 78 0 8 0.00206082392949 
13 32 0 8 0.00206001943245 
19 63 0 8 0.00205988973685 
27 68 0 8 0.00205977156694 
52 80 0 8 0.00205949404806 
19 62 0 8 0.00205763736223 
58 80 0 8 0.00205676685766 
9 68 0 8 0.00205653426178 
14 66 0 8 0.00205425790506 
31 64 0 8 0.00205200508931 
57 79 0 8 0.00205036708394 
46 79 0 8 0.00205015842618 
23 36 0 8 0.00204731941494 
26 72 0 8 0.00204618441979 
16 29 0 8 0.00204559503531 
6 37 0 8 0.00204507446863 
48 71 0 8 0.0020442211981 
27 47 0 8 0.00204340409693 
39 69 0 8 0.00204318329461 
39 55 0 8 0.00204092426623 
45 62 0 8 0.00203786820112 
4 71 0 8 0.00203281777132 
8 37 0 8 0.00202704031616 
17 68 0 8 0.00201386985832 
22 35 0 8 0.00201299090494 
46 78 0 8 0.00201148414963 
17 37 0 8 0.00201046809071 
12 25 0 8 0.00201045371253 
4 67 0 8 0.00201015394433 
5 63 0 8 0.00200976307587 
65 77 0 8 0.00200690166373 
5 68 0 8 0.00200507208668 
16 54 0 8 0.00200326380203 
5 37 0 8 0.00200077459126 
41 53 0 8 0.00200054280398 
5 25 0 8 0.00199886562728 
10 41 0 8 0.0019983205415 
6 43 0 8 0.00199829950355 
50 70 0 8 0.00199730632563 
8 74 0 8 0.00199357503442 
2 44 0 8 0.0019917623455 
30 50 0 8 0.00198967170221 
8 63 0 8 0.00198936568313 
5 81 0 8 0.00198936122867 
44 85 0 8 0.0019837504174 
29 50 0 8 0.00198141097282 
66 80 0 8 0.00198132594074 
8 34 0 8 0.00197839316865 
7 59 0 8 0.00197372424258 
18 80 0 8 0.00196634973732 
17 57 0 8 0.00196562053033 
13 71 0 8 0.00196202517308 
40 81 0 8 0.00195883238821 
6 26 0 8 0.0019532979579 
5 62 0 8 0.0019504595165 
14 37 0 8 0.00194971696319 
28 53 0 8 0.00194482616201 
33 59 0 8 0.00194185336849 
43 77 0 8 0.00194173525246 
33 65 0 8 0.00194019391325 
12 34 0 8 0.00193947895096 
22 34 0 8 0.00193937416085 
25 74 0 8 0.00193658746004 
67 79 0 8 0.001933474759 
23 35 0 8 0.00192537641132 
30 42 0 8 0.00192372113727 
3 38 0 8 0.00192085893035 
47 59 0 8 0.00191966121724 
30 43 0 8 0.00190975954363 
47 81 0 8 0.00190547654647 
40 52 0 8 0.00190315349306 
7 38 0 8 0.00189587240501 
21 80 0 8 0.0018919420935 
43 83 0 8 0.00189057942942 
69 83 0 8 0.00188831593425 
15 31 0 8 0.00188514486495 
45 57 0 8 0.00187400179845 
19 33 0 8 0.00187353881802 
6 30 0 8 0.00186743474734 
23 72 0 8 0.00186121274247 
1 44 0 8 0.00185667259057 
4 74 0 8 0.00185107364137 
5 20 0 8 0.00182936926768 
28 73 0 8 0.0018275207625 
22 70 0 8 0.00182745232803 
17 29 0 8 0.00182688066095 
31 50 0 8 0.00182549872522 
38 54 0 8 0.00182147335328 
43 75 0 8 0.00182111929058 
60 79 0 8 0.00182093582243 
32 56 0 8 0.00181051197997 
5 32 0 8 0.00179751646069 
61 80 0 8 0.00179412136044 
12 79 0 8 0.00178966830354 
3 83 0 8 0.00178707878971 
69 84 0 8 0.00177262810277 
2 72 0 8 0.00177186028146 
30 44 0 8 0.0017677562365 
1 40 0 8 0.00175962942221 
68 80 0 8 0.00174284022012 
44 69 0 8 0.00173877281497 
40 85 0 8 0.00173480077759 
33 49 0 8 0.00172915011518 
3 32 0 8 0.00168135773584 
39 78 0 8 0.00166964649439 
31 52 0 8 0.00166657664938 
5 85 0 8 0.00165212691052 
61 85 0 8 0.00161210295788 
26 80 0 8 0.00159731120792 
37 85 0 8 0.00158628360849 
1 54 0 8 0.00158456208884 
12 82 0 8 0.00156141026375 
1 59 0 8 0.00148216870613 
26 84 0 8 0.00144034443581 
2 16 0 8 0.00134890342425 
