35 47 0 8 0.00296642333705 
34 48 0 8 0.00276232592537 
33 48 0 8 0.00263940663061 
33 49 0 8 0.00247484805527 
81 112 0 8 0.0024432549834 
34 49 0 8 0.00240749374639 
35 48 0 8 0.00237270677193 
34 47 0 8 0.00236882211804 
34 46 0 8 0.00235188696938 
21 40 0 8 0.00231999310606 
57 72 0 8 0.00231521383568 
23 37 0 8 0.00230582408334 
101 114 0 8 0.00227630515321 
99 115 0 8 0.00224580658372 
58 73 0 8 0.0022362717082 
101 113 0 8 0.00223316292178 
59 72 0 8 0.00221934274283 
101 118 0 8 0.0022176662416 
59 71 0 8 0.0021978536239 
35 49 0 8 0.00217078034138 
57 73 0 8 0.00214881561156 
33 51 0 8 0.00214099718216 
32 48 0 8 0.0021392993562 
114 131 0 8 0.00211293875361 
47 61 0 8 0.0021074566771 
80 109 0 8 0.00208432265687 
59 73 0 8 0.00207689340024 
69 82 0 8 0.00206213401644 
80 132 0 8 0.00206142594326 
100 115 0 8 0.00205788293085 
58 72 0 8 0.00205205600653 
24 72 0 8 0.00204841455486 
58 71 0 8 0.00201145890177 
99 117 0 8 0.00200953861223 
25 71 0 8 0.00199798616279 
57 71 0 8 0.00199538692598 
79 112 0 8 0.00199335430004 
30 73 0 8 0.00198848666715 
21 39 0 8 0.00196473576808 
99 114 0 8 0.00195947753271 
24 40 0 8 0.00195450241621 
33 50 0 8 0.00195423945335 
20 70 0 8 0.00193523110946 
55 71 0 8 0.00192841915966 
22 72 0 8 0.00192712664962 
47 71 0 8 0.00191764656417 
32 46 0 8 0.00190948514798 
99 121 0 8 0.00190752829327 
110 127 0 8 0.00190688225645 
33 52 0 8 0.00190351431493 
22 70 0 8 0.00190300833685 
33 53 0 8 0.00189834428815 
112 132 0 8 0.00189566398397 
110 129 0 8 0.00187746092417 
111 132 0 8 0.0018699947046 
31 52 0 8 0.00186684492771 
23 71 0 8 0.00186219940964 
21 41 0 8 0.00185558813942 
79 114 0 8 0.00185536022766 
60 72 0 8 0.00185129570651 
32 51 0 8 0.00184590605861 
100 114 0 8 0.00183559807153 
24 36 0 8 0.00182828483215 
69 81 0 8 0.00182054781744 
43 67 0 8 0.00181746854529 
101 115 0 8 0.00181713477412 
57 74 0 8 0.00181363587707 
27 73 0 8 0.00180751385641 
31 51 0 8 0.00180449217851 
67 82 0 8 0.00179866408244 
21 38 0 8 0.00179726640424 
81 103 0 8 0.00179204036953 
32 52 0 8 0.00178252618345 
79 119 0 8 0.00178154730721 
32 50 0 8 0.00177530890238 
32 49 0 8 0.00177441127823 
56 72 0 8 0.00177054195491 
109 134 0 8 0.00176384247841 
36 70 0 8 0.00176307367462 
78 111 0 8 0.00176241564981 
93 117 0 8 0.00176065669896 
23 36 0 8 0.00175475891509 
22 38 0 8 0.00175263645064 
48 63 0 8 0.00175208915402 
96 117 0 8 0.00174552983172 
68 82 0 8 0.0017409395665 
102 114 0 8 0.0017394450105 
25 73 0 8 0.00173448033735 
104 129 0 8 0.00173046277043 
25 59 0 8 0.00173036431621 
21 43 0 8 0.00172349603372 
47 60 0 8 0.00171928219334 
114 132 0 8 0.00171631346121 
112 129 0 8 0.00171443927704 
80 130 0 8 0.00171438226127 
113 133 0 8 0.00171112777327 
19 40 0 8 0.00171092363103 
58 70 0 8 0.00170841552016 
48 69 0 8 0.00170334094073 
111 134 0 8 0.00170160078936 
82 108 0 8 0.00169994019921 
23 69 0 8 0.00169982682454 
21 37 0 8 0.00169877259683 
80 111 0 8 0.00169795124717 
19 67 0 8 0.00169543227387 
45 63 0 8 0.00169336741511 
67 84 0 8 0.0016876554324 
81 96 0 8 0.00168447594611 
46 63 0 8 0.00167904150893 
58 74 0 8 0.00167263795191 
31 49 0 8 0.00167128756022 
36 69 0 8 0.00167044868805 
67 83 0 8 0.00166257301476 
80 131 0 8 0.00165888170907 
109 130 0 8 0.001656447155 
24 38 0 8 0.00165545254259 
103 129 0 8 0.00165511890712 
99 118 0 8 0.0016511498708 
70 82 0 8 0.00164629847023 
34 50 0 8 0.00164526886418 
23 35 0 8 0.00164389693211 
100 118 0 8 0.00164335149833 
112 131 0 8 0.00164319680365 
113 131 0 8 0.00164098381506 
57 75 0 8 0.0016391331605 
60 80 0 8 0.00163909143682 
24 74 0 8 0.00163625230551 
48 70 0 8 0.00163623027269 
82 109 0 8 0.00163496271246 
34 51 0 8 0.00163313314773 
113 132 0 8 0.00163313200086 
20 68 0 8 0.00163228329807 
27 57 0 8 0.00163025526861 
98 115 0 8 0.00162475221282 
55 72 0 8 0.00162455603319 
19 66 0 8 0.00162144567105 
22 40 0 8 0.00161987194991 
62 109 0 8 0.00161819767243 
105 129 0 8 0.00161548298063 
34 98 0 8 0.00161449776885 
7 20 0 8 0.00161164299565 
21 69 0 8 0.00160866019994 
102 115 0 8 0.00160859975115 
21 63 0 8 0.0016055132804 
83 110 0 8 0.00160521477146 
61 111 0 8 0.00160517770848 
111 130 0 8 0.0015970813461 
114 133 0 8 0.00159291433289 
21 70 0 8 0.00159274283876 
103 131 0 8 0.00159156452507 
47 69 0 8 0.00159093019199 
119 131 0 8 0.00158706514496 
21 68 0 8 0.00158582038233 
56 71 0 8 0.00158579951117 
110 134 0 8 0.00158314148693 
78 136 0 8 0.00157944982898 
109 129 0 8 0.00157809895723 
59 99 0 8 0.00157723836066 
29 48 0 8 0.00157684187674 
56 73 0 8 0.00157529001875 
30 49 0 8 0.00157522509219 
100 117 0 8 0.00157402500734 
22 37 0 8 0.00157149360304 
24 37 0 8 0.00156987089396 
13 123 0 8 0.00156664861228 
95 117 0 8 0.00156632730731 
93 112 0 8 0.00156515997525 
102 131 0 8 0.00156514569078 
80 133 0 8 0.00156201470735 
98 114 0 8 0.00155937852624 
96 114 0 8 0.00155899126881 
92 127 0 8 0.00155774772093 
45 67 0 8 0.00155119543 
23 38 0 8 0.001546478951 
18 38 0 8 0.00154559273689 
20 62 0 8 0.00154452153895 
93 118 0 8 0.00153909994165 
93 114 0 8 0.00153872351882 
37 80 0 8 0.00153793535933 
33 54 0 8 0.00153566814979 
31 113 0 8 0.00153528987802 
78 113 0 8 0.00153454442847 
98 117 0 8 0.00153335803531 
18 66 0 8 0.00153241502988 
15 123 0 8 0.00153193487033 
37 69 0 8 0.00153104593522 
21 64 0 8 0.0015270578899 
14 108 0 8 0.00152387718642 
95 121 0 8 0.00152367431107 
101 132 0 8 0.00152200677809 
96 121 0 8 0.00152106613952 
31 48 0 8 0.00151995026543 
110 122 0 8 0.00151983004309 
31 54 0 8 0.001519425171 
82 102 0 8 0.00151864564992 
31 50 0 8 0.00151754761317 
80 110 0 8 0.00151650800964 
46 71 0 8 0.00151534092854 
26 57 0 8 0.00151389137206 
47 62 0 8 0.00151360938641 
25 55 0 8 0.00151275183912 
81 104 0 8 0.00151238203209 
68 83 0 8 0.00151140649843 
81 105 0 8 0.00151114070848 
81 111 0 8 0.00150870108571 
95 118 0 8 0.00150585321754 
38 77 0 8 0.00150264319767 
57 70 0 8 0.00150100943146 
62 111 0 8 0.00149870852477 
21 67 0 8 0.00149784437383 
19 41 0 8 0.00149735042191 
86 110 0 8 0.0014965645735 
98 118 0 8 0.00149641592612 
101 131 0 8 0.00149281393699 
111 131 0 8 0.00148968311434 
56 75 0 8 0.00148824255777 
56 74 0 8 0.00148765689334 
14 107 0 8 0.00148671394451 
109 128 0 8 0.00148578045979 
47 70 0 8 0.00148571471128 
101 117 0 8 0.00148288072428 
30 104 0 8 0.00148246541698 
60 112 0 8 0.0014817669855 
92 121 0 8 0.00148056090875 
111 129 0 8 0.00147916670587 
78 104 0 8 0.00147800398754 
37 79 0 8 0.00147709798349 
83 104 0 8 0.00147686431896 
22 71 0 8 0.00147498083556 
34 112 0 8 0.00147463438515 
80 104 0 8 0.00147419851676 
19 65 0 8 0.00147405251182 
89 110 0 8 0.0014736306579 
76 121 0 8 0.00147362168715 
6 20 0 8 0.00147226272466 
102 118 0 8 0.00147152492672 
54 124 0 8 0.00147095340488 
82 106 0 8 0.0014706255387 
102 129 0 8 0.0014697371922 
105 127 0 8 0.00146951064959 
78 96 0 8 0.00146866801537 
102 130 0 8 0.00146737984392 
79 131 0 8 0.00146193330203 
83 111 0 8 0.00146170314779 
23 55 0 8 0.00146084388591 
61 112 0 8 0.00145999100688 
109 133 0 8 0.00145998153629 
46 67 0 8 0.00145967102013 
100 113 0 8 0.00145938261309 
103 130 0 8 0.00145931906688 
45 68 0 8 0.00145912541946 
20 40 0 8 0.00145896508816 
99 116 0 8 0.001458229767 
38 70 0 8 0.00145635327325 
82 105 0 8 0.00145472406047 
58 100 0 8 0.0014537736234 
89 102 0 8 0.00145211954722 
89 101 0 8 0.00145172584402 
94 110 0 8 0.00145116828464 
20 38 0 8 0.00145045942398 
8 20 0 8 0.00145008915031 
82 107 0 8 0.00144994010582 
35 69 0 8 0.00144989377695 
81 93 0 8 0.00144795942834 
112 133 0 8 0.00144784053188 
104 127 0 8 0.00144529584912 
93 110 0 8 0.00144494517216 
110 130 0 8 0.00144476163384 
79 113 0 8 0.00144456346222 
18 67 0 8 0.00144349085556 
60 73 0 8 0.00144150027286 
69 83 0 8 0.00144058023742 
79 129 0 8 0.00143573866071 
45 71 0 8 0.00143367226415 
7 130 0 8 0.00143091983856 
80 125 0 8 0.00142938754436 
49 69 0 8 0.00142827187235 
105 130 0 8 0.0014273217881 
96 115 0 8 0.00142674702777 
109 135 0 8 0.00142600068718 
89 104 0 8 0.0014258413268 
7 23 0 8 0.00142485947816 
26 73 0 8 0.00142287492786 
30 121 0 8 0.00142090972981 
47 63 0 8 0.00141990985444 
19 68 0 8 0.00141927320736 
86 105 0 8 0.00141752331091 
82 133 0 8 0.00141663129811 
103 132 0 8 0.00141594610711 
80 96 0 8 0.00141468384634 
105 128 0 8 0.00141386433282 
26 74 0 8 0.00141353414572 
39 69 0 8 0.001411897254 
29 46 0 8 0.00141159147633 
18 63 0 8 0.00141118377702 
33 46 0 8 0.00141061412759 
68 81 0 8 0.00140979037737 
20 65 0 8 0.00140902441151 
6 23 0 8 0.00140763356736 
58 75 0 8 0.00140750339671 
48 67 0 8 0.00140607590258 
34 100 0 8 0.0014044064034 
80 105 0 8 0.00140402581436 
20 63 0 8 0.00140369190071 
101 133 0 8 0.00140159385328 
109 127 0 8 0.00140156681636 
92 118 0 8 0.00139908378843 
18 65 0 8 0.00139856795919 
94 127 0 8 0.00139821146891 
59 74 0 8 0.00139703639578 
47 67 0 8 0.00139496020868 
89 112 0 8 0.00139420221903 
78 129 0 8 0.00139278642665 
29 55 0 8 0.001392216929 
104 122 0 8 0.00139213331009 
57 78 0 8 0.00139195930611 
59 103 0 8 0.00139155316857 
18 69 0 8 0.00139144909279 
30 55 0 8 0.00138914421026 
55 70 0 8 0.0013890653393 
46 68 0 8 0.00138574562618 
67 85 0 8 0.00138513780481 
60 102 0 8 0.0013842856112 
6 37 0 8 0.00138407303331 
113 134 0 8 0.00138399922355 
61 110 0 8 0.00138350736676 
56 102 0 8 0.00138328158723 
80 106 0 8 0.00137605697288 
5 20 0 8 0.0013758431844 
84 107 0 8 0.00137540922645 
56 101 0 8 0.00137415849724 
51 96 0 8 0.00137387813186 
23 61 0 8 0.00137304300428 
5 24 0 8 0.00137277424729 
11 84 0 8 0.00137231944818 
25 74 0 8 0.00137087029177 
109 136 0 8 0.0013687018877 
26 55 0 8 0.00136842410049 
73 125 0 8 0.00136774700445 
20 43 0 8 0.00136747236852 
23 46 0 8 0.00136701644669 
83 112 0 8 0.00136466306821 
60 110 0 8 0.00136312724488 
108 128 0 8 0.00136267188117 
82 130 0 8 0.0013620150237 
104 128 0 8 0.00136093149503 
19 39 0 8 0.00136069389219 
54 72 0 8 0.00136012652733 
43 77 0 8 0.00135940638361 
110 136 0 8 0.00135900288056 
60 79 0 8 0.00135896585821 
24 75 0 8 0.00135816271728 
103 118 0 8 0.00135810225907 
38 68 0 8 0.00135758789817 
35 68 0 8 0.001357418861 
17 69 0 8 0.00135668646679 
78 126 0 8 0.00135652454587 
89 105 0 8 0.00135648328644 
6 35 0 8 0.00135565693318 
21 44 0 8 0.00135477402028 
45 69 0 8 0.00135401057677 
114 134 0 8 0.00135383719466 
46 72 0 8 0.00135350359471 
25 60 0 8 0.00135258949365 
68 84 0 8 0.00135206826203 
79 104 0 8 0.00135165762901 
13 84 0 8 0.0013508432048 
17 43 0 8 0.00134888858742 
81 113 0 8 0.00134879053886 
78 121 0 8 0.00134869673914 
78 127 0 8 0.00134819302589 
106 127 0 8 0.00134818916672 
99 134 0 8 0.00134715745414 
78 105 0 8 0.00134693681041 
63 132 0 8 0.00134666117183 
43 66 0 8 0.00134495088952 
114 129 0 8 0.00134324952485 
35 71 0 8 0.00134289548399 
83 105 0 8 0.00134219406413 
79 110 0 8 0.00134088076745 
49 127 0 8 0.00134070382952 
86 134 0 8 0.00133994141282 
68 128 0 8 0.00133976179491 
92 112 0 8 0.00133965896993 
18 64 0 8 0.00133864366055 
27 104 0 8 0.00133723356454 
80 102 0 8 0.00133659981547 
111 136 0 8 0.00133578336263 
98 112 0 8 0.00133501511852 
23 60 0 8 0.00133485344879 
27 54 0 8 0.00133472577841 
80 121 0 8 0.00133450736877 
59 102 0 8 0.00133307318918 
47 68 0 8 0.00133122705691 
26 59 0 8 0.00133100511941 
70 89 0 8 0.00133039087505 
7 22 0 8 0.00132990745334 
48 102 0 8 0.00132984562217 
100 132 0 8 0.0013296684814 
57 105 0 8 0.00132842779936 
14 120 0 8 0.00132841429937 
38 66 0 8 0.00132801905711 
80 124 0 8 0.0013272306062 
49 70 0 8 0.00132713974614 
14 85 0 8 0.00132713780403 
110 125 0 8 0.00132701177269 
102 121 0 8 0.00132659571012 
18 43 0 8 0.00132641765841 
33 55 0 8 0.00132618102487 
66 129 0 8 0.0013254864655 
23 44 0 8 0.00132517337737 
70 83 0 8 0.00132263846423 
48 64 0 8 0.00132173275325 
76 126 0 8 0.00132137196996 
49 61 0 8 0.0013204186373 
58 97 0 8 0.00131851842036 
38 109 0 8 0.00131798555918 
101 116 0 8 0.00131790557865 
10 35 0 8 0.00131789515181 
58 96 0 8 0.00131703838371 
27 56 0 8 0.00131669636415 
85 108 0 8 0.00131592554379 
57 106 0 8 0.00131523195156 
23 45 0 8 0.00131499348207 
107 134 0 8 0.00131436607416 
35 55 0 8 0.00131390824714 
34 55 0 8 0.00131322943889 
37 71 0 8 0.00131020832339 
94 125 0 8 0.00130995016048 
81 133 0 8 0.00130986493063 
26 75 0 8 0.00130929729342 
100 112 0 8 0.00130830732818 
33 100 0 8 0.00130820294662 
36 81 0 8 0.00130606592353 
12 45 0 8 0.00130570979026 
100 133 0 8 0.0013050971614 
32 113 0 8 0.00130426805499 
49 78 0 8 0.00130344519172 
101 121 0 8 0.00130293696196 
54 119 0 8 0.00130252761026 
78 118 0 8 0.00130017688811 
23 63 0 8 0.00129960572835 
81 101 0 8 0.00129948385163 
92 122 0 8 0.00129734797874 
55 69 0 8 0.00129629380167 
48 125 0 8 0.00129581124885 
115 133 0 8 0.00129516355844 
79 118 0 8 0.0012923145347 
38 84 0 8 0.00129176145046 
60 74 0 8 0.00129130553519 
78 125 0 8 0.00128936776723 
42 64 0 8 0.00128844397564 
23 47 0 8 0.0012874222668 
89 103 0 8 0.00128715675332 
30 99 0 8 0.00128574416386 
45 61 0 8 0.00128551246999 
106 134 0 8 0.00128550186669 
51 69 0 8 0.00128528998455 
94 118 0 8 0.00128507030684 
48 62 0 8 0.00128424136477 
55 100 0 8 0.00128151777802 
10 45 0 8 0.00128126893849 
52 124 0 8 0.00128111624258 
79 106 0 8 0.00128109448716 
89 121 0 8 0.00128074433948 
56 119 0 8 0.00127923790346 
59 111 0 8 0.00127740115873 
76 117 0 8 0.00127691809108 
67 86 0 8 0.00127557038391 
64 128 0 8 0.00127260952148 
15 42 0 8 0.00127211867057 
63 112 0 8 0.00127167648026 
102 120 0 8 0.00126864120264 
78 95 0 8 0.00126842030606 
27 74 0 8 0.00126793090787 
100 131 0 8 0.0012656064817 
48 72 0 8 0.00126495484616 
44 64 0 8 0.00126425864992 
14 45 0 8 0.00126369643509 
25 61 0 8 0.00126365218945 
56 96 0 8 0.00126335477107 
22 44 0 8 0.001263299431 
10 84 0 8 0.00126325489631 
108 133 0 8 0.00126321540296 
12 108 0 8 0.00126133176113 
68 89 0 8 0.00126040477087 
22 45 0 8 0.00125970274787 
75 107 0 8 0.00125646682344 
10 43 0 8 0.00125495863574 
21 45 0 8 0.00125491186506 
24 59 0 8 0.00125420755852 
112 136 0 8 0.00125267537236 
87 105 0 8 0.00125193818106 
102 119 0 8 0.00124986034706 
85 133 0 8 0.00124847198323 
93 115 0 8 0.00124685493853 
5 38 0 8 0.00124605263969 
93 122 0 8 0.00124369602747 
77 114 0 8 0.00124368379355 
73 121 0 8 0.00124223385639 
54 109 0 8 0.00124210054933 
76 125 0 8 0.00124129733887 
35 81 0 8 0.00123998645783 
77 107 0 8 0.00123911503831 
13 43 0 8 0.00123906842029 
91 125 0 8 0.00123806671176 
53 70 0 8 0.00123785338843 
34 117 0 8 0.00123749149155 
61 103 0 8 0.00123522039679 
31 46 0 8 0.0012351187986 
99 133 0 8 0.00123465217165 
37 78 0 8 0.00123406349817 
30 134 0 8 0.0012324004385 
24 58 0 8 0.00123230243345 
48 60 0 8 0.00123210245038 
36 72 0 8 0.00123135861398 
73 89 0 8 0.00123112760007 
26 60 0 8 0.00123044464264 
31 101 0 8 0.0012293150019 
9 45 0 8 0.00122784944761 
6 47 0 8 0.00122749041956 
49 64 0 8 0.00122687554902 
87 107 0 8 0.00122654535501 
30 117 0 8 0.00122574286608 
79 96 0 8 0.00122526779442 
65 133 0 8 0.00122404322349 
65 84 0 8 0.00122365594286 
110 128 0 8 0.00122362827865 
80 122 0 8 0.00122309861797 
40 75 0 8 0.00122299198856 
30 76 0 8 0.00122283019572 
53 125 0 8 0.00122237531365 
52 78 0 8 0.00122152773727 
38 87 0 8 0.00121917556624 
57 135 0 8 0.00121804784144 
90 112 0 8 0.001216264883 
22 57 0 8 0.00121626032425 
41 72 0 8 0.00121415891502 
99 125 0 8 0.00121295808847 
101 134 0 8 0.00120969266741 
58 77 0 8 0.00120797830365 
49 121 0 8 0.00120771215494 
16 38 0 8 0.00120756199165 
5 27 0 8 0.0012072953436 
65 86 0 8 0.00120617338777 
93 127 0 8 0.00120375413354 
86 130 0 8 0.00120338936429 
90 103 0 8 0.00120172405877 
103 122 0 8 0.00120157775521 
78 116 0 8 0.00119899588256 
34 95 0 8 0.0011967691176 
89 118 0 8 0.00119609005176 
108 137 0 8 0.0011932356818 
42 130 0 8 0.00119071354236 
42 77 0 8 0.0011890239268 
8 23 0 8 0.00118824645475 
78 102 0 8 0.00118808410217 
90 113 0 8 0.00118578413425 
53 101 0 8 0.0011812368295 
76 113 0 8 0.00117737727667 
93 105 0 8 0.0011772971399 
34 125 0 8 0.00117552461324 
55 116 0 8 0.00117472394509 
28 96 0 8 0.00117462299744 
76 95 0 8 0.00117342386396 
78 103 0 8 0.00117334470875 
14 128 0 8 0.00117326461736 
30 95 0 8 0.00117247237564 
32 103 0 8 0.001172169443 
81 121 0 8 0.00116956895741 
32 56 0 8 0.00116832321266 
89 129 0 8 0.0011662955414 
92 110 0 8 0.00116567495545 
52 109 0 8 0.00116405902087 
87 103 0 8 0.00115965142027 
109 138 0 8 0.00115929387811 
46 60 0 8 0.00115759577202 
52 94 0 8 0.00115390657023 
20 36 0 8 0.00115354080235 
12 36 0 8 0.00115301147061 
38 116 0 8 0.00115156920243 
12 63 0 8 0.00115103967852 
15 82 0 8 0.00115014318062 
6 19 0 8 0.00115006304071 
18 72 0 8 0.00114862619394 
106 137 0 8 0.00114813581821 
39 64 0 8 0.00114371717327 
61 83 0 8 0.00114332549451 
43 84 0 8 0.00114288771432 
89 134 0 8 0.00114219282361 
11 36 0 8 0.00114056160851 
75 122 0 8 0.00114055064391 
90 134 0 8 0.00113931414081 
79 98 0 8 0.00113901265536 
89 122 0 8 0.00113831478189 
92 104 0 8 0.00113792750474 
104 136 0 8 0.00113661460005 
14 65 0 8 0.00113455316602 
104 118 0 8 0.00113415226256 
73 95 0 8 0.00113398507723 
3 23 0 8 0.00113337040313 
99 129 0 8 0.00113138678836 
25 99 0 8 0.00113098494695 
32 111 0 8 0.00113081890006 
37 110 0 8 0.00112973111829 
56 141 0 8 0.00112927393165 
36 62 0 8 0.00112675551317 
13 71 0 8 0.00112602738118 
70 85 0 8 0.00112520554515 
73 117 0 8 0.00112495426404 
83 127 0 8 0.00112465620556 
62 95 0 8 0.00112306435775 
104 137 0 8 0.00112205453364 
33 63 0 8 0.00111908389606 
27 113 0 8 0.00111826889358 
22 128 0 8 0.00111747549454 
115 136 0 8 0.00111556690358 
71 127 0 8 0.00111444150939 
25 49 0 8 0.00111241296131 
51 117 0 8 0.00110880349734 
88 131 0 8 0.00110801842314 
16 84 0 8 0.00110621473298 
23 137 0 8 0.00110458731613 
11 65 0 8 0.00110339189413 
63 82 0 8 0.00110184623732 
88 130 0 8 0.00110150302684 
35 103 0 8 0.00109547198775 
39 85 0 8 0.00109402571169 
45 60 0 8 0.00109373597272 
82 124 0 8 0.00109333603956 
15 71 0 8 0.00109059115737 
52 111 0 8 0.00108973615984 
54 113 0 8 0.00108737317293 
80 138 0 8 0.00108651157822 
57 123 0 8 0.00108515351973 
34 63 0 8 0.00108373611155 
75 133 0 8 0.0010817531017 
39 55 0 8 0.00108121067108 
14 34 0 8 0.00107856334454 
20 102 0 8 0.00107791656796 
115 137 0 8 0.00107768267769 
73 93 0 8 0.00107649842459 
47 80 0 8 0.00107512003147 
80 92 0 8 0.00107465307111 
99 136 0 8 0.00107462641379 
22 84 0 8 0.00107401598347 
9 48 0 8 0.00107292149575 
44 84 0 8 0.00107108516383 
23 54 0 8 0.00107104457281 
69 95 0 8 0.00106957462822 
75 136 0 8 0.00106552825176 
97 136 0 8 0.00106505589323 
35 61 0 8 0.00106220023205 
57 80 0 8 0.00106160293063 
61 138 0 8 0.00106068459072 
33 67 0 8 0.00105995677054 
46 116 0 8 0.00105901780859 
61 82 0 8 0.00105901520424 
90 102 0 8 0.00105681044749 
62 84 0 8 0.00105652247026 
17 50 0 8 0.00104906525816 
51 91 0 8 0.00104857748732 
36 58 0 8 0.00104732477586 
62 114 0 8 0.00104716284874 
36 90 0 8 0.00104433848347 
22 88 0 8 0.00103701343643 
25 78 0 8 0.00103176556622 
20 56 0 8 0.00102046717816 
72 133 0 8 0.00101943372217 
17 108 0 8 0.00101852674561 
78 94 0 8 0.00100971184317 
117 140 0 8 0.00100823433334 
12 32 0 8 0.00100501878767 
62 126 0 8 0.00100303524733 
7 60 0 8 0.00099821843087 
69 96 0 8 0.000995187041224 
105 139 0 8 0.00099338580032 
38 62 0 8 0.000987183617225 
41 119 0 8 0.00098318535481 
22 50 0 8 0.000982702238153 
22 106 0 8 0.000981897163363 
14 75 0 8 0.000977115605597 
115 139 0 8 0.000977076214822 
14 56 0 8 0.000976812936958 
44 80 0 8 0.000975510625415 
40 128 0 8 0.000974242186074 
40 133 0 8 0.000974208392888 
33 83 0 8 0.000961492696973 
37 119 0 8 0.000961418231735 
4 47 0 8 0.000959694017533 
3 43 0 8 0.000951298222433 
52 136 0 8 0.000943516050669 
45 106 0 8 0.000933217167593 
68 105 0 8 0.000933025729318 
13 50 0 8 0.000923967583589 
5 65 0 8 0.000921466971508 
48 94 0 8 0.000917189436097 
41 53 0 8 0.00091050339195 
115 142 0 8 0.000906762393136 
117 142 0 8 0.00090181087197 
81 142 0 8 0.000871235800538 
6 80 0 8 0.000866132935968 
6 71 0 8 0.000833693472349 
68 110 0 8 0.000829919138656 
12 134 0 8 0.000826573623607 
44 96 0 8 0.000814774457384 
12 25 0 8 0.000814419751632 
99 140 0 8 0.000803687312268 
1 126 0 8 0.000757883976316 
7 106 0 8 0.000745403278304 
