33 59 0 8 0.0044158677125 
25 42 0 8 0.00435223651402 
31 60 0 8 0.0041492627935 
28 56 0 8 0.00410583200741 
57 73 0 8 0.00399561870898 
33 63 0 8 0.0038299258407 
37 59 0 8 0.00381000325685 
27 80 0 8 0.00367822680876 
73 89 0 8 0.00364985121579 
32 63 0 8 0.0035331094023 
13 53 0 8 0.00351423488464 
31 76 0 8 0.00350937331634 
30 80 0 8 0.00350263351114 
33 56 0 8 0.00340333930725 
60 73 0 8 0.00338063195306 
17 53 0 8 0.00337107970711 
27 53 0 8 0.00335961270334 
74 89 0 8 0.00331436836884 
37 63 0 8 0.00330114659399 
70 89 0 8 0.0032447052441 
30 79 0 8 0.0032415799867 
13 57 0 8 0.00319528024314 
31 59 0 8 0.00318207943711 
41 59 0 8 0.00315192588698 
24 53 0 8 0.00312975836865 
13 54 0 8 0.00312761890373 
28 53 0 8 0.003105904566 
38 56 0 8 0.00310386447556 
74 86 0 8 0.00309799601169 
33 60 0 8 0.00307734794866 
73 85 0 8 0.00304734022564 
31 56 0 8 0.00304229807792 
41 56 0 8 0.00303612997492 
12 85 0 8 0.00303313184296 
73 88 0 8 0.00302989403132 
24 56 0 8 0.00302414606668 
32 60 0 8 0.00302403984723 
17 50 0 8 0.00299261961149 
53 82 0 8 0.00298704658153 
74 90 0 8 0.00296747289075 
77 89 0 8 0.00296136880957 
24 52 0 8 0.00295015230408 
32 59 0 8 0.00294885300861 
9 74 0 8 0.00293993328335 
32 64 0 8 0.00292393766527 
9 53 0 8 0.00291402501058 
31 63 0 8 0.00290974183044 
16 85 0 8 0.00290624091409 
53 85 0 8 0.00288684672203 
31 57 0 8 0.00283204334593 
24 49 0 8 0.00278441809812 
16 82 0 8 0.00277929729788 
25 38 0 8 0.00277866965808 
28 52 0 8 0.00277831578179 
30 76 0 8 0.00274839962252 
41 55 0 8 0.00274811748693 
16 53 0 8 0.00274405077724 
28 41 0 8 0.00273466340454 
21 49 0 8 0.00272138013432 
20 53 0 8 0.00269264154962 
20 82 0 8 0.00268834016856 
57 77 0 8 0.00268632340819 
53 89 0 8 0.00267605607661 
17 49 0 8 0.00267012701412 
13 50 0 8 0.00266487524587 
57 85 0 8 0.00265401856206 
53 70 0 8 0.00264171377969 
60 76 0 8 0.00264149468251 
23 82 0 8 0.00260383942788 
27 76 0 8 0.00259702904727 
16 77 0 8 0.00259623402491 
16 73 0 8 0.00257450964063 
57 70 0 8 0.00257094968346 
12 74 0 8 0.0025584899983 
27 77 0 8 0.00255133621278 
9 57 0 8 0.002542628071 
12 77 0 8 0.00253327640934 
37 56 0 8 0.00252135750454 
76 88 0 8 0.00251615048617 
12 82 0 8 0.00250975901702 
27 56 0 8 0.00248129182019 
14 50 0 8 0.00247312230236 
12 70 0 8 0.00247166607196 
31 64 0 8 0.00246688673188 
12 84 0 8 0.00246569481296 
31 86 0 8 0.00246354200268 
13 49 0 8 0.00246244093573 
9 89 0 8 0.00245128371306 
24 42 0 8 0.00244808839521 
73 86 0 8 0.00244142135685 
57 89 0 8 0.00243018782044 
70 90 0 8 0.0024294606479 
56 73 0 8 0.00242294061381 
28 59 0 8 0.00242280473607 
16 74 0 8 0.00241598797071 
12 88 0 8 0.00240762577124 
14 49 0 8 0.00239758044671 
34 59 0 8 0.00238687460448 
31 68 0 8 0.00238677841462 
53 73 0 8 0.00238074437849 
74 88 0 8 0.00238040011997 
12 89 0 8 0.00238020445103 
9 73 0 8 0.00237924183608 
24 38 0 8 0.00237697936647 
27 73 0 8 0.00237509662828 
53 77 0 8 0.00235769525999 
10 50 0 8 0.00235258124336 
20 49 0 8 0.00235082287601 
56 82 0 8 0.00234911729556 
27 60 0 8 0.00234522046179 
15 82 0 8 0.00232489171777 
13 56 0 8 0.002321883926 
15 86 0 8 0.00231901017979 
72 88 0 8 0.00231667014537 
29 51 0 8 0.00231655074282 
16 31 0 8 0.00231260303572 
20 80 0 8 0.00230742537496 
16 76 0 8 0.00230310039925 
32 65 0 8 0.00230274751233 
9 54 0 8 0.00229774504154 
53 74 0 8 0.00229482425126 
15 77 0 8 0.00228929932016 
69 88 0 8 0.00228868446856 
19 80 0 8 0.00228413074167 
27 82 0 8 0.00228320458639 
13 70 0 8 0.00228145648681 
33 64 0 8 0.0022768539558 
57 76 0 8 0.00227653752812 
16 80 0 8 0.00227030209314 
70 92 0 8 0.00226811024525 
9 70 0 8 0.00226317314659 
12 73 0 8 0.00226130343891 
23 80 0 8 0.00226051260302 
74 87 0 8 0.00225586011132 
26 80 0 8 0.00225278470186 
13 27 0 8 0.00224887944724 
15 74 0 8 0.00224862536953 
13 60 0 8 0.00223976670796 
61 77 0 8 0.00223363571781 
9 85 0 8 0.00223359095513 
57 71 0 8 0.00223230699636 
31 53 0 8 0.00222475855932 
10 54 0 8 0.00222127533797 
15 80 0 8 0.00221826759749 
12 80 0 8 0.0022167188994 
21 53 0 8 0.00221662544546 
25 51 0 8 0.00221126025293 
22 49 0 8 0.00221088914624 
9 77 0 8 0.00220436439768 
32 56 0 8 0.00220120494654 
31 73 0 8 0.00219758597163 
38 59 0 8 0.00219651062819 
16 81 0 8 0.00219486190817 
57 82 0 8 0.00219223558519 
12 86 0 8 0.00219186545415 
41 53 0 8 0.00219050337684 
8 77 0 8 0.00218862437883 
15 85 0 8 0.00218149228521 
30 83 0 8 0.00218101025324 
8 74 0 8 0.0021791873963 
28 60 0 8 0.00217626315304 
32 67 0 8 0.00217545048237 
36 62 0 8 0.00217529010142 
60 77 0 8 0.0021736944178 
35 58 0 8 0.0021693952471 
9 49 0 8 0.00216855538664 
13 85 0 8 0.00216517307776 
12 27 0 8 0.00216357245516 
8 82 0 8 0.0021601072582 
10 61 0 8 0.00215911856792 
33 53 0 8 0.00215376987324 
20 81 0 8 0.00215308527255 
25 49 0 8 0.00215037683715 
60 72 0 8 0.00214924717575 
27 81 0 8 0.00213941546977 
53 80 0 8 0.00213930275214 
16 84 0 8 0.00213430113035 
13 73 0 8 0.00212708299995 
22 50 0 8 0.00212617652144 
14 30 0 8 0.0021246249899 
24 47 0 8 0.00212366260012 
13 77 0 8 0.00212240800762 
15 79 0 8 0.00211744066839 
25 56 0 8 0.00210876663299 
19 81 0 8 0.00210747033149 
33 86 0 8 0.00210711867422 
27 49 0 8 0.00210523362397 
13 74 0 8 0.00210518195631 
9 50 0 8 0.00210432192102 
15 81 0 8 0.00210179860681 
27 84 0 8 0.00210167832257 
27 86 0 8 0.002096696592 
16 57 0 8 0.00209210966751 
17 56 0 8 0.00209119466293 
28 49 0 8 0.00208606651304 
9 78 0 8 0.00208320538723 
57 80 0 8 0.00207900954739 
24 45 0 8 0.00207705914652 
13 52 0 8 0.0020770365344 
21 52 0 8 0.0020744943158 
15 88 0 8 0.00207359989457 
69 92 0 8 0.00207274342179 
34 89 0 8 0.00207172874043 
23 47 0 8 0.00207102066252 
31 66 0 8 0.002068033636 
31 69 0 8 0.00206715379594 
31 82 0 8 0.00206479722591 
24 41 0 8 0.0020630722242 
40 55 0 8 0.00206005987392 
9 56 0 8 0.00205875493821 
13 31 0 8 0.00205584404046 
60 74 0 8 0.00205279722251 
5 77 0 8 0.00205161541057 
34 62 0 8 0.0020503296528 
16 56 0 8 0.00204862789302 
31 65 0 8 0.00204520547212 
17 52 0 8 0.00204515252329 
9 38 0 8 0.00204338451705 
12 81 0 8 0.00203937170326 
61 76 0 8 0.0020378607134 
31 80 0 8 0.00203675666535 
13 33 0 8 0.00203646409239 
36 64 0 8 0.00203029146314 
70 93 0 8 0.00202580236128 
12 53 0 8 0.00202303552883 
8 81 0 8 0.00202263043751 
8 88 0 8 0.00202245395804 
27 57 0 8 0.00201957884323 
49 74 0 8 0.00201929073602 
68 89 0 8 0.00201792464969 
23 39 0 8 0.0020178181915 
22 39 0 8 0.00201612961398 
24 48 0 8 0.00201588940698 
14 53 0 8 0.00201526304323 
60 89 0 8 0.00201031929651 
19 85 0 8 0.00200824621481 
13 38 0 8 0.00200734262954 
12 76 0 8 0.00200660209647 
19 88 0 8 0.0020054107934 
33 49 0 8 0.00200205940789 
20 84 0 8 0.00200015491036 
15 83 0 8 0.00199516239889 
53 88 0 8 0.00199098093056 
68 85 0 8 0.00199093841499 
63 88 0 8 0.00198673590866 
22 48 0 8 0.00198226850136 
56 80 0 8 0.001981335648 
24 68 0 8 0.00197901565709 
61 74 0 8 0.00197815326591 
22 47 0 8 0.00197649166775 
25 48 0 8 0.00197634277431 
61 73 0 8 0.00197629844939 
5 88 0 8 0.00197199911974 
66 91 0 8 0.00197038560886 
31 79 0 8 0.00196962337162 
16 30 0 8 0.00196641152179 
54 80 0 8 0.00196514582597 
28 86 0 8 0.00196468559825 
14 48 0 8 0.00196401461025 
55 86 0 8 0.00196350218555 
30 77 0 8 0.00196278085718 
25 39 0 8 0.00196206660239 
37 89 0 8 0.00196153811652 
27 48 0 8 0.00196147576512 
36 61 0 8 0.00196019324185 
36 65 0 8 0.00195873168024 
8 84 0 8 0.0019581170438 
9 88 0 8 0.00195493456683 
22 42 0 8 0.00195255614682 
5 89 0 8 0.00195122305314 
71 90 0 8 0.00194686701552 
8 89 0 8 0.00194027074521 
38 51 0 8 0.00193584892277 
5 92 0 8 0.00193581026323 
31 55 0 8 0.00193533241243 
35 61 0 8 0.00193333042722 
26 43 0 8 0.00193195055616 
50 85 0 8 0.00193084566 
22 81 0 8 0.00193056037687 
13 48 0 8 0.0019305289854 
32 54 0 8 0.00192941072253 
57 69 0 8 0.00192887351475 
24 57 0 8 0.00192833995683 
25 50 0 8 0.00192435188756 
33 71 0 8 0.00192324854838 
23 85 0 8 0.00192185327986 
16 45 0 8 0.00192176305618 
75 91 0 8 0.00191943786686 
37 64 0 8 0.00191796035686 
8 80 0 8 0.00191592161583 
70 87 0 8 0.0019145341839 
38 52 0 8 0.00191021441426 
26 50 0 8 0.00190702200639 
9 60 0 8 0.00190532114635 
8 78 0 8 0.00190013570842 
27 89 0 8 0.00190006142758 
28 64 0 8 0.0018935401427 
16 70 0 8 0.00188978771147 
12 49 0 8 0.00188945942914 
59 88 0 8 0.0018782996246 
23 40 0 8 0.00187401279165 
9 76 0 8 0.00187369570208 
29 54 0 8 0.00187186662315 
9 48 0 8 0.00187143516525 
56 72 0 8 0.00187019633958 
78 90 0 8 0.0018698153076 
29 70 0 8 0.00186355316513 
26 79 0 8 0.0018603584438 
32 68 0 8 0.00185896682749 
19 79 0 8 0.00185765555788 
50 74 0 8 0.00185588561466 
59 89 0 8 0.00185311417858 
17 30 0 8 0.0018494580479 
23 53 0 8 0.00184688341002 
6 50 0 8 0.00184686304527 
15 89 0 8 0.00184512388091 
6 54 0 8 0.00183974680779 
30 66 0 8 0.00183846206098 
44 59 0 8 0.00183693024429 
59 85 0 8 0.00183473393987 
70 82 0 8 0.0018329988275 
38 65 0 8 0.00183204455128 
38 89 0 8 0.00183017802804 
30 78 0 8 0.00182988359057 
6 58 0 8 0.00182593580539 
11 84 0 8 0.00182437364738 
42 69 0 8 0.00182324660655 
20 51 0 8 0.00182201956348 
20 70 0 8 0.00182105862952 
30 65 0 8 0.00182033699869 
8 76 0 8 0.00181731004739 
21 82 0 8 0.00181244019298 
16 89 0 8 0.0018122239015 
21 80 0 8 0.00181151408157 
1 94 0 8 0.00181041037359 
9 61 0 8 0.00180743915522 
61 89 0 8 0.00180075404082 
49 85 0 8 0.00179906258161 
35 49 0 8 0.00179619334673 
32 87 0 8 0.00179429863553 
53 71 0 8 0.00179337882371 
31 84 0 8 0.00179158592212 
32 81 0 8 0.00178938226803 
19 34 0 8 0.00178648309424 
32 70 0 8 0.0017827982976 
14 29 0 8 0.00178219722082 
63 87 0 8 0.00178002737566 
61 86 0 8 0.00177848488851 
33 85 0 8 0.00177369894407 
50 89 0 8 0.00177302343334 
15 87 0 8 0.00177260087746 
21 51 0 8 0.00176929398724 
38 66 0 8 0.00176564480226 
34 75 0 8 0.00176010528025 
19 43 0 8 0.00175611121787 
23 44 0 8 0.00175546618278 
24 76 0 8 0.0017550126108 
33 46 0 8 0.00175358817484 
13 89 0 8 0.00175093574511 
34 72 0 8 0.00175014935562 
40 52 0 8 0.00174848365901 
12 24 0 8 0.00174668193725 
67 92 0 8 0.00174462836623 
6 42 0 8 0.0017406221436 
33 70 0 8 0.00174023896752 
30 50 0 8 0.00173925783004 
9 69 0 8 0.00173779884959 
46 67 0 8 0.00173550491105 
2 92 0 8 0.001734826559 
16 60 0 8 0.0017273771921 
67 79 0 8 0.00172184171769 
26 41 0 8 0.00171646279053 
5 41 0 8 0.00171272736366 
6 48 0 8 0.00171224265381 
5 45 0 8 0.00170988857395 
3 92 0 8 0.00170967795873 
5 73 0 8 0.00170655129404 
63 76 0 8 0.00170497046978 
6 38 0 8 0.00168657507876 
24 69 0 8 0.00168630696106 
37 75 0 8 0.00168209344644 
41 61 0 8 0.00168181077125 
55 87 0 8 0.00167761680186 
29 41 0 8 0.00167734541648 
5 46 0 8 0.00167266807033 
55 79 0 8 0.00166797164868 
19 72 0 8 0.00166730779782 
55 78 0 8 0.00166103337515 
78 91 0 8 0.0016601772888 
32 47 0 8 0.00165857322828 
49 84 0 8 0.00165472765895 
17 85 0 8 0.00165292257687 
15 90 0 8 0.00165127277751 
21 83 0 8 0.00165100048704 
22 40 0 8 0.00165040123346 
47 66 0 8 0.00164755739157 
10 26 0 8 0.00164696109149 
62 83 0 8 0.00164375564182 
22 35 0 8 0.0016398739323 
5 48 0 8 0.00163738064555 
47 67 0 8 0.0016328413245 
48 73 0 8 0.00162942979346 
16 41 0 8 0.00162689558474 
41 86 0 8 0.00162654213812 
13 36 0 8 0.00162516768353 
37 49 0 8 0.00161980092354 
5 94 0 8 0.00161590998912 
51 78 0 8 0.00160603698134 
19 31 0 8 0.00160072045865 
15 71 0 8 0.00159431166538 
6 62 0 8 0.00159118606944 
44 58 0 8 0.00159072117544 
24 70 0 8 0.00158933533681 
47 79 0 8 0.00158930773556 
64 81 0 8 0.00158572336617 
3 95 0 8 0.00158410267309 
6 94 0 8 0.0015810807637 
21 36 0 8 0.00157635440574 
38 79 0 8 0.00157408750265 
62 75 0 8 0.00157209971541 
13 44 0 8 0.00156787781504 
26 74 0 8 0.00156460154085 
36 71 0 8 0.00156332634416 
43 66 0 8 0.00155945345729 
23 36 0 8 0.00155264566387 
79 91 0 8 0.00154955092701 
18 76 0 8 0.00154688655659 
54 69 0 8 0.00154182473468 
47 64 0 8 0.00153829502563 
6 44 0 8 0.00153671759034 
38 74 0 8 0.00152919744756 
45 78 0 8 0.0015283180968 
47 81 0 8 0.0015258774417 
34 46 0 8 0.0015250237844 
16 58 0 8 0.0015196508746 
11 45 0 8 0.00151557905727 
1 89 0 8 0.00151122998741 
25 65 0 8 0.00150886835285 
2 88 0 8 0.0015071296751 
10 25 0 8 0.00150652316402 
40 54 0 8 0.00150259000372 
1 90 0 8 0.00148932312782 
15 92 0 8 0.00148736256121 
14 70 0 8 0.00148276636643 
11 42 0 8 0.00147272256398 
44 74 0 8 0.00147148617702 
42 73 0 8 0.00145241478359 
7 66 0 8 0.00144874183024 
8 60 0 8 0.00144819604195 
42 61 0 8 0.00144312686832 
49 90 0 8 0.00143651015513 
14 90 0 8 0.00143612236434 
11 43 0 8 0.00143051034638 
1 79 0 8 0.0014302370681 
45 95 0 8 0.00142403028447 
6 34 0 8 0.00141710992591 
10 72 0 8 0.00141030594663 
65 94 0 8 0.00140589633064 
20 90 0 8 0.00140170328249 
50 63 0 8 0.00140055238891 
6 75 0 8 0.00139860806585 
36 92 0 8 0.00139835554975 
2 81 0 8 0.00139342420276 
36 76 0 8 0.0013895565413 
7 95 0 8 0.00137526739044 
34 91 0 8 0.00137065773311 
20 62 0 8 0.00136086409959 
40 81 0 8 0.00135174445673 
10 83 0 8 0.0013451998082 
26 94 0 8 0.00131975455314 
11 63 0 8 0.00131929953712 
5 31 0 8 0.00131279739343 
48 95 0 8 0.00128113566849 
4 67 0 8 0.00126272521711 
8 21 0 8 0.00122090258911 
