38 54 0 8 0.00408684792188 
23 39 0 8 0.00401028157673 
19 41 0 8 0.00399018878379 
35 56 0 8 0.00395908143597 
39 53 0 8 0.00387492390796 
25 74 0 8 0.00380746050898 
37 56 0 8 0.00378834706317 
9 50 0 8 0.00375676862194 
36 55 0 8 0.00374187145768 
7 54 0 8 0.00369363398023 
31 70 0 8 0.00368752187085 
28 74 0 8 0.00368414954375 
30 70 0 8 0.00366330312078 
11 50 0 8 0.00363434206084 
31 66 0 8 0.00353261303991 
34 57 0 8 0.00344662618199 
36 53 0 8 0.00344481082027 
11 78 0 8 0.00344372868783 
39 52 0 8 0.00333456588371 
5 54 0 8 0.00333378655769 
36 56 0 8 0.00331564061794 
6 55 0 8 0.00330517683108 
29 70 0 8 0.00330458075925 
32 61 0 8 0.00329288680504 
34 56 0 8 0.00326592825283 
68 80 0 8 0.00326030303403 
37 55 0 8 0.00326027950934 
34 55 0 8 0.00324881491764 
35 55 0 8 0.00324384559398 
37 54 0 8 0.0032422706612 
55 82 0 8 0.00323246408021 
34 58 0 8 0.00322884688048 
11 79 0 8 0.00321083653832 
10 77 0 8 0.00319739445035 
29 74 0 8 0.00315826696287 
10 53 0 8 0.00315304130959 
8 82 0 8 0.00314783415903 
35 58 0 8 0.00309787773779 
40 52 0 8 0.00306767220469 
38 53 0 8 0.00301851594788 
12 48 0 8 0.0030063219135 
31 62 0 8 0.00300485350383 
8 53 0 8 0.00300255185048 
39 54 0 8 0.00300136192291 
36 54 0 8 0.00297685775472 
10 51 0 8 0.00297125003397 
7 84 0 8 0.00296822383893 
29 71 0 8 0.00296782672834 
11 48 0 8 0.00296621342293 
9 52 0 8 0.00296081128433 
6 64 0 8 0.00295272525156 
56 83 0 8 0.00293905309464 
39 51 0 8 0.00292637917688 
51 77 0 8 0.00292243554572 
35 57 0 8 0.00291934760902 
7 52 0 8 0.00288190934441 
5 38 0 8 0.00287466058898 
8 55 0 8 0.00285591806244 
29 73 0 8 0.00285505002591 
10 78 0 8 0.00284652894992 
6 57 0 8 0.00284443927812 
26 53 0 8 0.00284358403853 
6 82 0 8 0.00284322361789 
50 78 0 8 0.00284293380085 
9 81 0 8 0.00283667097902 
12 47 0 8 0.00283523142001 
9 42 0 8 0.00283393602526 
9 78 0 8 0.00282580367019 
52 79 0 8 0.00282073151982 
5 55 0 8 0.00280769798897 
6 34 0 8 0.00279407187969 
49 77 0 8 0.00278410406726 
23 41 0 8 0.00276765131867 
10 50 0 8 0.00274981033135 
9 51 0 8 0.00274542113733 
6 80 0 8 0.0027445676322 
8 80 0 8 0.00274440680831 
55 71 0 8 0.00274116015978 
6 56 0 8 0.00273861412347 
33 58 0 8 0.00273754925156 
54 83 0 8 0.00272122359376 
7 80 0 8 0.00270655765238 
67 82 0 8 0.00270401474884 
55 83 0 8 0.00267392226126 
7 55 0 8 0.00267275783161 
25 70 0 8 0.00267228434856 
33 59 0 8 0.00267206444588 
64 82 0 8 0.0026648387496 
8 71 0 8 0.00266114124995 
13 49 0 8 0.0026451421966 
15 49 0 8 0.00263742540638 
57 82 0 8 0.00263597293021 
26 71 0 8 0.00262076098368 
53 80 0 8 0.00261732085488 
53 82 0 8 0.00261660926398 
52 81 0 8 0.00261601792946 
33 57 0 8 0.00260543062709 
9 80 0 8 0.00259318415221 
52 83 0 8 0.00259229318491 
10 49 0 8 0.0025829125338 
53 81 0 8 0.00257599408537 
11 49 0 8 0.00257204150631 
13 76 0 8 0.00257179149411 
9 53 0 8 0.00256633848642 
68 82 0 8 0.00256262469113 
5 56 0 8 0.00255913440092 
9 79 0 8 0.00255814448954 
8 52 0 8 0.00255246450448 
27 39 0 8 0.00255114337961 
26 74 0 8 0.00254850155089 
30 66 0 8 0.0025354717257 
10 79 0 8 0.00253232376857 
6 54 0 8 0.00251742864601 
10 80 0 8 0.00251633182338 
30 67 0 8 0.00251349779183 
7 83 0 8 0.00250954172521 
8 81 0 8 0.00250860635711 
31 67 0 8 0.00250813792149 
7 53 0 8 0.00249950232446 
7 37 0 8 0.0024992690904 
56 84 0 8 0.00249615969232 
38 52 0 8 0.00249614821781 
52 78 0 8 0.00249555886487 
8 79 0 8 0.00248266363266 
10 39 0 8 0.00246393712125 
26 70 0 8 0.00245912790975 
31 60 0 8 0.00245872077473 
22 51 0 8 0.00245462904559 
22 74 0 8 0.00244734446854 
11 51 0 8 0.00244624867144 
7 81 0 8 0.00244357692374 
12 49 0 8 0.00243809764255 
11 81 0 8 0.00243433259673 
37 53 0 8 0.0024324401875 
30 71 0 8 0.00242960080912 
31 61 0 8 0.00241780314721 
50 79 0 8 0.00241760983444 
8 38 0 8 0.00241561235742 
46 72 0 8 0.00240025220939 
5 35 0 8 0.00239498214123 
51 78 0 8 0.00239462095662 
22 41 0 8 0.00239188547073 
51 79 0 8 0.00238979344897 
8 67 0 8 0.0023830679299 
26 51 0 8 0.00238194319939 
19 51 0 8 0.00237895124716 
19 49 0 8 0.0023763901707 
30 55 0 8 0.00237569507047 
54 81 0 8 0.00237426612532 
51 81 0 8 0.00237087475085 
10 22 0 8 0.00237081586465 
40 54 0 8 0.00236998557124 
51 80 0 8 0.00236626990106 
12 76 0 8 0.00236468354211 
12 50 0 8 0.00235857349138 
34 60 0 8 0.00235391729819 
8 54 0 8 0.00234300725069 
12 77 0 8 0.00234222532087 
53 77 0 8 0.00233277661958 
6 83 0 8 0.00233245877131 
10 52 0 8 0.00232744262755 
8 51 0 8 0.00232483946601 
12 78 0 8 0.00231878184952 
19 39 0 8 0.0023170597317 
57 83 0 8 0.00231110018805 
13 48 0 8 0.0023110386157 
10 48 0 8 0.00230854514507 
53 84 0 8 0.00230836571292 
25 75 0 8 0.0023073759272 
6 81 0 8 0.00230545250934 
25 76 0 8 0.00230272344359 
6 36 0 8 0.00229649836224 
38 56 0 8 0.00229460337604 
20 41 0 8 0.00229438963282 
26 39 0 8 0.00229154475583 
6 67 0 8 0.00229112003264 
12 51 0 8 0.00228896425212 
10 26 0 8 0.00228667765462 
5 37 0 8 0.00228431344805 
9 40 0 8 0.00228351821338 
29 75 0 8 0.00228020071045 
13 78 0 8 0.00228017437273 
9 82 0 8 0.00227541951158 
67 84 0 8 0.00227395957669 
33 60 0 8 0.00227285249106 
7 40 0 8 0.0022722069685 
40 53 0 8 0.00227039775246 
23 51 0 8 0.00226811661456 
35 54 0 8 0.00226424707157 
54 82 0 8 0.00226251969703 
7 82 0 8 0.00225995239557 
22 39 0 8 0.00225748939381 
7 39 0 8 0.00225683221491 
55 67 0 8 0.00225637744822 
27 53 0 8 0.00225595162837 
8 36 0 8 0.0022471255286 
11 52 0 8 0.00223837885641 
15 47 0 8 0.00223706348679 
53 79 0 8 0.00223291958001 
23 53 0 8 0.00222597305758 
55 80 0 8 0.00222375027066 
53 83 0 8 0.00222252426707 
6 71 0 8 0.00221704617782 
34 67 0 8 0.00221356180506 
37 83 0 8 0.00221260216399 
30 74 0 8 0.00221202913838 
6 37 0 8 0.00221013781413 
6 53 0 8 0.00220919371719 
34 61 0 8 0.00220581903266 
51 76 0 8 0.00220571863661 
37 81 0 8 0.00220442559175 
52 80 0 8 0.00220181964348 
22 76 0 8 0.00219819517578 
6 38 0 8 0.00219404831449 
55 81 0 8 0.0021940429381 
7 38 0 8 0.0021882962247 
8 39 0 8 0.00218606999025 
8 27 0 8 0.00218065723673 
33 56 0 8 0.00218064109394 
11 80 0 8 0.00217811944696 
15 48 0 8 0.00217716040931 
9 83 0 8 0.00217448747686 
10 76 0 8 0.00217353887177 
54 80 0 8 0.00217192590465 
5 86 0 8 0.00216965043936 
7 41 0 8 0.00215669543021 
10 40 0 8 0.00215488729552 
34 63 0 8 0.00215367834385 
5 82 0 8 0.00214866423318 
11 77 0 8 0.00214750703037 
56 80 0 8 0.00214715734903 
63 82 0 8 0.00214659022444 
8 83 0 8 0.0021416815849 
6 85 0 8 0.00213870822333 
10 47 0 8 0.00213757710802 
11 36 0 8 0.00213728571259 
11 75 0 8 0.00213440213813 
54 84 0 8 0.00212568352841 
11 47 0 8 0.00212495651623 
15 43 0 8 0.00212322949932 
14 47 0 8 0.00212096888144 
25 73 0 8 0.0021203299013 
6 30 0 8 0.00212015546562 
33 61 0 8 0.00211892090149 
6 84 0 8 0.00210888149687 
48 76 0 8 0.00210721214874 
9 49 0 8 0.00210664656202 
55 84 0 8 0.00210192419638 
14 43 0 8 0.00209992051534 
13 47 0 8 0.0020968732476 
8 48 0 8 0.00209452707771 
11 42 0 8 0.00209124014433 
13 75 0 8 0.00208295311791 
8 41 0 8 0.00208258792601 
12 46 0 8 0.00208212896341 
8 26 0 8 0.00208013341618 
7 56 0 8 0.00208006706487 
11 76 0 8 0.00207937152614 
10 75 0 8 0.00206703241666 
64 83 0 8 0.00206107088091 
8 50 0 8 0.00206069884026 
13 37 0 8 0.00205680086178 
8 77 0 8 0.0020529157729 
63 84 0 8 0.002047477481 
17 51 0 8 0.00203914512651 
32 62 0 8 0.00203673563614 
57 84 0 8 0.00203532535634 
31 55 0 8 0.00202854975794 
10 42 0 8 0.00202617565177 
1 46 0 8 0.00202526133648 
6 31 0 8 0.002017841812 
13 50 0 8 0.00201722729477 
50 81 0 8 0.00201418036877 
7 42 0 8 0.00201163142772 
59 81 0 8 0.00200223006195 
34 66 0 8 0.0019898848748 
64 84 0 8 0.00198882738606 
16 47 0 8 0.00198256150691 
31 63 0 8 0.00198176216095 
11 46 0 8 0.00197583172713 
8 74 0 8 0.00197271593075 
43 67 0 8 0.00196702398119 
24 70 0 8 0.00196309028876 
6 52 0 8 0.00196302111179 
12 43 0 8 0.00196264024667 
5 88 0 8 0.00196164568383 
4 85 0 8 0.00195844821585 
37 84 0 8 0.0019574825774 
26 76 0 8 0.0019542355359 
48 79 0 8 0.00195350304922 
9 48 0 8 0.00195212247322 
7 86 0 8 0.00195178929271 
31 69 0 8 0.00194900812392 
7 79 0 8 0.00194580178951 
8 49 0 8 0.00194445686317 
10 41 0 8 0.00194003036414 
31 58 0 8 0.00193526820744 
28 76 0 8 0.00193400626944 
20 49 0 8 0.00193283119726 
37 52 0 8 0.00192522345995 
27 43 0 8 0.00192317479696 
5 84 0 8 0.00192120275016 
34 54 0 8 0.00191669006983 
12 45 0 8 0.00191443270631 
5 57 0 8 0.00191252932605 
10 30 0 8 0.00191216279274 
4 57 0 8 0.00190465172782 
17 47 0 8 0.00190282064411 
11 37 0 8 0.00190108069726 
9 77 0 8 0.00190045550411 
14 76 0 8 0.00190021001173 
47 79 0 8 0.00189970727978 
35 77 0 8 0.00189420038677 
53 71 0 8 0.00189134084413 
59 84 0 8 0.00188951970276 
7 85 0 8 0.00188856097209 
9 38 0 8 0.00188792785257 
3 37 0 8 0.00188763176357 
22 77 0 8 0.00188725291237 
64 81 0 8 0.00188679526958 
65 80 0 8 0.00188643194136 
61 81 0 8 0.00188284600528 
6 63 0 8 0.00188248833343 
6 68 0 8 0.00187760975379 
31 64 0 8 0.00187419835412 
48 78 0 8 0.00187303849028 
3 26 0 8 0.00187157921499 
19 46 0 8 0.00186775204148 
7 43 0 8 0.00186106881227 
10 23 0 8 0.00186059012486 
6 35 0 8 0.00185915046157 
64 80 0 8 0.0018554664503 
9 44 0 8 0.00185485259032 
58 83 0 8 0.0018484552328 
5 40 0 8 0.00184485855255 
34 70 0 8 0.00184336891373 
21 70 0 8 0.00184332650613 
46 68 0 8 0.00184192668353 
17 41 0 8 0.00184132521416 
38 82 0 8 0.00183787696206 
4 36 0 8 0.00183702656654 
11 44 0 8 0.00183700626849 
30 58 0 8 0.00183406541236 
5 52 0 8 0.00183190539378 
6 70 0 8 0.00183144900191 
26 77 0 8 0.00183020998082 
5 44 0 8 0.00182939933667 
10 36 0 8 0.00182916363871 
16 42 0 8 0.00182556049703 
40 69 0 8 0.00182546439088 
51 71 0 8 0.00182338253594 
17 49 0 8 0.0018233695827 
9 84 0 8 0.00182161001699 
13 38 0 8 0.00182052778418 
10 74 0 8 0.00181972127871 
3 53 0 8 0.00181565473536 
60 79 0 8 0.00181250781532 
47 77 0 8 0.00181088452848 
7 88 0 8 0.0018098227107 
43 70 0 8 0.00180880258713 
46 70 0 8 0.00180599676842 
34 82 0 8 0.00180297119027 
14 41 0 8 0.00179563061014 
58 84 0 8 0.00179409522277 
13 39 0 8 0.0017915767493 
17 53 0 8 0.00178794699043 
8 30 0 8 0.00178566188789 
7 45 0 8 0.00178224201877 
27 41 0 8 0.00178169975185 
5 80 0 8 0.00177961856891 
23 40 0 8 0.00177799647448 
64 85 0 8 0.00177657030545 
4 27 0 8 0.00177312763378 
29 58 0 8 0.00176799995075 
21 76 0 8 0.00176475160974 
13 41 0 8 0.00176424154853 
28 68 0 8 0.00176349981452 
47 76 0 8 0.00176089588931 
34 84 0 8 0.00176052071115 
31 45 0 8 0.00175990158148 
2 58 0 8 0.00175868709153 
17 39 0 8 0.00174998723691 
17 76 0 8 0.00174939710767 
45 80 0 8 0.00174254665148 
67 83 0 8 0.00174202488433 
58 80 0 8 0.00173688835265 
22 55 0 8 0.00173386231926 
21 75 0 8 0.0017332315464 
8 76 0 8 0.00173158561814 
5 31 0 8 0.00172823875958 
15 39 0 8 0.00172668545073 
22 44 0 8 0.00172439129385 
29 79 0 8 0.00168756960446 
20 45 0 8 0.00168754520573 
32 75 0 8 0.00168519124469 
12 30 0 8 0.00168194383411 
55 68 0 8 0.00166382752289 
22 42 0 8 0.00164422971248 
16 76 0 8 0.00163959576816 
15 75 0 8 0.00163542672678 
23 36 0 8 0.00161606647205 
46 65 0 8 0.00161056305095 
24 68 0 8 0.00160293541452 
31 44 0 8 0.00159759148519 
14 53 0 8 0.00159452388613 
57 71 0 8 0.00159162323472 
26 52 0 8 0.00159024014516 
60 73 0 8 0.0015881456817 
7 72 0 8 0.00158375343373 
26 45 0 8 0.0015790393254 
1 72 0 8 0.00156832808704 
21 66 0 8 0.001561249946 
38 65 0 8 0.00155873036192 
35 76 0 8 0.0015563817794 
3 52 0 8 0.00155380187487 
40 57 0 8 0.00153888269081 
28 51 0 8 0.00153686963397 
5 22 0 8 0.00153433872894 
1 38 0 8 0.00153417713658 
12 26 0 8 0.00153382821697 
4 63 0 8 0.00152382046139 
2 35 0 8 0.00151430648261 
25 64 0 8 0.00149398174402 
28 46 0 8 0.00147318653396 
43 63 0 8 0.00147040045959 
20 73 0 8 0.00146705733466 
37 67 0 8 0.00145856719114 
40 67 0 8 0.00145514997378 
1 30 0 8 0.00144416975021 
23 35 0 8 0.00144151310307 
1 71 0 8 0.0014405747218 
19 33 0 8 0.0014377727854 
11 59 0 8 0.00143438122781 
50 62 0 8 0.00140306621089 
33 87 0 8 0.00140247654337 
54 66 0 8 0.00139103475525 
3 88 0 8 0.00137832320761 
7 20 0 8 0.0013348082172 
20 66 0 8 0.0013006234397 
15 57 0 8 0.00128298192407 
15 67 0 8 0.00127009722681 
1 66 0 8 0.00126011250093 
46 88 0 8 0.00122466902437 
27 85 0 8 0.00120940451438 
1 20 0 8 0.00120708971338 
