13 61 0 8 0.00905922858634 
13 59 0 8 0.00680842413069 
11 61 0 8 0.00621186004192 
11 63 0 8 0.0060924477195 
15 59 0 8 0.00590551597039 
63 77 0 8 0.00550236081238 
35 76 0 8 0.00522849674563 
60 78 0 8 0.00513115635507 
12 62 0 8 0.00504998397258 
65 77 0 8 0.00496529523597 
25 37 0 8 0.00460651816411 
22 36 0 8 0.00439103152066 
23 55 0 8 0.00435429521822 
21 36 0 8 0.00434928655186 
64 76 0 8 0.00431343180955 
18 56 0 8 0.00429747841511 
8 66 0 8 0.00422862166975 
17 34 0 8 0.00418317964308 
62 78 0 8 0.0040364108983 
62 76 0 8 0.00400399759408 
16 55 0 8 0.00386601860376 
61 78 0 8 0.00384698319918 
42 65 0 8 0.00369814295253 
14 62 0 8 0.00367987671903 
42 80 0 8 0.00367135919261 
45 85 0 8 0.00365452406869 
37 76 0 8 0.00362505255786 
12 64 0 8 0.00361207937471 
42 79 0 8 0.00358941555417 
27 74 0 8 0.00357649445345 
23 37 0 8 0.00355745444909 
8 65 0 8 0.00353492098312 
38 75 0 8 0.00352313597524 
63 78 0 8 0.00349370722798 
43 55 0 8 0.00348531400667 
14 27 0 8 0.00340798723182 
6 64 0 8 0.00339953081536 
37 78 0 8 0.00334716273139 
61 79 0 8 0.00333422495101 
14 60 0 8 0.00330893755552 
62 79 0 8 0.00330279040504 
61 80 0 8 0.00327593869417 
24 36 0 8 0.00325762103981 
63 80 0 8 0.00325314747405 
6 28 0 8 0.00324729590043 
63 79 0 8 0.00324439247344 
42 77 0 8 0.00321967765591 
60 79 0 8 0.00315052903055 
24 38 0 8 0.00312902005153 
20 52 0 8 0.00309955567829 
21 38 0 8 0.00306177947849 
13 28 0 8 0.00303936284798 
37 62 0 8 0.00302871952593 
27 64 0 8 0.00298011187583 
45 81 0 8 0.00295472932944 
11 62 0 8 0.00294454970352 
8 67 0 8 0.00294003346528 
60 80 0 8 0.00291618090132 
16 60 0 8 0.00287976151243 
45 84 0 8 0.00287106886712 
11 64 0 8 0.00286225228888 
18 55 0 8 0.00283893050054 
23 38 0 8 0.00282374646801 
23 43 0 8 0.00279658160008 
23 39 0 8 0.00278794624078 
14 61 0 8 0.00278266918168 
8 64 0 8 0.00278012682488 
9 63 0 8 0.00277262544702 
14 37 0 8 0.00274287841732 
59 80 0 8 0.00273750645205 
64 77 0 8 0.00273283143676 
12 28 0 8 0.0027315192265 
22 38 0 8 0.00273069514418 
36 75 0 8 0.00272649625791 
12 27 0 8 0.00271776281757 
11 79 0 8 0.0027140842776 
25 60 0 8 0.00271226234077 
35 62 0 8 0.00270826146929 
22 40 0 8 0.00270357629843 
17 56 0 8 0.00269964924716 
61 81 0 8 0.00269772981686 
45 82 0 8 0.00269639867194 
19 36 0 8 0.00268942886417 
21 39 0 8 0.0026682943655 
37 60 0 8 0.00266527063642 
23 41 0 8 0.00266223525357 
18 39 0 8 0.00266181286728 
33 72 0 8 0.00264144584978 
24 39 0 8 0.00264036665462 
9 64 0 8 0.002635359274 
22 41 0 8 0.00263415208506 
9 65 0 8 0.00263145425133 
15 28 0 8 0.00262811536389 
24 40 0 8 0.00262460417675 
33 69 0 8 0.00262368898695 
22 37 0 8 0.0026157997361 
18 51 0 8 0.0026137604215 
11 81 0 8 0.00260936068383 
14 76 0 8 0.00259850865249 
22 39 0 8 0.00259583289461 
14 26 0 8 0.00258666927844 
10 64 0 8 0.00257333754698 
16 40 0 8 0.00256768858894 
28 59 0 8 0.00256171308142 
5 69 0 8 0.00255712344962 
43 78 0 8 0.0025492466459 
63 76 0 8 0.0025451065507 
18 57 0 8 0.00254014444531 
61 77 0 8 0.00252987789357 
25 62 0 8 0.00252684857866 
10 63 0 8 0.00251471385955 
14 64 0 8 0.00251103692414 
13 29 0 8 0.00250520008378 
34 68 0 8 0.0024988467953 
12 30 0 8 0.00249571049035 
62 80 0 8 0.00247851393943 
23 60 0 8 0.00247387045132 
25 76 0 8 0.00246799989599 
14 28 0 8 0.00246610832819 
7 64 0 8 0.00245286554687 
25 38 0 8 0.00244944686673 
35 64 0 8 0.00243830694031 
13 27 0 8 0.00243202860192 
58 78 0 8 0.00243159353317 
23 51 0 8 0.00242556416443 
24 37 0 8 0.00242029674346 
24 73 0 8 0.00239950306369 
10 30 0 8 0.00239591445652 
45 80 0 8 0.00238745303112 
55 78 0 8 0.00238248908947 
38 64 0 8 0.00238162191692 
38 73 0 8 0.00237900810766 
22 43 0 8 0.0023784422888 
8 63 0 8 0.00237747289094 
11 80 0 8 0.00237673054164 
25 64 0 8 0.00237637712447 
23 54 0 8 0.0023747038399 
16 58 0 8 0.00237145947091 
12 29 0 8 0.00236858037767 
27 76 0 8 0.00236711763393 
45 79 0 8 0.00236641645973 
19 34 0 8 0.00236109268958 
44 78 0 8 0.00235680767544 
63 81 0 8 0.00235621345256 
23 42 0 8 0.00234057338675 
33 68 0 8 0.00233800898066 
64 78 0 8 0.00233788195121 
23 58 0 8 0.00233209899464 
23 40 0 8 0.0023273444067 
19 56 0 8 0.0023259842345 
18 52 0 8 0.00231963381095 
24 67 0 8 0.00231765407006 
33 74 0 8 0.00231600688292 
38 74 0 8 0.00231444220854 
40 73 0 8 0.00230050779972 
45 83 0 8 0.00229809100518 
43 76 0 8 0.00229686834737 
65 79 0 8 0.00229510009654 
36 66 0 8 0.00229484784868 
37 67 0 8 0.0022931565713 
39 62 0 8 0.00229070325912 
36 64 0 8 0.00228331230416 
6 69 0 8 0.00228244511559 
43 79 0 8 0.00227881819037 
15 57 0 8 0.0022787682797 
19 38 0 8 0.00227662006177 
41 65 0 8 0.00227529596948 
13 58 0 8 0.00227054487974 
20 39 0 8 0.00225644763211 
33 70 0 8 0.00225441735712 
1 51 0 8 0.00225130953743 
20 50 0 8 0.00224994289687 
20 57 0 8 0.00224813001357 
6 66 0 8 0.00224779924999 
35 74 0 8 0.00224441901032 
36 67 0 8 0.00224196610229 
34 67 0 8 0.00223949191222 
41 74 0 8 0.00223837459726 
38 62 0 8 0.00223766769565 
16 41 0 8 0.00223604218576 
9 67 0 8 0.00223004485671 
39 76 0 8 0.0022243676614 
6 67 0 8 0.00222371370653 
23 36 0 8 0.00222289880078 
38 66 0 8 0.00221883784319 
24 62 0 8 0.00221679199099 
34 70 0 8 0.00221593075847 
38 67 0 8 0.00221156526401 
34 66 0 8 0.00220903492186 
35 67 0 8 0.0022080839924 
32 68 0 8 0.00220642105131 
39 74 0 8 0.00220469934495 
32 72 0 8 0.00220467314445 
36 74 0 8 0.00219536865107 
24 64 0 8 0.00218878417572 
35 69 0 8 0.00218181045993 
64 79 0 8 0.00218058974656 
18 54 0 8 0.00217760451007 
41 60 0 8 0.00217664197089 
37 55 0 8 0.00217317983201 
2 69 0 8 0.00216550105476 
37 73 0 8 0.00215497988037 
33 66 0 8 0.00215456001283 
26 65 0 8 0.00215253525848 
33 71 0 8 0.00215165713709 
21 41 0 8 0.00214526018528 
1 72 0 8 0.00214424679758 
14 39 0 8 0.00213900041813 
16 51 0 8 0.0021366663186 
16 39 0 8 0.00213646469608 
11 30 0 8 0.0021361551725 
44 79 0 8 0.00213404837615 
13 30 0 8 0.00213270921677 
4 28 0 8 0.00213239121528 
8 69 0 8 0.00213100279583 
2 51 0 8 0.00212566578585 
3 72 0 8 0.00212530850368 
21 40 0 8 0.00212448953438 
11 27 0 8 0.00212342877016 
41 76 0 8 0.00212188409835 
43 77 0 8 0.00212132370609 
19 43 0 8 0.00212005187901 
32 69 0 8 0.0021165460805 
16 38 0 8 0.00211355112181 
16 48 0 8 0.00211123670249 
30 67 0 8 0.00210633828464 
38 60 0 8 0.00210588786238 
22 35 0 8 0.00209786970578 
36 65 0 8 0.00209730472019 
40 75 0 8 0.00209705254413 
27 62 0 8 0.00209458117677 
5 70 0 8 0.00209386005113 
3 70 0 8 0.00209127565314 
18 41 0 8 0.00209090589563 
5 72 0 8 0.00209009338147 
33 67 0 8 0.00208727397117 
1 52 0 8 0.00208633774113 
13 57 0 8 0.00208228070844 
37 65 0 8 0.00207985508395 
3 69 0 8 0.00207587274852 
20 59 0 8 0.00207274932148 
6 27 0 8 0.00207197295801 
22 60 0 8 0.00207064892705 
17 40 0 8 0.00206811651962 
20 58 0 8 0.00206786606137 
59 81 0 8 0.00206602996752 
35 63 0 8 0.00206487075064 
42 81 0 8 0.00206167710002 
28 67 0 8 0.00205804710112 
14 35 0 8 0.0020575149082 
41 66 0 8 0.00205206839591 
19 75 0 8 0.0020514609728 
5 28 0 8 0.00204861985255 
10 67 0 8 0.00204683683246 
16 62 0 8 0.00204310419836 
21 73 0 8 0.00203974950039 
35 72 0 8 0.00203907683745 
7 28 0 8 0.00203356326567 
15 40 0 8 0.00203342104453 
12 31 0 8 0.00203312426438 
23 48 0 8 0.00203128629528 
22 73 0 8 0.0020296551205 
20 75 0 8 0.00202759294769 
24 60 0 8 0.00202506325891 
25 67 0 8 0.00202442824478 
31 67 0 8 0.00202117927115 
30 68 0 8 0.00202091962206 
30 66 0 8 0.00201287883404 
63 75 0 8 0.00201246111353 
23 44 0 8 0.00201230118988 
41 64 0 8 0.00201155712491 
21 43 0 8 0.00201079349447 
6 29 0 8 0.00200857417154 
21 74 0 8 0.00200586300353 
22 56 0 8 0.00199926794429 
27 65 0 8 0.00199747168804 
2 52 0 8 0.00199668527133 
42 63 0 8 0.00199609159382 
42 75 0 8 0.00199541142836 
8 80 0 8 0.00199357846913 
22 58 0 8 0.00199271264312 
25 41 0 8 0.0019899627211 
44 85 0 8 0.00198618261792 
21 34 0 8 0.00198251327945 
25 55 0 8 0.0019798298139 
39 67 0 8 0.00197903811476 
27 63 0 8 0.00197740648316 
34 73 0 8 0.00197630543746 
21 70 0 8 0.00197516753222 
21 75 0 8 0.00196980545436 
11 42 0 8 0.00196916431967 
4 72 0 8 0.00196809782726 
49 82 0 8 0.00196419804321 
40 62 0 8 0.00196192527588 
29 65 0 8 0.00196152948481 
7 70 0 8 0.00196021571585 
63 83 0 8 0.00195817295084 
6 79 0 8 0.00195710234442 
8 70 0 8 0.00195628515472 
18 34 0 8 0.00195605991104 
19 73 0 8 0.00195504220639 
9 78 0 8 0.00195454618863 
18 43 0 8 0.00195123810066 
46 82 0 8 0.0019497448252 
14 36 0 8 0.00194797830247 
30 74 0 8 0.00194396797371 
15 32 0 8 0.00193983802302 
29 74 0 8 0.00193947607975 
61 83 0 8 0.0019389347561 
13 41 0 8 0.00193556335219 
12 41 0 8 0.00193528659045 
12 33 0 8 0.00193333690862 
27 66 0 8 0.0019285726672 
22 74 0 8 0.00192643714167 
5 30 0 8 0.00192510679462 
4 33 0 8 0.00192307697123 
2 72 0 8 0.00191752325363 
35 58 0 8 0.00191720459477 
2 71 0 8 0.00191663337222 
63 82 0 8 0.00191394616218 
41 58 0 8 0.00190517743625 
35 60 0 8 0.00190403083153 
3 33 0 8 0.00190249370014 
20 47 0 8 0.0018985488845 
19 47 0 8 0.00189626814834 
17 62 0 8 0.0018942487227 
15 30 0 8 0.00189050524413 
3 67 0 8 0.00189046291383 
3 29 0 8 0.00189019311744 
22 62 0 8 0.00188958720846 
5 33 0 8 0.00188432022994 
23 62 0 8 0.00188372307457 
10 33 0 8 0.00187968789032 
18 76 0 8 0.00187265457 
12 42 0 8 0.00187152183137 
62 83 0 8 0.00186961747864 
13 42 0 8 0.00186573360119 
22 61 0 8 0.00186515924303 
2 31 0 8 0.00184688714449 
30 49 0 8 0.00184580567359 
29 62 0 8 0.00184137211946 
14 34 0 8 0.00183947592578 
42 66 0 8 0.0018307061038 
23 78 0 8 0.00182989930361 
2 83 0 8 0.00182854001915 
30 64 0 8 0.00182740049016 
2 50 0 8 0.0018208247543 
37 81 0 8 0.00181166626562 
41 62 0 8 0.00181064290258 
9 22 0 8 0.00180495776804 
30 59 0 8 0.0017966733204 
22 67 0 8 0.00179404992102 
16 31 0 8 0.00179100222577 
19 46 0 8 0.00179064393917 
29 51 0 8 0.00179011678366 
39 51 0 8 0.00177851720127 
9 56 0 8 0.00177455145352 
1 55 0 8 0.00177426255863 
6 34 0 8 0.00176807290604 
52 80 0 8 0.00176802663641 
69 84 0 8 0.00176719736295 
33 47 0 8 0.00176575082598 
4 64 0 8 0.00176547501191 
1 83 0 8 0.00176177803247 
3 84 0 8 0.00175906936945 
9 23 0 8 0.00175893833817 
21 68 0 8 0.00174343714262 
29 47 0 8 0.00174084737206 
12 37 0 8 0.00173805384155 
36 55 0 8 0.00173796620161 
57 83 0 8 0.00172476266458 
32 77 0 8 0.0017224883305 
42 56 0 8 0.00171914436165 
1 17 0 8 0.00170217618307 
20 71 0 8 0.00169377960416 
16 64 0 8 0.00169041120692 
9 43 0 8 0.00168601013951 
54 79 0 8 0.00167983050988 
1 15 0 8 0.00167854598153 
6 83 0 8 0.00167451550647 
1 31 0 8 0.00167201423644 
33 58 0 8 0.00166686174797 
56 75 0 8 0.0016667230581 
53 84 0 8 0.00166617898355 
1 53 0 8 0.00166521578263 
13 44 0 8 0.00166210316383 
8 41 0 8 0.00165017846179 
53 77 0 8 0.00164378875581 
12 25 0 8 0.00164188478579 
31 52 0 8 0.00164109146096 
13 84 0 8 0.00163617653703 
4 51 0 8 0.00163524143331 
1 69 0 8 0.00163189703934 
53 81 0 8 0.00162849035033 
28 41 0 8 0.00162374989832 
69 83 0 8 0.00161746159522 
30 53 0 8 0.00160900599939 
66 80 0 8 0.00160490598452 
29 46 0 8 0.00158489576814 
8 40 0 8 0.00158099266446 
28 49 0 8 0.00157345944031 
12 75 0 8 0.00157291570428 
6 43 0 8 0.00156440493205 
2 46 0 8 0.00154321702014 
49 72 0 8 0.00153756240462 
6 75 0 8 0.00153519698256 
44 71 0 8 0.0015195284684 
34 47 0 8 0.00151819841277 
49 70 0 8 0.00151187641517 
65 84 0 8 0.00151175181624 
69 82 0 8 0.00151078067742 
2 26 0 8 0.00150043996024 
3 45 0 8 0.00149908628705 
1 81 0 8 0.0014975442363 
13 85 0 8 0.00147862295474 
54 84 0 8 0.00147433101383 
54 71 0 8 0.00146064449012 
3 63 0 8 0.00145405711234 
1 27 0 8 0.00145330391277 
31 84 0 8 0.00144212050677 
5 57 0 8 0.00143811310085 
45 61 0 8 0.00142656920643 
56 72 0 8 0.00142186211016 
29 83 0 8 0.00139497291208 
46 59 0 8 0.00132355830452 
