42 54 0 8 0.00448037031564 
22 49 0 8 0.00433287051209 
25 49 0 8 0.00382353996452 
60 75 0 8 0.00373470687468 
21 53 0 8 0.00361290191353 
24 57 0 8 0.00348017831806 
22 53 0 8 0.00343982279976 
38 53 0 8 0.0034034395884 
26 42 0 8 0.00334051997565 
26 49 0 8 0.00332640379276 
60 74 0 8 0.00332564393386 
22 42 0 8 0.00331813359033 
27 60 0 8 0.00331540459548 
19 49 0 8 0.0033003269523 
61 75 0 8 0.0031905302292 
24 60 0 8 0.00317551926041 
28 53 0 8 0.00315615255551 
38 57 0 8 0.00315168627649 
31 60 0 8 0.00314108888355 
21 49 0 8 0.00313236180887 
18 42 0 8 0.00311561487366 
26 53 0 8 0.00311200110211 
26 52 0 8 0.00310000491003 
59 74 0 8 0.00308250038868 
57 78 0 8 0.0030724613758 
19 42 0 8 0.00306187419042 
59 76 0 8 0.00305598874228 
19 46 0 8 0.00302641200636 
27 56 0 8 0.00302629382396 
28 57 0 8 0.00302493244334 
27 64 0 8 0.00301842010338 
31 56 0 8 0.00301505220125 
21 57 0 8 0.00301298473672 
59 78 0 8 0.00301053515419 
27 53 0 8 0.00300039311613 
23 53 0 8 0.00297126962541 
20 56 0 8 0.00296289412269 
34 60 0 8 0.00295508145939 
25 41 0 8 0.00295268813699 
22 36 0 8 0.0029480296806 
18 53 0 8 0.00294475598314 
31 57 0 8 0.0029398113953 
19 52 0 8 0.00292316482074 
35 60 0 8 0.00291819177723 
22 37 0 8 0.00291563564897 
27 57 0 8 0.00291512335923 
38 56 0 8 0.00290239521449 
28 56 0 8 0.00288950449857 
30 57 0 8 0.00288298758508 
25 53 0 8 0.00288198707674 
15 44 0 8 0.00285977285659 
22 38 0 8 0.002846104814 
31 64 0 8 0.00283804647105 
17 45 0 8 0.00283633549712 
17 49 0 8 0.00282516071137 
30 56 0 8 0.00282389831105 
59 75 0 8 0.00281370681658 
24 56 0 8 0.00281361941012 
57 75 0 8 0.00281332775371 
17 52 0 8 0.00280968659342 
18 49 0 8 0.00280840687094 
32 76 0 8 0.00280755209498 
58 74 0 8 0.00279111730191 
39 57 0 8 0.00278118229646 
27 59 0 8 0.00278096860918 
31 74 0 8 0.00276722814707 
32 63 0 8 0.0027618198776 
25 56 0 8 0.00275417702986 
63 76 0 8 0.00274421829481 
23 57 0 8 0.00273688459365 
22 50 0 8 0.00273452370502 
37 49 0 8 0.00273376318193 
18 37 0 8 0.0027322059311 
24 53 0 8 0.00272873455787 
37 53 0 8 0.00272442739603 
58 75 0 8 0.00271797855188 
28 60 0 8 0.00270792818484 
57 74 0 8 0.0027054561958 
24 64 0 8 0.00270490747484 
28 52 0 8 0.00270351459026 
8 73 0 8 0.00270207705351 
10 36 0 8 0.00269937394088 
28 49 0 8 0.00269080018092 
25 46 0 8 0.0026879420643 
11 36 0 8 0.0026862510806 
32 74 0 8 0.00268616148587 
12 36 0 8 0.00268600489452 
25 64 0 8 0.002680256848 
30 61 0 8 0.00267819954432 
31 53 0 8 0.00267755272791 
8 41 0 8 0.00267519648723 
31 52 0 8 0.00267154209836 
18 33 0 8 0.00265443201426 
39 54 0 8 0.00264611902936 
60 76 0 8 0.00264426844517 
58 76 0 8 0.0026437625352 
32 64 0 8 0.00263802678631 
21 56 0 8 0.00263736553396 
18 46 0 8 0.00263044663752 
26 38 0 8 0.00262882293034 
5 25 0 8 0.00262066668132 
7 54 0 8 0.00261072108306 
62 76 0 8 0.00260655401101 
28 74 0 8 0.00260540852457 
19 37 0 8 0.00260377228103 
41 53 0 8 0.00260317295915 
8 76 0 8 0.0026021915114 
28 64 0 8 0.00259648824208 
26 64 0 8 0.0025956147338 
31 61 0 8 0.00259179166541 
35 61 0 8 0.0025881975079 
24 59 0 8 0.00258802050848 
30 64 0 8 0.00258552446245 
19 43 0 8 0.00258442446419 
15 40 0 8 0.00258395050929 
18 50 0 8 0.00258328652413 
23 73 0 8 0.00257882721706 
33 74 0 8 0.00257641785222 
54 78 0 8 0.00257120677885 
29 53 0 8 0.00256702234009 
25 52 0 8 0.00255989515806 
63 78 0 8 0.00255895985634 
53 67 0 8 0.00255624549995 
22 35 0 8 0.00255537558136 
24 46 0 8 0.00255285072573 
24 75 0 8 0.00254932145112 
35 64 0 8 0.00254643460673 
34 75 0 8 0.00254567004201 
57 77 0 8 0.00254345037729 
36 53 0 8 0.00254289584603 
21 42 0 8 0.00253495813418 
23 50 0 8 0.00252858383714 
19 57 0 8 0.00252777659716 
15 37 0 8 0.00252041794712 
15 33 0 8 0.00251818560554 
32 56 0 8 0.00251797996184 
14 37 0 8 0.00251545716048 
34 76 0 8 0.00251490852863 
22 45 0 8 0.00251400275961 
7 57 0 8 0.00251318743033 
24 74 0 8 0.00250821090556 
38 54 0 8 0.0025019246785 
29 49 0 8 0.00249944014228 
9 72 0 8 0.0024992329068 
32 53 0 8 0.00249450869653 
26 56 0 8 0.00249417270051 
27 61 0 8 0.00249394640803 
7 61 0 8 0.00249346191047 
22 54 0 8 0.00249236963849 
32 70 0 8 0.00248634204323 
42 57 0 8 0.00248629179013 
37 52 0 8 0.00248575117827 
14 72 0 8 0.00248573061495 
56 74 0 8 0.00248486084539 
2 18 0 8 0.00247936504652 
28 73 0 8 0.00247837856499 
5 75 0 8 0.00247696896191 
22 52 0 8 0.00247696181111 
26 57 0 8 0.0024760520508 
63 77 0 8 0.00247093346704 
31 49 0 8 0.0024672782922 
20 57 0 8 0.00246674366678 
8 65 0 8 0.002464439302 
11 38 0 8 0.00246428098465 
28 72 0 8 0.00246210196877 
25 45 0 8 0.00245388755964 
25 57 0 8 0.00245081895969 
14 48 0 8 0.00244629421242 
22 34 0 8 0.00244215123672 
11 48 0 8 0.00243754397366 
18 45 0 8 0.00243267234035 
17 46 0 8 0.00243209150308 
12 40 0 8 0.00243015190416 
48 65 0 8 0.00242949832257 
10 40 0 8 0.00242427355463 
63 75 0 8 0.00241853941732 
23 74 0 8 0.00241080291613 
19 41 0 8 0.00240591825879 
40 55 0 8 0.00240548571526 
22 46 0 8 0.00240509699618 
21 45 0 8 0.00240499525581 
58 79 0 8 0.00240019220033 
34 56 0 8 0.00239854321264 
15 42 0 8 0.00239476262255 
4 47 0 8 0.00239397848044 
24 63 0 8 0.00239229930553 
41 56 0 8 0.00238895695379 
18 40 0 8 0.00238675547379 
23 42 0 8 0.00238615352416 
7 53 0 8 0.00238600539363 
3 60 0 8 0.00238543119959 
13 40 0 8 0.00238422150353 
35 75 0 8 0.00238287303833 
35 68 0 8 0.00238244876058 
24 73 0 8 0.00237903665813 
21 52 0 8 0.00237790435334 
34 63 0 8 0.00237459767652 
16 48 0 8 0.00237164666767 
29 57 0 8 0.00237068875442 
26 45 0 8 0.00235933691271 
5 28 0 8 0.00235761768075 
29 41 0 8 0.00235514489933 
6 69 0 8 0.00235481056033 
30 49 0 8 0.00235082600255 
7 56 0 8 0.00234824006926 
60 73 0 8 0.00234693279644 
6 31 0 8 0.00234459740413 
35 50 0 8 0.00234360002731 
31 72 0 8 0.0023415156823 
65 78 0 8 0.0023402183937 
13 37 0 8 0.00234021335805 
18 32 0 8 0.00233681923295 
18 52 0 8 0.00233592617328 
20 60 0 8 0.00233525937297 
5 24 0 8 0.00233415815747 
16 41 0 8 0.00233198295024 
9 74 0 8 0.00233186868692 
21 60 0 8 0.00233167634994 
29 45 0 8 0.00233122480313 
2 19 0 8 0.00232623312576 
7 41 0 8 0.00232487336086 
5 31 0 8 0.00232463834253 
8 24 0 8 0.00232417869187 
1 68 0 8 0.0023202564413 
7 40 0 8 0.0023188512301 
4 79 0 8 0.00231739070307 
33 64 0 8 0.00231501798396 
32 61 0 8 0.00231376510056 
9 58 0 8 0.00230837137879 
25 38 0 8 0.00230615477888 
32 69 0 8 0.00230272184059 
32 77 0 8 0.00230158311478 
11 56 0 8 0.00230099459071 
5 21 0 8 0.00229710777385 
62 78 0 8 0.0022929839147 
17 41 0 8 0.00229164542519 
62 74 0 8 0.00229134054579 
14 55 0 8 0.00229005275401 
6 54 0 8 0.00228775104823 
2 22 0 8 0.00228637296336 
6 32 0 8 0.00228513234921 
18 57 0 8 0.00227902286395 
13 72 0 8 0.00227614167083 
17 53 0 8 0.00227567825483 
28 77 0 8 0.00227487575104 
23 52 0 8 0.00227289349586 
14 33 0 8 0.00227007335788 
35 69 0 8 0.00226948554073 
21 37 0 8 0.00226717503141 
59 79 0 8 0.0022669507453 
5 74 0 8 0.00226643240098 
5 17 0 8 0.00226631624569 
36 56 0 8 0.00226340922614 
56 68 0 8 0.0022571650111 
13 51 0 8 0.00225708176292 
51 75 0 8 0.00225550886649 
31 67 0 8 0.00225379117383 
14 42 0 8 0.00225161538597 
24 45 0 8 0.00225112077611 
3 47 0 8 0.00224806081398 
19 44 0 8 0.00224761505001 
58 72 0 8 0.00224718451669 
30 52 0 8 0.00223413057042 
70 82 0 8 0.00223287182951 
20 77 0 8 0.00223127202498 
31 54 0 8 0.00223081156213 
48 64 0 8 0.00222989754998 
20 73 0 8 0.00222861715337 
51 63 0 8 0.00222823335848 
24 71 0 8 0.00222770719991 
7 32 0 8 0.00222762844222 
6 60 0 8 0.00222649766364 
8 79 0 8 0.00222406878771 
6 34 0 8 0.00222385036891 
20 42 0 8 0.00222226157177 
8 28 0 8 0.00221939228698 
21 75 0 8 0.00221577328185 
35 49 0 8 0.0022096953653 
4 51 0 8 0.00220915395863 
30 45 0 8 0.0022046397908 
28 41 0 8 0.0022015907331 
3 79 0 8 0.00219764902477 
5 29 0 8 0.00219679352713 
19 54 0 8 0.00219609676087 
32 46 0 8 0.00219439658031 
39 67 0 8 0.00219269030803 
5 51 0 8 0.00219079263784 
65 79 0 8 0.00218993567875 
7 45 0 8 0.00218963522205 
9 70 0 8 0.00218031829984 
16 45 0 8 0.0021799762052 
2 68 0 8 0.00217331584258 
23 77 0 8 0.0021729393037 
10 63 0 8 0.00217108271177 
23 39 0 8 0.00216920049928 
5 70 0 8 0.00216739079611 
36 61 0 8 0.00216696029533 
32 52 0 8 0.00216258233442 
5 34 0 8 0.00215913225075 
38 68 0 8 0.00215906770213 
47 63 0 8 0.00215880421863 
6 58 0 8 0.00215862795945 
57 82 0 8 0.00215726877666 
5 68 0 8 0.00215561659894 
20 72 0 8 0.00215129363354 
9 60 0 8 0.0021500075629 
6 18 0 8 0.00214511151906 
8 36 0 8 0.00213146990851 
15 61 0 8 0.00212671560548 
69 82 0 8 0.00212514040133 
20 50 0 8 0.00212335604141 
10 60 0 8 0.00212251853907 
2 15 0 8 0.0021186806966 
3 51 0 8 0.00211552848885 
28 67 0 8 0.0021137541792 
15 57 0 8 0.00211305964305 
33 69 0 8 0.00211186996643 
17 39 0 8 0.00210641582858 
35 47 0 8 0.00210551250413 
12 48 0 8 0.00210197175617 
3 55 0 8 0.00210045436702 
19 33 0 8 0.00209964903158 
8 80 0 8 0.00209835661864 
64 77 0 8 0.0020969910606 
29 76 0 8 0.00209160962256 
23 76 0 8 0.00209132640659 
51 71 0 8 0.00208984282458 
63 80 0 8 0.00208789513538 
53 78 0 8 0.00208577836658 
55 69 0 8 0.0020853012207 
6 77 0 8 0.00208371343178 
28 42 0 8 0.0020828043419 
53 69 0 8 0.00208249442473 
24 38 0 8 0.00208199243698 
60 72 0 8 0.00207479656535 
8 22 0 8 0.00206843933213 
25 37 0 8 0.00206585781294 
31 45 0 8 0.00206498214427 
26 39 0 8 0.00205866279169 
26 54 0 8 0.00205680025749 
38 52 0 8 0.0020566770738 
12 80 0 8 0.00205393735588 
36 54 0 8 0.00205309289244 
14 73 0 8 0.00205292363673 
34 58 0 8 0.00204427746219 
51 78 0 8 0.00204422186884 
70 83 0 8 0.00204172094516 
10 46 0 8 0.0020333150538 
17 35 0 8 0.00203150871475 
40 79 0 8 0.00202878681559 
69 83 0 8 0.00202651805903 
9 43 0 8 0.0020261517303 
15 30 0 8 0.00202572712202 
30 46 0 8 0.00202555377409 
10 77 0 8 0.00202503922707 
7 71 0 8 0.00202271158422 
44 61 0 8 0.00202026169655 
7 49 0 8 0.00201953766796 
10 79 0 8 0.00201772837825 
6 39 0 8 0.00201733651918 
5 59 0 8 0.00201720202169 
6 50 0 8 0.00201132775426 
34 79 0 8 0.00200939667188 
18 30 0 8 0.00200518634404 
20 65 0 8 0.00200107299927 
21 33 0 8 0.00200004650848 
39 70 0 8 0.00199914056967 
8 52 0 8 0.00199837121659 
13 31 0 8 0.00198759849015 
58 80 0 8 0.00198405926571 
46 61 0 8 0.00198242057854 
51 67 0 8 0.00197574352702 
33 55 0 8 0.00197364106715 
51 76 0 8 0.00196807709819 
3 16 0 8 0.00196762574704 
4 41 0 8 0.00196524055246 
4 63 0 8 0.00196435501929 
4 38 0 8 0.00196369640377 
37 79 0 8 0.00195836018941 
20 47 0 8 0.00195524319287 
20 63 0 8 0.00195186368242 
65 80 0 8 0.00194875183701 
1 16 0 8 0.00194443119626 
66 79 0 8 0.00194420153954 
41 63 0 8 0.00193787637413 
57 83 0 8 0.00193710627389 
45 57 0 8 0.00193355842867 
3 32 0 8 0.00192450534473 
51 79 0 8 0.00192339680144 
23 78 0 8 0.00191842790897 
17 31 0 8 0.00191355805714 
34 80 0 8 0.00191181446391 
18 72 0 8 0.00190327356393 
49 67 0 8 0.00189626398687 
50 71 0 8 0.00189506510349 
1 71 0 8 0.00188984581102 
11 24 0 8 0.00188971576076 
44 56 0 8 0.00188752556948 
29 43 0 8 0.00185890038337 
42 68 0 8 0.00185317045599 
6 26 0 8 0.00184826064354 
16 64 0 8 0.00184588830185 
29 78 0 8 0.00184265165707 
69 81 0 8 0.00182989519552 
15 66 0 8 0.00182431667419 
39 74 0 8 0.00180012050325 
40 77 0 8 0.00179552977112 
40 80 0 8 0.00179234502958 
37 66 0 8 0.00178176571866 
17 62 0 8 0.00176900197068 
71 83 0 8 0.00176522757395 
11 26 0 8 0.00176439667931 
1 44 0 8 0.00169249720433 
16 29 0 8 0.00163410550678 
22 80 0 8 0.00163227423734 
