89 105 0 8 0.00340806294304 
56 71 0 8 0.00339456301462 
56 70 0 8 0.0032907008961 
55 70 0 8 0.00319927422414 
55 71 0 8 0.00313912066687 
53 72 0 8 0.00311460532879 
73 106 0 8 0.00306756532692 
53 73 0 8 0.00302258915137 
75 110 0 8 0.00300899037268 
57 70 0 8 0.00297228484327 
74 107 0 8 0.00297142009811 
72 107 0 8 0.00295060223397 
54 71 0 8 0.00295050278896 
72 105 0 8 0.00294825841423 
55 72 0 8 0.00290418856709 
54 73 0 8 0.00290163703737 
52 75 0 8 0.00288149302346 
71 106 0 8 0.00279777843182 
52 74 0 8 0.00278990715289 
71 104 0 8 0.00278596722825 
75 107 0 8 0.00278080669548 
70 103 0 8 0.00275332584324 
58 71 0 8 0.00274859596307 
72 89 0 8 0.00274131108195 
52 73 0 8 0.00271688343981 
51 74 0 8 0.002716463222 
72 104 0 8 0.00270844056348 
72 106 0 8 0.00269894505853 
53 74 0 8 0.00268876907018 
55 69 0 8 0.002656974639 
75 108 0 8 0.00265210790694 
54 72 0 8 0.0026498427354 
56 69 0 8 0.00261008018798 
74 106 0 8 0.00260743686812 
74 108 0 8 0.00260742937478 
73 107 0 8 0.0026022874865 
90 105 0 8 0.00260178344041 
73 108 0 8 0.00260129525993 
69 104 0 8 0.00259952096331 
54 75 0 8 0.00259046394804 
53 71 0 8 0.00259019079433 
69 102 0 8 0.00255318313715 
86 105 0 8 0.00253102461114 
56 73 0 8 0.00251551890858 
58 70 0 8 0.00250462743038 
51 75 0 8 0.002481753529 
71 105 0 8 0.00246046228617 
76 109 0 8 0.00245623930152 
55 73 0 8 0.00244827829197 
75 109 0 8 0.00243923620894 
82 107 0 8 0.00242106614902 
70 93 0 8 0.00242091357997 
73 105 0 8 0.00241604935022 
93 105 0 8 0.00241147947863 
36 89 0 8 0.00241142187248 
86 107 0 8 0.0024051851903 
70 104 0 8 0.00239878561682 
67 102 0 8 0.0023909410253 
52 72 0 8 0.00235530090726 
76 110 0 8 0.00233588600691 
56 72 0 8 0.00232053152498 
70 105 0 8 0.00230283761642 
55 107 0 8 0.00229996997418 
56 104 0 8 0.00229616026511 
85 107 0 8 0.00228584034042 
74 105 0 8 0.00228554576144 
70 102 0 8 0.00226710232736 
72 108 0 8 0.002262897952 
57 69 0 8 0.00224856277667 
54 70 0 8 0.00224239780576 
57 71 0 8 0.00224154532809 
57 106 0 8 0.00221508848019 
72 103 0 8 0.00220423710737 
53 70 0 8 0.00220187154043 
51 72 0 8 0.00219898567594 
53 75 0 8 0.00218993550487 
51 73 0 8 0.00218183526584 
22 58 0 8 0.00217438022607 
33 53 0 8 0.00216566318948 
55 106 0 8 0.00215378329453 
69 103 0 8 0.00215043111973 
52 71 0 8 0.00214633884725 
68 103 0 8 0.00212767831682 
73 104 0 8 0.00210614090104 
22 67 0 8 0.00210191660379 
71 103 0 8 0.00210190643164 
74 109 0 8 0.00209301938358 
76 108 0 8 0.00209268227679 
77 110 0 8 0.00208764736598 
76 107 0 8 0.00207464652611 
68 102 0 8 0.00207404480214 
26 57 0 8 0.00205979620384 
22 60 0 8 0.00205674362632 
55 105 0 8 0.00204832078133 
72 88 0 8 0.00204747200942 
54 74 0 8 0.00204575725291 
56 106 0 8 0.00203581142311 
70 106 0 8 0.002033681262 
77 109 0 8 0.00203275850647 
56 107 0 8 0.00202752827155 
74 110 0 8 0.00202293260441 
22 59 0 8 0.00201502035328 
60 103 0 8 0.00201300775453 
74 89 0 8 0.0020128306758 
53 107 0 8 0.00201041909068 
37 53 0 8 0.0020086900102 
79 109 0 8 0.00199254683988 
50 75 0 8 0.00198441502374 
55 68 0 8 0.00197374041126 
29 70 0 8 0.00196980922963 
62 100 0 8 0.00195674036933 
50 74 0 8 0.00195130002523 
22 57 0 8 0.00193917965973 
82 108 0 8 0.00192220053293 
69 106 0 8 0.00191708189225 
67 100 0 8 0.00191664111706 
56 68 0 8 0.0019102332754 
44 85 0 8 0.00190864705461 
72 93 0 8 0.00190859245235 
68 101 0 8 0.0019081958115 
19 36 0 8 0.00190158402232 
90 103 0 8 0.00189657819568 
60 102 0 8 0.00189289952086 
69 101 0 8 0.00188716452084 
54 108 0 8 0.00188424446408 
70 97 0 8 0.00188389662171 
62 102 0 8 0.00187956174293 
54 106 0 8 0.00187320213058 
36 53 0 8 0.0018722124466 
21 59 0 8 0.00186677697926 
53 109 0 8 0.00186606204584 
82 109 0 8 0.0018593629503 
40 89 0 8 0.00185807115442 
86 106 0 8 0.00185735367343 
37 51 0 8 0.00185704382908 
75 115 0 8 0.00185568572857 
58 105 0 8 0.00185126976297 
21 58 0 8 0.00184398334132 
54 107 0 8 0.00184263484062 
49 112 0 8 0.00184245814385 
40 85 0 8 0.00183884304896 
58 104 0 8 0.00183659977719 
69 105 0 8 0.00183340465063 
50 76 0 8 0.00183082523475 
69 97 0 8 0.00182754788167 
68 97 0 8 0.0018221582018 
36 93 0 8 0.00182113543255 
71 102 0 8 0.00182065426922 
21 70 0 8 0.00182051745757 
19 54 0 8 0.00181918445546 
54 110 0 8 0.00181669384491 
24 58 0 8 0.00181605131185 
73 89 0 8 0.00181600242299 
24 68 0 8 0.00180654661384 
23 57 0 8 0.00180491635653 
21 55 0 8 0.00180410008741 
51 110 0 8 0.00180229212438 
62 106 0 8 0.00180091885027 
67 101 0 8 0.00179482521146 
67 103 0 8 0.00179438483737 
24 55 0 8 0.00179204448593 
29 104 0 8 0.00178861409448 
53 108 0 8 0.00178522015735 
33 55 0 8 0.00178465459651 
83 107 0 8 0.00178464184858 
56 105 0 8 0.00178455416218 
67 104 0 8 0.0017842225474 
68 104 0 8 0.00178391041484 
90 104 0 8 0.00178321705487 
22 61 0 8 0.00178187176041 
29 55 0 8 0.00178006026956 
54 109 0 8 0.00177910384618 
52 76 0 8 0.00177676849998 
57 104 0 8 0.00177625356021 
26 55 0 8 0.00177347730355 
24 61 0 8 0.00177242058065 
36 92 0 8 0.00176856576744 
74 86 0 8 0.00176164771129 
21 68 0 8 0.00176069442044 
21 57 0 8 0.00175948030099 
30 55 0 8 0.00175900536539 
56 108 0 8 0.00175772683025 
89 107 0 8 0.00175248060248 
19 70 0 8 0.00174809974939 
23 59 0 8 0.00174602733075 
55 74 0 8 0.00174262216924 
24 57 0 8 0.0017419887291 
5 19 0 8 0.00173792266997 
85 106 0 8 0.00173707059724 
71 107 0 8 0.00173552349534 
51 109 0 8 0.00173351255607 
23 98 0 8 0.00173251680045 
19 56 0 8 0.00172899706426 
20 56 0 8 0.00172783934938 
73 110 0 8 0.00172218427046 
22 69 0 8 0.00171285145866 
72 92 0 8 0.00171143506738 
20 58 0 8 0.0017097922464 
18 52 0 8 0.00170039675547 
21 105 0 8 0.00169935873866 
23 97 0 8 0.00169876279865 
26 59 0 8 0.00169759900039 
24 60 0 8 0.00169388455694 
11 33 0 8 0.00169001446857 
89 104 0 8 0.00168789152135 
75 116 0 8 0.00168515875141 
19 106 0 8 0.00168226500429 
36 72 0 8 0.0016791918406 
86 104 0 8 0.00167623803653 
22 52 0 8 0.00167409265808 
18 69 0 8 0.0016722540533 
24 59 0 8 0.00167167502656 
36 70 0 8 0.00166920041851 
20 57 0 8 0.00166808762809 
62 105 0 8 0.00166784637452 
21 56 0 8 0.00166773508692 
62 97 0 8 0.00166394623888 
47 76 0 8 0.00166271540137 
17 36 0 8 0.00166087279931 
79 107 0 8 0.00166062551655 
70 101 0 8 0.00166029185112 
53 106 0 8 0.00165914225286 
34 53 0 8 0.0016578745872 
82 110 0 8 0.00165710495084 
26 58 0 8 0.00165505154057 
59 104 0 8 0.00165310724311 
51 76 0 8 0.00165133713601 
21 60 0 8 0.00165067802073 
19 71 0 8 0.00164858550849 
23 58 0 8 0.00164819266459 
59 72 0 8 0.00164807010701 
25 66 0 8 0.00164783487476 
25 57 0 8 0.00164719837646 
51 107 0 8 0.0016466964464 
33 89 0 8 0.00164505446524 
67 97 0 8 0.00164106396491 
33 70 0 8 0.00164063598354 
69 96 0 8 0.00163569618872 
22 56 0 8 0.00163476022558 
62 101 0 8 0.00163439892386 
50 112 0 8 0.00163145150237 
85 105 0 8 0.0016246437583 
43 88 0 8 0.00161861926408 
23 60 0 8 0.00161824988184 
50 117 0 8 0.0016178974128 
10 33 0 8 0.0016118060382 
18 36 0 8 0.00161045387054 
60 104 0 8 0.00161027751974 
52 110 0 8 0.00160838194927 
23 61 0 8 0.00160804116787 
89 106 0 8 0.00160682992632 
19 33 0 8 0.00160645232766 
61 105 0 8 0.0016019077883 
72 109 0 8 0.00160150541633 
6 19 0 8 0.00160097743913 
18 56 0 8 0.00159934202062 
26 70 0 8 0.00159890929887 
32 92 0 8 0.0015979167565 
24 70 0 8 0.00159662375139 
33 72 0 8 0.00159431749461 
61 100 0 8 0.00159424734195 
9 21 0 8 0.00159268636382 
28 96 0 8 0.00159168002317 
25 60 0 8 0.00158904700754 
7 19 0 8 0.00158806317487 
58 72 0 8 0.00158685061576 
50 110 0 8 0.00158517476964 
32 68 0 8 0.00157854038405 
29 73 0 8 0.00157780740696 
33 71 0 8 0.00157746660653 
20 104 0 8 0.00157690537676 
54 77 0 8 0.00157511210003 
62 99 0 8 0.00157387868219 
52 108 0 8 0.00157270378805 
20 55 0 8 0.00156969969016 
58 103 0 8 0.00156845146272 
77 111 0 8 0.00156149486549 
75 106 0 8 0.00156052272057 
32 70 0 8 0.00155822291682 
71 93 0 8 0.00155781184066 
77 108 0 8 0.00155454469908 
18 67 0 8 0.0015543808408 
62 104 0 8 0.00155398703533 
40 88 0 8 0.00155380207574 
55 75 0 8 0.00154714303975 
53 110 0 8 0.00154685188047 
40 72 0 8 0.00154665604537 
61 99 0 8 0.00154303757065 
18 54 0 8 0.00154220956171 
60 106 0 8 0.00154220631357 
10 37 0 8 0.0015409708183 
58 106 0 8 0.00153680322552 
48 76 0 8 0.001535868681 
50 116 0 8 0.0015351893994 
62 103 0 8 0.00153163525733 
18 71 0 8 0.0015312200034 
29 71 0 8 0.0015307732709 
51 112 0 8 0.00153040595628 
67 98 0 8 0.00153017045424 
52 77 0 8 0.00152993485374 
61 102 0 8 0.00152942841579 
23 67 0 8 0.00152821540775 
50 77 0 8 0.00152670118951 
70 96 0 8 0.0015266436356 
40 53 0 8 0.00152656254392 
23 66 0 8 0.00152499462579 
21 97 0 8 0.0015242895953 
62 98 0 8 0.00152232902201 
44 81 0 8 0.0015210101804 
37 89 0 8 0.00152082324316 
50 114 0 8 0.00151964196573 
90 107 0 8 0.00151888689695 
19 55 0 8 0.00151651291248 
77 112 0 8 0.00151607736839 
63 98 0 8 0.0015152249685 
39 92 0 8 0.00151487669276 
17 33 0 8 0.00151426061394 
60 101 0 8 0.00151287965712 
63 100 0 8 0.00151168151393 
72 86 0 8 0.00151014037812 
49 111 0 8 0.00150894790559 
70 92 0 8 0.0015082045221 
24 97 0 8 0.00150686622338 
7 20 0 8 0.00150046750967 
17 40 0 8 0.00149811185141 
20 71 0 8 0.00149548900835 
60 97 0 8 0.00149509534739 
52 112 0 8 0.00149446756185 
24 98 0 8 0.00149352125854 
50 109 0 8 0.00149217693821 
79 110 0 8 0.00149181619912 
57 102 0 8 0.00149164587756 
18 57 0 8 0.00149126745023 
36 51 0 8 0.00149075123903 
45 81 0 8 0.00149068186497 
60 100 0 8 0.00149007585793 
16 70 0 8 0.00148962649481 
24 99 0 8 0.00148872661284 
40 93 0 8 0.00148777853599 
25 61 0 8 0.00148764713459 
18 40 0 8 0.00148651325392 
32 73 0 8 0.00148525241281 
23 68 0 8 0.00148482162622 
68 100 0 8 0.00148438889263 
69 93 0 8 0.00148373427721 
49 113 0 8 0.00148249803567 
58 107 0 8 0.00147995484241 
19 57 0 8 0.00147925278526 
18 116 0 8 0.00147846221966 
29 72 0 8 0.00147778310627 
49 116 0 8 0.00147724600339 
73 85 0 8 0.00147672480351 
18 70 0 8 0.00147658527634 
48 77 0 8 0.00147497004083 
28 59 0 8 0.00146937688703 
51 111 0 8 0.00146725186709 
60 105 0 8 0.00146706380679 
23 99 0 8 0.00146642343599 
33 93 0 8 0.00146525500456 
71 89 0 8 0.00146461368871 
43 85 0 8 0.00146348399811 
28 68 0 8 0.00146299247492 
8 20 0 8 0.00146243761208 
32 96 0 8 0.00146183742468 
17 54 0 8 0.00145953335523 
69 100 0 8 0.00145768207585 
52 107 0 8 0.00145758320645 
29 106 0 8 0.0014572116432 
89 103 0 8 0.00145717382329 
54 76 0 8 0.00145667418589 
21 61 0 8 0.00145536521794 
26 60 0 8 0.00145418078383 
65 103 0 8 0.0014536888462 
16 33 0 8 0.00145227883818 
32 93 0 8 0.0014515861987 
9 22 0 8 0.00145125507766 
50 111 0 8 0.00144930323317 
26 101 0 8 0.00144920766689 
11 37 0 8 0.00144670692114 
58 102 0 8 0.00144612649987 
73 88 0 8 0.00144551648891 
19 53 0 8 0.00144513729042 
5 17 0 8 0.00144384394471 
11 36 0 8 0.00144237515259 
78 112 0 8 0.00144084049809 
6 18 0 8 0.00143998224799 
22 68 0 8 0.00143807045365 
23 62 0 8 0.0014369735977 
29 68 0 8 0.00143599312606 
36 88 0 8 0.00143578702567 
23 63 0 8 0.0014323124098 
61 101 0 8 0.00143060175283 
18 55 0 8 0.00143057739662 
29 56 0 8 0.00143044163448 
67 96 0 8 0.00142893339276 
61 106 0 8 0.0014231181584 
72 85 0 8 0.0014229289312 
28 66 0 8 0.00142157135584 
26 61 0 8 0.00142083707682 
82 112 0 8 0.0014207209631 
36 74 0 8 0.00141874428949 
10 72 0 8 0.00141233154176 
47 117 0 8 0.00141197903275 
18 115 0 8 0.00140908715503 
16 36 0 8 0.00140792461514 
9 33 0 8 0.00140386525436 
39 93 0 8 0.00140225564548 
60 107 0 8 0.00139978157759 
48 75 0 8 0.00139948355481 
43 74 0 8 0.00139916081273 
63 101 0 8 0.00139670140826 
58 96 0 8 0.00139475441824 
29 57 0 8 0.00138915558705 
5 18 0 8 0.00138500355851 
18 58 0 8 0.00138464690636 
51 117 0 8 0.00138405133435 
57 109 0 8 0.00138400541919 
21 99 0 8 0.00138299387713 
40 84 0 8 0.00138139368079 
54 68 0 8 0.00138051345467 
18 62 0 8 0.00137963968924 
24 104 0 8 0.00137922683213 
63 97 0 8 0.00137552942548 
30 53 0 8 0.00137440780587 
60 96 0 8 0.00137417214372 
29 69 0 8 0.00137357436274 
47 77 0 8 0.00137349835477 
59 101 0 8 0.0013729804459 
57 74 0 8 0.00137283584218 
8 22 0 8 0.00137184107787 
56 89 0 8 0.0013706564052 
20 99 0 8 0.00136823584928 
18 68 0 8 0.0013680146833 
20 100 0 8 0.00136740441135 
36 55 0 8 0.00136735298715 
43 109 0 8 0.00136668303961 
18 102 0 8 0.00136345675822 
90 106 0 8 0.00136285721052 
20 54 0 8 0.0013622069012 
36 107 0 8 0.00136031096931 
47 78 0 8 0.00135787692985 
21 98 0 8 0.0013577450766 
43 89 0 8 0.00135684471736 
29 61 0 8 0.00135511749607 
32 71 0 8 0.00135427610751 
25 68 0 8 0.00135401005907 
9 23 0 8 0.00135277196978 
7 22 0 8 0.0013502898964 
53 105 0 8 0.00134983166105 
40 74 0 8 0.001347203062 
19 105 0 8 0.00134685167938 
20 68 0 8 0.00134637776887 
83 103 0 8 0.00134616755741 
20 103 0 8 0.00134470539678 
19 60 0 8 0.00133988540541 
58 101 0 8 0.00133864129157 
32 89 0 8 0.00133597324767 
10 74 0 8 0.00133548511177 
47 116 0 8 0.00133498456747 
22 103 0 8 0.0013344632342 
24 96 0 8 0.00133209891749 
24 73 0 8 0.00133150190224 
17 64 0 8 0.00132993998569 
19 108 0 8 0.00132962635174 
49 114 0 8 0.00132941660661 
58 73 0 8 0.00132875670907 
36 73 0 8 0.00132727573955 
51 116 0 8 0.00132596564138 
51 115 0 8 0.00132435607374 
46 76 0 8 0.00132370040497 
58 89 0 8 0.00132317159104 
10 36 0 8 0.00131621364443 
33 74 0 8 0.0013141646635 
44 84 0 8 0.00131399601886 
68 98 0 8 0.00131295831192 
52 117 0 8 0.0013128111889 
17 108 0 8 0.00131211350715 
61 98 0 8 0.00131140794282 
40 55 0 8 0.00131084611645 
11 29 0 8 0.00131023185641 
52 116 0 8 0.0013082893544 
32 106 0 8 0.00130673067687 
28 104 0 8 0.00130305317185 
19 116 0 8 0.00129807430139 
37 85 0 8 0.0012976378095 
15 33 0 8 0.00129350635117 
77 114 0 8 0.00129329157051 
46 78 0 8 0.00128915876528 
49 117 0 8 0.00128659434267 
36 108 0 8 0.00128628576562 
44 89 0 8 0.0012862762531 
59 108 0 8 0.00128596976007 
20 115 0 8 0.00128001749672 
46 81 0 8 0.00127710831781 
9 72 0 8 0.0012739986448 
59 109 0 8 0.00127383383157 
17 63 0 8 0.00127337381388 
28 61 0 8 0.00126920381383 
43 84 0 8 0.00126569897276 
18 60 0 8 0.00126449014909 
21 54 0 8 0.00126352051916 
8 23 0 8 0.00126349954532 
9 71 0 8 0.00126285555422 
36 90 0 8 0.00125891970306 
24 72 0 8 0.00125655965325 
90 102 0 8 0.00125412411753 
27 55 0 8 0.00125149788528 
79 115 0 8 0.00124846906621 
11 74 0 8 0.00124829385782 
18 51 0 8 0.00124788832399 
24 105 0 8 0.0012440268707 
58 92 0 8 0.00124226574082 
74 88 0 8 0.00123911085383 
82 116 0 8 0.00123867827947 
47 85 0 8 0.00123695474153 
39 72 0 8 0.00123513244687 
15 52 0 8 0.00123327070774 
9 70 0 8 0.00123259179526 
16 54 0 8 0.001232114042 
16 55 0 8 0.00123020082376 
18 100 0 8 0.00122930287433 
41 85 0 8 0.00122847666096 
9 73 0 8 0.00122811476226 
17 65 0 8 0.00122801477246 
43 72 0 8 0.0012272042945 
29 103 0 8 0.0012264808425 
29 105 0 8 0.00122473370114 
76 117 0 8 0.00122149662021 
43 97 0 8 0.00121976835276 
83 116 0 8 0.00121088169449 
58 97 0 8 0.00121010693967 
39 91 0 8 0.00120857711036 
36 56 0 8 0.00120759985262 
39 53 0 8 0.00120639215239 
39 96 0 8 0.00120618341488 
32 58 0 8 0.00120603375191 
21 93 0 8 0.00120564600992 
11 70 0 8 0.00120377792287 
48 110 0 8 0.00120178484146 
9 29 0 8 0.00119712604206 
88 107 0 8 0.00119656956978 
60 108 0 8 0.0011938589419 
11 75 0 8 0.00119111306237 
29 92 0 8 0.00118991729103 
37 108 0 8 0.00118954969676 
27 102 0 8 0.00118788427092 
36 57 0 8 0.00118700837496 
46 75 0 8 0.00117977402114 
82 117 0 8 0.00117755895425 
44 114 0 8 0.00117605604602 
42 94 0 8 0.00117553532442 
34 51 0 8 0.00117529088571 
20 73 0 8 0.00117141066475 
15 54 0 8 0.00117127325221 
56 88 0 8 0.00116832239915 
18 74 0 8 0.00116685037051 
46 114 0 8 0.0011616884179 
40 109 0 8 0.00115744698748 
10 34 0 8 0.00115678604308 
43 55 0 8 0.00115331826713 
17 110 0 8 0.0011493589049 
30 104 0 8 0.00114442590112 
39 109 0 8 0.00114109766975 
46 117 0 8 0.0011408846578 
56 85 0 8 0.00114071041117 
10 40 0 8 0.00113851065972 
8 74 0 8 0.00113763194575 
34 65 0 8 0.00113064211331 
43 94 0 8 0.00113063780642 
54 115 0 8 0.00113035896478 
22 74 0 8 0.00112650457221 
42 109 0 8 0.0011261739128 
13 51 0 8 0.0011259145284 
48 85 0 8 0.00111391310819 
59 98 0 8 0.00111215815443 
58 111 0 8 0.00110236971953 
44 107 0 8 0.00110149440345 
38 50 0 8 0.00110079993986 
42 80 0 8 0.00109626439653 
19 35 0 8 0.00109473350871 
13 52 0 8 0.0010925314795 
40 75 0 8 0.0010836707921 
16 117 0 8 0.00107476050945 
60 72 0 8 0.00107369724497 
18 75 0 8 0.00106046393059 
68 86 0 8 0.00105776553691 
19 93 0 8 0.00105204244535 
23 44 0 8 0.00105116066124 
53 92 0 8 0.0010488606728 
68 116 0 8 0.00104423424202 
16 44 0 8 0.00103737718572 
52 67 0 8 0.00102211562233 
11 24 0 8 0.00101915070786 
54 83 0 8 0.000998017617056 
24 90 0 8 0.000997127522622 
39 105 0 8 0.000988954795335 
22 118 0 8 0.000980590024714 
6 33 0 8 0.000975664219455 
43 99 0 8 0.000972662928581 
2 15 0 8 0.000957958414245 
51 93 0 8 0.000954432159644 
22 122 0 8 0.000950341969681 
38 63 0 8 0.000923031641934 
28 86 0 8 0.000913426983796 
54 118 0 8 0.000901366241515 
58 87 0 8 0.000887736391557 
11 53 0 8 0.000881094304707 
79 121 0 8 0.000872707326163 
48 63 0 8 0.000870988137455 
27 39 0 8 0.0008100798351 
