27 39 0 8 0.00588823411858 
27 43 0 8 0.00518043056756 
8 42 0 8 0.00511773701563 
5 46 0 8 0.00495551616776 
24 39 0 8 0.00483445168692 
24 43 0 8 0.00472096310656 
52 65 0 8 0.00469354846308 
5 42 0 8 0.00456860942972 
51 66 0 8 0.00456566768911 
53 66 0 8 0.00455173301991 
52 66 0 8 0.0044576859051 
53 65 0 8 0.00445056481691 
52 64 0 8 0.00436655290439 
11 30 0 8 0.00423789249188 
5 49 0 8 0.00422996667909 
9 51 0 8 0.00415380620263 
51 65 0 8 0.0041070780557 
27 42 0 8 0.00409424357491 
5 45 0 8 0.0040688582117 
12 52 0 8 0.00405073093762 
50 66 0 8 0.00403672758611 
24 40 0 8 0.00402109012071 
8 46 0 8 0.00397732279317 
9 46 0 8 0.00395444531579 
8 30 0 8 0.00392878436082 
53 67 0 8 0.00388777061663 
8 52 0 8 0.00388547782765 
8 43 0 8 0.00377122646962 
23 62 0 8 0.00373944976336 
11 27 0 8 0.00368403463693 
23 63 0 8 0.00365150151649 
11 31 0 8 0.00358690668161 
24 63 0 8 0.00356988735173 
53 68 0 8 0.0035483807459 
22 53 0 8 0.00353344820679 
17 54 0 8 0.00353218911842 
9 45 0 8 0.00352864290392 
15 30 0 8 0.00347724073384 
12 65 0 8 0.00345892674283 
22 54 0 8 0.00343120775998 
23 40 0 8 0.00342207769301 
9 42 0 8 0.00340213649089 
5 51 0 8 0.00340169405384 
21 54 0 8 0.0034009221002 
53 69 0 8 0.00336347848157 
8 27 0 8 0.0033524766466 
43 63 0 8 0.00335233734141 
23 43 0 8 0.00335190528117 
20 52 0 8 0.00334844111208 
21 53 0 8 0.00334761314104 
51 68 0 8 0.0033408407465 
20 54 0 8 0.00333203135786 
51 67 0 8 0.00333036416922 
19 52 0 8 0.00331435980536 
9 43 0 8 0.00326982586312 
20 53 0 8 0.00326736590031 
12 30 0 8 0.00323665351415 
22 64 0 8 0.0032358054137 
22 52 0 8 0.00323326064514 
8 39 0 8 0.00321780361305 
24 62 0 8 0.0031888939278 
8 31 0 8 0.0031871895214 
5 38 0 8 0.0031804947064 
21 62 0 8 0.00317149709316 
52 67 0 8 0.00316810704664 
30 54 0 8 0.00316724878147 
23 56 0 8 0.00315270401988 
47 63 0 8 0.00315205608005 
11 26 0 8 0.00313891811689 
23 57 0 8 0.00313462151223 
23 55 0 8 0.00312711130252 
23 59 0 8 0.00312433317617 
9 65 0 8 0.00311862226571 
22 62 0 8 0.00311821119327 
7 31 0 8 0.00311736198028 
12 46 0 8 0.00311391081758 
8 34 0 8 0.00309388045615 
50 65 0 8 0.00308782200584 
7 34 0 8 0.00308557750152 
15 56 0 8 0.00308328150219 
9 49 0 8 0.00308161078491 
20 60 0 8 0.00307730756319 
8 48 0 8 0.00305965329685 
11 24 0 8 0.00303934579236 
52 68 0 8 0.00303911467506 
7 30 0 8 0.00303803818952 
21 55 0 8 0.00302344666174 
51 64 0 8 0.00301816123138 
27 54 0 8 0.00300543938004 
21 47 0 8 0.00300486345916 
12 54 0 8 0.00300371612561 
5 41 0 8 0.00300296884273 
20 44 0 8 0.00299871650408 
12 43 0 8 0.00299009739031 
7 42 0 8 0.00298103829457 
19 53 0 8 0.00297406936019 
21 69 0 8 0.0029686597318 
50 64 0 8 0.00296770313083 
12 53 0 8 0.0029607843778 
9 66 0 8 0.00295734129048 
54 67 0 8 0.00295517800727 
27 55 0 8 0.00293790833231 
15 55 0 8 0.00293394204088 
18 54 0 8 0.00293028457209 
46 65 0 8 0.00292441459145 
50 69 0 8 0.00291682747901 
22 55 0 8 0.00291322074384 
30 55 0 8 0.00289134228474 
27 40 0 8 0.00289129148647 
15 53 0 8 0.00289116583335 
23 54 0 8 0.00288949910355 
6 46 0 8 0.00288906985557 
31 55 0 8 0.00288677838142 
22 63 0 8 0.00287979914035 
12 27 0 8 0.00287551981445 
50 67 0 8 0.0028657098831 
22 46 0 8 0.00286409395489 
22 65 0 8 0.00286202398926 
8 47 0 8 0.00286198153691 
21 64 0 8 0.00285992678494 
26 59 0 8 0.00285398978378 
31 57 0 8 0.0028433985052 
22 43 0 8 0.00283676095745 
23 47 0 8 0.00283547080823 
23 65 0 8 0.00282063419299 
16 55 0 8 0.00282021771588 
11 46 0 8 0.00281894167872 
29 61 0 8 0.00281743705903 
14 30 0 8 0.0028160298269 
17 57 0 8 0.00281194441364 
23 64 0 8 0.00280434224297 
23 39 0 8 0.00279957665177 
13 49 0 8 0.00278669527868 
6 42 0 8 0.00278584297934 
16 58 0 8 0.00278384261746 
22 47 0 8 0.00277388876366 
20 62 0 8 0.00277250337137 
52 69 0 8 0.0027707292368 
21 59 0 8 0.00275083292251 
21 67 0 8 0.00274656500532 
21 65 0 8 0.00274539291566 
24 54 0 8 0.00274209309104 
7 28 0 8 0.00274202537547 
51 69 0 8 0.00273201876692 
17 59 0 8 0.00273156594153 
54 66 0 8 0.00271964547448 
27 57 0 8 0.00271842902706 
22 61 0 8 0.00271315085515 
24 36 0 8 0.00271103693443 
31 54 0 8 0.00270576155861 
8 53 0 8 0.00270446067242 
23 46 0 8 0.00269884018163 
23 52 0 8 0.00269879607836 
20 66 0 8 0.00269838958158 
23 58 0 8 0.00269487269189 
15 57 0 8 0.0026857767282 
50 68 0 8 0.00267834215985 
14 51 0 8 0.00267544570823 
23 60 0 8 0.00267139942193 
17 56 0 8 0.00266702719568 
5 48 0 8 0.00266349437646 
8 24 0 8 0.00265650380933 
13 51 0 8 0.00265215777383 
12 64 0 8 0.00265081265633 
32 57 0 8 0.00265076318813 
47 64 0 8 0.00264102423324 
30 60 0 8 0.0026404874846 
9 52 0 8 0.00263913752591 
18 59 0 8 0.00262926163213 
21 63 0 8 0.00262877842423 
19 60 0 8 0.00262424224868 
11 63 0 8 0.00262375520682 
8 44 0 8 0.0026191128745 
11 34 0 8 0.00261328377509 
37 62 0 8 0.00261198630917 
31 60 0 8 0.00261126022243 
17 58 0 8 0.0026059090694 
19 62 0 8 0.00260127402241 
22 69 0 8 0.00260106495595 
24 42 0 8 0.00259914150617 
18 58 0 8 0.00259315192114 
54 68 0 8 0.00259079292442 
8 51 0 8 0.00258408573573 
7 46 0 8 0.00257915009417 
16 57 0 8 0.00257818035168 
11 50 0 8 0.0025767499616 
18 62 0 8 0.00257368792273 
5 54 0 8 0.00255965372939 
48 64 0 8 0.00255896978202 
8 54 0 8 0.00255856085073 
8 65 0 8 0.00255573822232 
30 65 0 8 0.00255554609922 
12 68 0 8 0.00254754028951 
18 68 0 8 0.00254693554618 
12 42 0 8 0.00254352512873 
19 54 0 8 0.00254340053949 
16 54 0 8 0.00254126567307 
16 56 0 8 0.00254120359285 
34 57 0 8 0.00253929642741 
16 30 0 8 0.00253774364275 
51 63 0 8 0.00253509862702 
26 63 0 8 0.00252856823693 
26 47 0 8 0.00252522619529 
21 52 0 8 0.00252148205371 
21 68 0 8 0.00251906819812 
27 60 0 8 0.00251772019919 
12 63 0 8 0.00251464669272 
15 60 0 8 0.00250962805487 
26 55 0 8 0.00250919170699 
12 26 0 8 0.0025075931558 
33 55 0 8 0.00250437337185 
11 23 0 8 0.00249603861601 
14 26 0 8 0.00249445693783 
10 50 0 8 0.00249121872863 
24 46 0 8 0.00249052143531 
18 51 0 8 0.00249043698412 
20 65 0 8 0.00248860472573 
12 45 0 8 0.00248463964574 
12 66 0 8 0.00248252777438 
28 57 0 8 0.00247910304085 
20 69 0 8 0.00247155944546 
47 66 0 8 0.00246022119416 
22 40 0 8 0.00245138288515 
28 43 0 8 0.00244772474811 
10 26 0 8 0.00244503229679 
46 67 0 8 0.00243708377413 
25 62 0 8 0.00243688052852 
7 39 0 8 0.0024300882581 
22 51 0 8 0.0024246389316 
26 61 0 8 0.00242404920139 
27 63 0 8 0.0024229621504 
30 43 0 8 0.00242156431106 
16 65 0 8 0.00242119302544 
13 65 0 8 0.00242058635383 
55 68 0 8 0.00242024120722 
40 63 0 8 0.00240642342633 
33 57 0 8 0.00240112558854 
39 66 0 8 0.00240100853813 
7 29 0 8 0.00239495684514 
32 56 0 8 0.00239466775132 
20 67 0 8 0.00239446084103 
28 55 0 8 0.00238429361463 
23 69 0 8 0.00238360254889 
26 64 0 8 0.00238119039383 
19 67 0 8 0.00237951487429 
34 55 0 8 0.0023769346802 
56 69 0 8 0.00237607420234 
25 64 0 8 0.00237418632579 
24 65 0 8 0.00237294638402 
19 65 0 8 0.00236465639177 
5 34 0 8 0.00236300774536 
23 37 0 8 0.00235875477385 
27 52 0 8 0.00235500430918 
3 38 0 8 0.00235156215646 
47 65 0 8 0.00234229113807 
5 39 0 8 0.00233533077108 
22 44 0 8 0.00232389759656 
41 62 0 8 0.00231950801142 
40 62 0 8 0.00231729754967 
46 61 0 8 0.00231476552511 
1 45 0 8 0.00231230870065 
13 64 0 8 0.00231190489675 
41 58 0 8 0.00230711982988 
8 68 0 8 0.00230501485197 
24 56 0 8 0.00230492881247 
6 34 0 8 0.00230421427661 
35 63 0 8 0.00230239420985 
40 59 0 8 0.00230121164925 
36 54 0 8 0.00229492376128 
42 62 0 8 0.00229429896887 
16 29 0 8 0.00229068090908 
11 43 0 8 0.00229056964594 
33 56 0 8 0.00228294819344 
23 67 0 8 0.00228290259124 
16 46 0 8 0.00228104430466 
14 60 0 8 0.00227859832732 
23 68 0 8 0.00227698256212 
5 65 0 8 0.00227275117704 
25 57 0 8 0.002270890733 
25 66 0 8 0.0022703227952 
3 42 0 8 0.00226760427162 
23 36 0 8 0.00226650481311 
32 55 0 8 0.00226405227707 
6 51 0 8 0.00226349673409 
25 39 0 8 0.00226190226133 
43 65 0 8 0.00225751146881 
17 51 0 8 0.00225371070898 
13 26 0 8 0.00224742183133 
4 54 0 8 0.00223435914181 
42 55 0 8 0.00222783479441 
1 41 0 8 0.00222643881074 
24 69 0 8 0.00222192448854 
16 64 0 8 0.00222133496172 
18 50 0 8 0.00221818641129 
32 58 0 8 0.00221335003823 
13 27 0 8 0.00220984381737 
24 67 0 8 0.00220828320881 
15 64 0 8 0.00220608203259 
1 44 0 8 0.0021940336878 
30 68 0 8 0.00218416322859 
30 42 0 8 0.00217989013673 
15 27 0 8 0.0021791389701 
3 51 0 8 0.00217096959317 
34 63 0 8 0.00216198431965 
28 50 0 8 0.00215572412721 
37 58 0 8 0.0021503064091 
13 33 0 8 0.00214850565663 
17 45 0 8 0.00214712934875 
29 53 0 8 0.00213961330695 
1 38 0 8 0.00213849387659 
3 49 0 8 0.00213796628948 
15 68 0 8 0.00213626161751 
39 55 0 8 0.00213307113472 
17 29 0 8 0.00212889328268 
34 54 0 8 0.00212737881661 
42 57 0 8 0.00212441948874 
24 38 0 8 0.00211934846949 
14 61 0 8 0.00210890270146 
3 17 0 8 0.00209413906917 
6 28 0 8 0.00208160252176 
45 66 0 8 0.00206609300097 
53 71 0 8 0.00206436801236 
42 61 0 8 0.00205797893553 
40 56 0 8 0.00204926753856 
10 72 0 8 0.00204404388651 
44 58 0 8 0.00203322490322 
7 68 0 8 0.00202925270009 
47 59 0 8 0.00202683827024 
22 35 0 8 0.00201659478071 
37 64 0 8 0.00201436472914 
21 70 0 8 0.0020116425181 
5 68 0 8 0.002007375586 
16 34 0 8 0.00200645664556 
32 64 0 8 0.00200398670117 
32 62 0 8 0.00198886750667 
15 42 0 8 0.00198154060198 
11 62 0 8 0.00198136017454 
15 33 0 8 0.00197826334627 
8 58 0 8 0.00196607764914 
3 29 0 8 0.00195933600735 
34 65 0 8 0.00195657352092 
33 67 0 8 0.00193212890877 
8 22 0 8 0.00192289717727 
17 38 0 8 0.00192201494155 
31 68 0 8 0.00191814635607 
2 43 0 8 0.00191017818452 
56 68 0 8 0.00190898617526 
3 20 0 8 0.00190588012676 
4 25 0 8 0.00190343739927 
35 50 0 8 0.00190189151456 
31 43 0 8 0.00189984618974 
15 71 0 8 0.00188357639074 
3 16 0 8 0.00187734451879 
49 73 0 8 0.00184444490674 
10 74 0 8 0.0018057537093 
36 73 0 8 0.00180227040608 
2 58 0 8 0.00179088582805 
5 24 0 8 0.0017826995083 
22 71 0 8 0.00177909404401 
1 34 0 8 0.00176949666412 
6 61 0 8 0.00173441105069 
45 74 0 8 0.0017288641805 
36 74 0 8 0.00171784037895 
3 66 0 8 0.00171322515346 
21 33 0 8 0.00168992301196 
33 47 0 8 0.00161845943938 
25 73 0 8 0.00160335716692 
1 65 0 8 0.00155830057166 
29 41 0 8 0.00155343625117 
40 52 0 8 0.00154013215895 
