8 31 0 8 0.00554457720938 
24 42 0 8 0.00541248884997 
24 39 0 8 0.00498725193919 
20 63 0 8 0.0048347293073 
21 52 0 8 0.0046739215138 
12 31 0 8 0.00466242609334 
20 64 0 8 0.00459781016155 
12 27 0 8 0.0044879899968 
21 62 0 8 0.00428582470364 
9 45 0 8 0.00424023213645 
24 38 0 8 0.00418633094976 
11 30 0 8 0.00411394263665 
51 64 0 8 0.00410991296389 
53 65 0 8 0.00407821856911 
22 55 0 8 0.00407766427207 
22 62 0 8 0.00405891369683 
20 65 0 8 0.00403154203059 
15 30 0 8 0.00402876122057 
12 41 0 8 0.00399408341968 
23 55 0 8 0.00397161606425 
24 60 0 8 0.00393147589413 
15 27 0 8 0.00391616718718 
52 64 0 8 0.00389748303676 
46 61 0 8 0.00385024925883 
27 42 0 8 0.00383098806954 
16 64 0 8 0.00380560518027 
21 64 0 8 0.00378627015976 
51 65 0 8 0.00378285763222 
17 63 0 8 0.00378020316571 
22 63 0 8 0.00376717015095 
21 60 0 8 0.00374853893663 
23 62 0 8 0.00372280953285 
52 65 0 8 0.00368894856753 
21 55 0 8 0.00368272190125 
23 61 0 8 0.00366780334682 
39 61 0 8 0.00365021695384 
11 27 0 8 0.0036292194072 
16 42 0 8 0.00362702975132 
46 63 0 8 0.00360577509033 
24 61 0 8 0.00359182980798 
21 61 0 8 0.00358388883504 
47 66 0 8 0.00355819492332 
42 61 0 8 0.00355722008249 
49 67 0 8 0.00355105905533 
39 60 0 8 0.00354520752184 
50 66 0 8 0.00354254604782 
9 41 0 8 0.0035240448506 
21 65 0 8 0.00352148193747 
22 61 0 8 0.00351111180955 
21 63 0 8 0.00350453939503 
22 64 0 8 0.003503209408 
13 45 0 8 0.0035014821674 
12 63 0 8 0.00349713171653 
20 52 0 8 0.00349053010108 
12 42 0 8 0.003486311848 
46 65 0 8 0.00342946640415 
9 42 0 8 0.00341372731699 
8 41 0 8 0.00340761889355 
51 63 0 8 0.00340724041451 
39 55 0 8 0.00340126957828 
39 64 0 8 0.00338572792093 
8 33 0 8 0.00338464408852 
12 62 0 8 0.0033829921107 
5 38 0 8 0.00337717290587 
51 66 0 8 0.00337653518651 
12 64 0 8 0.00335611595683 
13 50 0 8 0.00335261942513 
16 51 0 8 0.00333741546363 
52 67 0 8 0.00333272083424 
24 62 0 8 0.00333229728283 
27 41 0 8 0.00332483000945 
20 53 0 8 0.00331196382219 
11 31 0 8 0.00330746278784 
39 59 0 8 0.00330544683615 
42 63 0 8 0.00326570389176 
44 66 0 8 0.00326103215595 
23 60 0 8 0.00324997363126 
20 62 0 8 0.00324126440789 
22 54 0 8 0.00323131807427 
20 51 0 8 0.00320059652118 
24 59 0 8 0.0031985403211 
24 63 0 8 0.00319461872719 
22 53 0 8 0.00318793825434 
19 46 0 8 0.00317593919714 
13 51 0 8 0.00317463596762 
25 60 0 8 0.00316356762611 
23 63 0 8 0.00315683521971 
23 54 0 8 0.00315111632321 
43 66 0 8 0.00315051224011 
19 65 0 8 0.00314667784379 
5 37 0 8 0.00313436118114 
22 51 0 8 0.00312804320619 
21 53 0 8 0.00309502060583 
8 27 0 8 0.00308116976881 
12 45 0 8 0.00307237153692 
5 44 0 8 0.0030578378191 
22 39 0 8 0.00305731404178 
16 63 0 8 0.00304249741968 
50 65 0 8 0.0030411242132 
23 64 0 8 0.00302239985977 
15 64 0 8 0.0030182795825 
21 51 0 8 0.00300841474094 
24 56 0 8 0.00300240382481 
12 61 0 8 0.00300162335293 
50 67 0 8 0.00298347821325 
16 55 0 8 0.00298266740843 
5 42 0 8 0.00297211569246 
39 58 0 8 0.00297173554313 
16 53 0 8 0.00297005338131 
8 37 0 8 0.00296140650353 
25 39 0 8 0.00295863323022 
12 38 0 8 0.00295730632226 
16 52 0 8 0.00295547501007 
23 42 0 8 0.00295370734078 
5 47 0 8 0.00294443443013 
9 44 0 8 0.00294179805621 
20 35 0 8 0.00294129102173 
49 66 0 8 0.00292722927706 
46 66 0 8 0.0029206469644 
21 57 0 8 0.00292003887678 
47 61 0 8 0.00291532384147 
21 54 0 8 0.0029142339514 
24 58 0 8 0.00291354672298 
42 64 0 8 0.00291271895354 
13 38 0 8 0.00290828515727 
51 67 0 8 0.00289599366749 
16 66 0 8 0.00288522751418 
8 30 0 8 0.00287388882463 
11 32 0 8 0.00285935402825 
35 60 0 8 0.00285608713048 
42 55 0 8 0.00285214169143 
39 62 0 8 0.00284553634306 
16 61 0 8 0.00284521583227 
43 64 0 8 0.00281421451827 
25 59 0 8 0.00280816226359 
17 35 0 8 0.00280009257664 
8 38 0 8 0.00279885355496 
16 62 0 8 0.00279849028789 
27 39 0 8 0.00279058253203 
12 30 0 8 0.00278819456075 
9 43 0 8 0.00277605867756 
16 45 0 8 0.00277346582685 
4 29 0 8 0.00276735480445 
39 56 0 8 0.00276726045228 
6 47 0 8 0.00276225777396 
52 66 0 8 0.00276048302665 
21 59 0 8 0.00275483616786 
39 63 0 8 0.00275248121154 
24 54 0 8 0.00275022073942 
9 39 0 8 0.00274856908881 
15 63 0 8 0.00274513147002 
22 52 0 8 0.00273852262862 
5 41 0 8 0.00273630301162 
22 65 0 8 0.00273221524015 
45 66 0 8 0.00272065446413 
14 42 0 8 0.00272007188023 
51 69 0 8 0.00271940809772 
2 14 0 8 0.00271721691454 
43 70 0 8 0.00271586426536 
39 57 0 8 0.00271029892044 
5 34 0 8 0.00270491780917 
5 43 0 8 0.00270469254821 
19 61 0 8 0.00270366811945 
43 61 0 8 0.00270006434935 
19 52 0 8 0.00269989612621 
13 41 0 8 0.00268966571635 
25 62 0 8 0.00268843254586 
5 33 0 8 0.00268746367594 
24 55 0 8 0.00268214304656 
19 55 0 8 0.00266867177926 
46 69 0 8 0.00266558802429 
40 63 0 8 0.0026619893565 
6 36 0 8 0.00265731190191 
21 43 0 8 0.0026570665808 
12 51 0 8 0.0026481493926 
21 58 0 8 0.00264112984634 
35 51 0 8 0.00263380316156 
38 61 0 8 0.00262616285147 
4 38 0 8 0.00262209746871 
10 42 0 8 0.00262076977582 
25 56 0 8 0.0026200813924 
42 59 0 8 0.00261499947662 
25 38 0 8 0.00261463623732 
7 33 0 8 0.00261387575709 
44 67 0 8 0.00261229767402 
5 45 0 8 0.00260920912317 
16 38 0 8 0.00260689357396 
15 62 0 8 0.00260452115534 
42 62 0 8 0.00259970300118 
10 38 0 8 0.00259402956748 
25 58 0 8 0.00258647695563 
18 55 0 8 0.00258638486151 
18 51 0 8 0.00257958207301 
22 42 0 8 0.00256607001122 
23 48 0 8 0.00256529111392 
31 68 0 8 0.00256149962946 
44 63 0 8 0.00256132080504 
23 35 0 8 0.00255612458461 
3 33 0 8 0.00255341090242 
20 55 0 8 0.00254093229691 
22 50 0 8 0.00253753609737 
39 53 0 8 0.00253380818905 
16 50 0 8 0.00253136217163 
19 54 0 8 0.00253048682531 
5 46 0 8 0.00252750087142 
54 67 0 8 0.00252741378176 
3 40 0 8 0.00252652617373 
49 71 0 8 0.00252514200822 
2 18 0 8 0.00252487616023 
13 55 0 8 0.0025193747756 
19 48 0 8 0.00251079626473 
17 33 0 8 0.0024938951298 
6 44 0 8 0.00249333401958 
12 33 0 8 0.00249268948149 
23 46 0 8 0.00248693012232 
18 66 0 8 0.00248404267253 
25 57 0 8 0.00248245041384 
19 43 0 8 0.00248093700932 
31 65 0 8 0.00247942420434 
5 66 0 8 0.00247770244548 
24 65 0 8 0.00247103236614 
20 56 0 8 0.00246747336357 
16 65 0 8 0.00246617970577 
23 43 0 8 0.00246299315773 
41 68 0 8 0.002450118039 
48 69 0 8 0.00244669476148 
8 47 0 8 0.00244416970315 
20 33 0 8 0.00244089753705 
7 34 0 8 0.0024364316236 
9 32 0 8 0.00243328216961 
13 52 0 8 0.00243278597095 
6 66 0 8 0.00243230574944 
19 34 0 8 0.00242914968337 
38 59 0 8 0.00242627805252 
37 65 0 8 0.00242463936291 
11 36 0 8 0.00242297769768 
27 44 0 8 0.00242235141378 
1 18 0 8 0.00242096827472 
9 50 0 8 0.00241936975445 
8 24 0 8 0.00241754378895 
36 55 0 8 0.00241735298065 
28 58 0 8 0.00241662953165 
18 31 0 8 0.00241490351859 
6 41 0 8 0.00241164561359 
13 30 0 8 0.0024112440997 
12 53 0 8 0.00240830380547 
18 30 0 8 0.00240519902951 
6 67 0 8 0.00239846846319 
38 67 0 8 0.00239769551206 
11 29 0 8 0.00239283401509 
6 38 0 8 0.00239143737948 
48 61 0 8 0.00238818798471 
52 69 0 8 0.00238729702045 
21 34 0 8 0.00238534597 
14 40 0 8 0.00238479405042 
28 44 0 8 0.00238287520028 
15 55 0 8 0.00237444304335 
41 64 0 8 0.00237280062352 
19 42 0 8 0.00236921903923 
22 40 0 8 0.00236442113028 
36 67 0 8 0.00236119226219 
4 32 0 8 0.00235940018024 
17 66 0 8 0.00235222511881 
24 36 0 8 0.00234898792919 
58 72 0 8 0.00234759140747 
3 29 0 8 0.00234179629883 
23 44 0 8 0.00233150701513 
26 57 0 8 0.00232621241368 
34 54 0 8 0.00232342153207 
19 44 0 8 0.00232244219821 
13 59 0 8 0.00232044311845 
28 52 0 8 0.00230873327642 
31 50 0 8 0.00230845519159 
11 62 0 8 0.00230546283143 
32 66 0 8 0.00230530996704 
36 72 0 8 0.00230460224033 
53 68 0 8 0.00229794967377 
42 70 0 8 0.0022962557812 
7 26 0 8 0.00228406518615 
36 57 0 8 0.0022821380658 
18 49 0 8 0.00227703191937 
27 47 0 8 0.00227613406846 
17 40 0 8 0.00227411053214 
15 52 0 8 0.00227310548968 
18 34 0 8 0.00227091183365 
17 44 0 8 0.00227060400987 
1 34 0 8 0.00226861423005 
20 68 0 8 0.00226419922011 
28 45 0 8 0.0022639325065 
32 48 0 8 0.00226279797893 
1 14 0 8 0.00226032797522 
39 54 0 8 0.00225542253925 
25 41 0 8 0.00225486630267 
23 37 0 8 0.00225389169386 
20 67 0 8 0.00224732878125 
14 27 0 8 0.00224120989391 
57 72 0 8 0.00224001314966 
26 52 0 8 0.00223741345266 
1 66 0 8 0.00223619520066 
6 65 0 8 0.00223524056468 
10 61 0 8 0.00223519482212 
9 24 0 8 0.00222810902723 
42 54 0 8 0.00222744430265 
3 44 0 8 0.00222500445754 
2 32 0 8 0.00222120100714 
8 62 0 8 0.00221543816027 
2 29 0 8 0.00221293012655 
20 41 0 8 0.00220633346414 
48 71 0 8 0.00220371801934 
47 71 0 8 0.00220165966243 
11 66 0 8 0.00218947949632 
8 65 0 8 0.00218763124878 
9 52 0 8 0.00217968288397 
6 22 0 8 0.00216937175968 
31 46 0 8 0.00216249080626 
12 24 0 8 0.0021615378975 
1 29 0 8 0.00215979802332 
1 37 0 8 0.0021596195381 
7 46 0 8 0.00215722166095 
11 43 0 8 0.00215141745859 
19 32 0 8 0.00215119469631 
14 47 0 8 0.00214694675824 
11 49 0 8 0.00214310729749 
29 43 0 8 0.00214294656306 
33 70 0 8 0.00214186754105 
6 50 0 8 0.00214114517066 
49 61 0 8 0.00214047287903 
32 44 0 8 0.00213996403217 
6 18 0 8 0.00212249562553 
2 24 0 8 0.00212107694715 
30 69 0 8 0.00211157957404 
21 69 0 8 0.00210478874814 
1 22 0 8 0.00209499522805 
3 66 0 8 0.00208234670314 
55 68 0 8 0.00207788610549 
59 72 0 8 0.00206050817188 
1 32 0 8 0.00204833629577 
39 72 0 8 0.00204384268659 
7 54 0 8 0.00202824097855 
31 56 0 8 0.00202811057248 
1 48 0 8 0.00201914770234 
30 44 0 8 0.00201699954189 
29 42 0 8 0.00201676388112 
3 27 0 8 0.0019825633949 
1 43 0 8 0.00196208263756 
17 70 0 8 0.00195367234046 
30 51 0 8 0.00195312642303 
29 66 0 8 0.00192902749206 
56 72 0 8 0.00191393950557 
4 54 0 8 0.00189327601906 
31 72 0 8 0.00186923625183 
36 50 0 8 0.00182707390528 
7 19 0 8 0.00181318906985 
7 70 0 8 0.0017705925341 
3 70 0 8 0.00176189670511 
41 53 0 8 0.00175109337852 
18 71 0 8 0.00174846863716 
2 51 0 8 0.0017232075008 
6 57 0 8 0.00170164771774 
14 72 0 8 0.00168752751339 
