83 95 0 8 0.00377392201217 
82 95 0 8 0.003768227569 
81 96 0 8 0.00373596057846 
82 96 0 8 0.00373554573982 
81 97 0 8 0.00365909328648 
7 20 0 8 0.00362567990776 
83 96 0 8 0.00353766660771 
83 97 0 8 0.00346024893457 
82 94 0 8 0.0034488073591 
71 85 0 8 0.00344644846517 
5 21 0 8 0.00341228778534 
72 86 0 8 0.00335590699709 
70 88 0 8 0.00331371813566 
7 19 0 8 0.00323031266449 
6 21 0 8 0.00311203302823 
70 86 0 8 0.00309272383474 
71 87 0 8 0.00308193979403 
71 86 0 8 0.00306735605817 
6 20 0 8 0.00306719997592 
72 85 0 8 0.00306635013934 
82 97 0 8 0.00302361239574 
70 87 0 8 0.00299152929262 
73 85 0 8 0.00295216538479 
16 29 0 8 0.0029238259964 
7 21 0 8 0.00287086313578 
15 29 0 8 0.00281742586912 
83 100 0 8 0.00276178820272 
81 98 0 8 0.00274349421845 
79 96 0 8 0.00267429920535 
8 20 0 8 0.00266185183684 
4 20 0 8 0.00264004605979 
42 72 0 8 0.00263974044404 
73 86 0 8 0.0026345367227 
14 30 0 8 0.00263128512029 
15 30 0 8 0.00262905520979 
8 41 0 8 0.00262510112676 
8 23 0 8 0.0026246070096 
93 107 0 8 0.00262415216626 
71 88 0 8 0.00260951813837 
15 28 0 8 0.00259104812784 
93 110 0 8 0.00257619485285 
87 110 0 8 0.00257343777358 
69 88 0 8 0.00256395264112 
39 57 0 8 0.00254076087191 
95 110 0 8 0.00250753653454 
10 40 0 8 0.00247609912676 
16 30 0 8 0.00246934344228 
16 28 0 8 0.00246713730413 
39 70 0 8 0.00245897386638 
41 53 0 8 0.00244899834837 
74 86 0 8 0.00243344298127 
15 31 0 8 0.00237520055653 
16 34 0 8 0.00236507382703 
87 107 0 8 0.00234319305201 
68 87 0 8 0.00233355351732 
69 86 0 8 0.00232395194622 
69 87 0 8 0.00232315626625 
41 71 0 8 0.00232253637415 
85 104 0 8 0.00230696335026 
85 110 0 8 0.00230635602653 
71 113 0 8 0.00229728149662 
8 21 0 8 0.00229305032397 
72 87 0 8 0.0022870125465 
73 114 0 8 0.00228446244239 
9 40 0 8 0.00228161126903 
17 29 0 8 0.00226512142483 
85 107 0 8 0.00225781620282 
40 57 0 8 0.00225609983884 
9 41 0 8 0.00224940098431 
14 31 0 8 0.00223532068424 
8 57 0 8 0.00222792700832 
11 40 0 8 0.00222404251898 
67 88 0 8 0.00222225084623 
68 88 0 8 0.0022148133211 
5 58 0 8 0.00220608529609 
72 84 0 8 0.0021980162118 
42 73 0 8 0.00219715835576 
9 38 0 8 0.00219580241597 
6 19 0 8 0.0021909475803 
16 31 0 8 0.00218563755805 
40 71 0 8 0.00218467527375 
18 38 0 8 0.00217899399595 
5 20 0 8 0.00217120947737 
85 114 0 8 0.00216667934934 
42 71 0 8 0.00216395114648 
76 94 0 8 0.00215210322259 
19 54 0 8 0.00213763589253 
85 113 0 8 0.00212907506423 
38 54 0 8 0.00212435253866 
8 39 0 8 0.00212216257265 
40 70 0 8 0.00212076927681 
80 97 0 8 0.00211995851888 
91 107 0 8 0.00211889950118 
10 39 0 8 0.00211076845494 
39 71 0 8 0.00208634124795 
8 54 0 8 0.00208438583469 
71 84 0 8 0.00208039544848 
53 71 0 8 0.00206822859576 
14 32 0 8 0.00206497367473 
42 70 0 8 0.00204394644554 
16 35 0 8 0.00204061370014 
7 26 0 8 0.00203871875841 
71 83 0 8 0.0020366707216 
43 73 0 8 0.00203609156329 
73 113 0 8 0.0020283625222 
91 106 0 8 0.00202678602974 
9 42 0 8 0.00200717063561 
70 89 0 8 0.00200472133264 
57 71 0 8 0.00200128346801 
95 107 0 8 0.00198408174608 
6 18 0 8 0.00197696754093 
71 110 0 8 0.00197208061067 
6 23 0 8 0.00196728784353 
74 92 0 8 0.00196633962132 
64 112 0 8 0.00196542898629 
9 35 0 8 0.00196342776803 
60 104 0 8 0.00195688063929 
14 35 0 8 0.00195458386045 
83 103 0 8 0.00193918704871 
10 42 0 8 0.00193247130059 
68 113 0 8 0.00193134293156 
69 89 0 8 0.00192941638312 
53 95 0 8 0.00192825355378 
41 73 0 8 0.00192395337766 
87 113 0 8 0.00192214839002 
8 43 0 8 0.00191998053332 
7 42 0 8 0.00191818675105 
64 108 0 8 0.00191601504826 
67 109 0 8 0.00191520517542 
10 25 0 8 0.00191140671971 
16 32 0 8 0.00190428555605 
39 69 0 8 0.00190330812167 
10 41 0 8 0.00190259356516 
7 38 0 8 0.00189731914308 
79 94 0 8 0.00189355795283 
41 57 0 8 0.00189326213226 
15 34 0 8 0.00189189323955 
49 73 0 8 0.00189115489407 
95 114 0 8 0.00189059233728 
7 54 0 8 0.00188252039493 
39 53 0 8 0.00187488678627 
41 54 0 8 0.00187457258393 
39 54 0 8 0.0018729331732 
40 72 0 8 0.00186894516205 
64 109 0 8 0.00186495540126 
15 32 0 8 0.00186264953345 
68 109 0 8 0.0018626190952 
57 109 0 8 0.00186150392613 
44 73 0 8 0.00184707787066 
37 73 0 8 0.00184607697533 
39 113 0 8 0.00184119340701 
83 99 0 8 0.00183591336631 
71 107 0 8 0.00182985278281 
41 72 0 8 0.00182876366284 
68 112 0 8 0.00182832919711 
43 72 0 8 0.00182465769546 
53 73 0 8 0.00181832369734 
85 100 0 8 0.00181576243543 
67 89 0 8 0.00181049214569 
7 23 0 8 0.0018044173647 
38 72 0 8 0.00179583583059 
83 114 0 8 0.00179564737573 
14 33 0 8 0.00179514078656 
40 111 0 8 0.0017907051835 
68 89 0 8 0.00179026756062 
21 55 0 8 0.0017901717246 
32 47 0 8 0.00178604617371 
61 105 0 8 0.00178534755137 
8 91 0 8 0.0017831547895 
14 36 0 8 0.00177381800258 
9 39 0 8 0.00177291586252 
39 68 0 8 0.00177117038456 
41 114 0 8 0.00177012910283 
12 32 0 8 0.0017650046653 
17 33 0 8 0.00176416036733 
38 58 0 8 0.00176247825709 
7 40 0 8 0.0017595089196 
7 41 0 8 0.00175857700132 
8 87 0 8 0.00175519733918 
8 40 0 8 0.00175034321106 
18 30 0 8 0.00175005015549 
93 106 0 8 0.00174841561351 
21 58 0 8 0.00174809432577 
42 111 0 8 0.0017473476028 
14 34 0 8 0.00174634182985 
17 30 0 8 0.00174586519616 
87 109 0 8 0.00173963282942 
26 96 0 8 0.00173931724738 
72 113 0 8 0.00173468973417 
57 108 0 8 0.00173346331184 
10 83 0 8 0.00173116578602 
11 47 0 8 0.0017299128225 
18 35 0 8 0.00172945457117 
9 34 0 8 0.00172270331324 
36 69 0 8 0.00172267663791 
11 38 0 8 0.0017140003048 
65 109 0 8 0.00170835519348 
70 90 0 8 0.0017079973434 
40 109 0 8 0.00170790105352 
72 88 0 8 0.00170765677494 
57 93 0 8 0.00170597701212 
71 114 0 8 0.0017039117773 
95 111 0 8 0.00170290829654 
67 112 0 8 0.00170290095379 
9 37 0 8 0.00170265958092 
7 39 0 8 0.00170096112414 
57 91 0 8 0.00169415025827 
8 44 0 8 0.00169093563311 
44 94 0 8 0.00168956780015 
40 53 0 8 0.00168910019469 
91 109 0 8 0.00168838708988 
78 95 0 8 0.00168825446802 
45 77 0 8 0.00168611358339 
9 65 0 8 0.00168373321903 
40 68 0 8 0.0016813362404 
6 38 0 8 0.0016799865406 
11 39 0 8 0.00167658007575 
38 57 0 8 0.00167615648294 
60 110 0 8 0.00167283056331 
11 50 0 8 0.00167157066235 
40 54 0 8 0.00166423878188 
10 50 0 8 0.00166155547632 
40 113 0 8 0.0016597729541 
18 31 0 8 0.00165825510779 
11 33 0 8 0.00165787636038 
65 87 0 8 0.00165351956297 
78 94 0 8 0.00165195411026 
18 34 0 8 0.00164663465109 
9 50 0 8 0.00164662914179 
8 42 0 8 0.00164294188163 
73 110 0 8 0.00164246324036 
11 61 0 8 0.0016417030511 
4 24 0 8 0.00163972172343 
87 114 0 8 0.00163370347692 
66 109 0 8 0.001633016858 
67 87 0 8 0.0016304907359 
68 86 0 8 0.0016296395855 
76 96 0 8 0.00162857705391 
37 69 0 8 0.00162814562724 
40 69 0 8 0.00162371953927 
63 108 0 8 0.00162330444832 
7 93 0 8 0.00162140387508 
40 114 0 8 0.0016201894902 
56 108 0 8 0.00161973699169 
75 97 0 8 0.0016182945915 
39 92 0 8 0.00161545777169 
6 78 0 8 0.00161337957482 
64 111 0 8 0.00161276919027 
64 113 0 8 0.0016123581741 
38 68 0 8 0.00161206307504 
18 36 0 8 0.00161073847054 
8 26 0 8 0.00161011509962 
36 65 0 8 0.00160975221999 
53 93 0 8 0.00160931170581 
73 100 0 8 0.00160856761291 
56 109 0 8 0.00160846888882 
56 101 0 8 0.00160798103099 
64 89 0 8 0.00160796435358 
11 62 0 8 0.00160751695414 
41 110 0 8 0.00160620986426 
13 34 0 8 0.00160469144361 
93 109 0 8 0.00160127643918 
68 110 0 8 0.00160099600256 
37 65 0 8 0.00159957280423 
6 57 0 8 0.00159808189009 
42 74 0 8 0.00159798455673 
68 107 0 8 0.00159623844367 
39 58 0 8 0.00159603132596 
68 108 0 8 0.00159564512457 
11 42 0 8 0.0015952195924 
65 112 0 8 0.00159176133155 
53 108 0 8 0.00158507536838 
10 51 0 8 0.00158372694371 
10 47 0 8 0.00158350404105 
15 27 0 8 0.00158159163537 
8 50 0 8 0.00157972817718 
9 54 0 8 0.00157899544242 
44 72 0 8 0.00157715320145 
8 58 0 8 0.00157543416144 
9 89 0 8 0.00157191320274 
7 37 0 8 0.00157150627338 
12 37 0 8 0.00157026236234 
57 112 0 8 0.00156415240959 
90 107 0 8 0.00155823545315 
41 113 0 8 0.00155599380463 
7 50 0 8 0.00155586144357 
54 71 0 8 0.00155529574725 
45 80 0 8 0.0015523314264 
40 112 0 8 0.00154641591012 
33 66 0 8 0.0015462030681 
71 109 0 8 0.00154474190172 
8 93 0 8 0.00154438755145 
67 108 0 8 0.00154438424983 
67 111 0 8 0.0015438857876 
85 109 0 8 0.00154298339998 
60 108 0 8 0.00154111526722 
39 114 0 8 0.00154098752449 
9 91 0 8 0.00154069607083 
23 58 0 8 0.00153836729497 
7 58 0 8 0.00153559488699 
56 112 0 8 0.00153383094605 
50 95 0 8 0.00153343271553 
37 66 0 8 0.00152672621959 
39 65 0 8 0.00152644219467 
64 107 0 8 0.00152570566681 
11 65 0 8 0.00152561717774 
40 92 0 8 0.00152553232646 
65 91 0 8 0.00152508163826 
57 107 0 8 0.00152451307833 
41 93 0 8 0.00152198415267 
8 85 0 8 0.00152178924648 
7 43 0 8 0.00151615415279 
69 113 0 8 0.00151564760613 
11 51 0 8 0.00151531346914 
13 39 0 8 0.00150967789441 
71 103 0 8 0.00150948545916 
38 65 0 8 0.00150732537253 
60 107 0 8 0.00150640833985 
8 36 0 8 0.00150396879678 
10 80 0 8 0.00150373384352 
12 47 0 8 0.00150263528953 
12 40 0 8 0.00150056756235 
17 54 0 8 0.00150034040699 
40 91 0 8 0.00149968740155 
16 36 0 8 0.00149860801207 
57 89 0 8 0.00149735329033 
49 93 0 8 0.00149629245965 
100 114 0 8 0.00149526385459 
7 92 0 8 0.00149519421607 
23 54 0 8 0.00149519082185 
34 50 0 8 0.00149505412757 
6 54 0 8 0.00149471510088 
26 95 0 8 0.00149234043817 
46 77 0 8 0.00149198535587 
40 66 0 8 0.00149119836288 
10 97 0 8 0.00149033629475 
18 37 0 8 0.00148935441811 
23 41 0 8 0.00148933501085 
39 56 0 8 0.00148926575196 
8 99 0 8 0.00148905853888 
26 38 0 8 0.00148876295288 
38 73 0 8 0.00148733526101 
19 51 0 8 0.00148722050868 
16 40 0 8 0.00148542987903 
11 80 0 8 0.00148358117204 
43 91 0 8 0.00148294988476 
40 56 0 8 0.00148105971923 
66 110 0 8 0.00147913419184 
6 39 0 8 0.00147874678814 
68 91 0 8 0.00147777456844 
91 113 0 8 0.00147775318221 
19 57 0 8 0.00147735124276 
5 38 0 8 0.00147726622949 
38 61 0 8 0.00147682280066 
11 32 0 8 0.0014706629885 
60 112 0 8 0.00146930095593 
67 85 0 8 0.00146851225103 
39 112 0 8 0.00146709540225 
37 72 0 8 0.00146647214292 
19 50 0 8 0.0014660251628 
44 71 0 8 0.00146492016352 
46 80 0 8 0.00146256702156 
12 27 0 8 0.00146208952301 
43 74 0 8 0.00146186865593 
7 51 0 8 0.0014588119466 
20 38 0 8 0.00145802717871 
83 110 0 8 0.00145780569549 
6 44 0 8 0.00145774769689 
32 46 0 8 0.00145770100285 
37 70 0 8 0.00145693304396 
31 46 0 8 0.00145659542575 
8 55 0 8 0.00145527843649 
36 64 0 8 0.00145366936616 
9 96 0 8 0.0014532605159 
10 95 0 8 0.00145048272106 
44 91 0 8 0.00145025134672 
64 114 0 8 0.00144688212719 
19 58 0 8 0.00144666810846 
57 113 0 8 0.00144557650316 
37 58 0 8 0.0014453383248 
8 68 0 8 0.00144508036131 
75 100 0 8 0.00143856577654 
23 55 0 8 0.00143702600702 
35 58 0 8 0.00143702483211 
57 110 0 8 0.0014366350321 
9 80 0 8 0.00143528562738 
26 100 0 8 0.00143391638379 
70 109 0 8 0.00143330582538 
39 110 0 8 0.00143247940416 
60 109 0 8 0.00143187769787 
56 113 0 8 0.00143028580313 
5 55 0 8 0.00143016580414 
6 26 0 8 0.00142982289083 
29 45 0 8 0.00142839792988 
33 47 0 8 0.00142600475876 
20 106 0 8 0.00142482821378 
53 112 0 8 0.00142268205771 
39 55 0 8 0.00142174335845 
44 95 0 8 0.00142029081467 
70 113 0 8 0.00142009965152 
32 68 0 8 0.00141951459972 
5 37 0 8 0.00141805363692 
11 57 0 8 0.00141732777666 
68 114 0 8 0.0014168333703 
57 87 0 8 0.0014147775426 
43 95 0 8 0.00141386586776 
33 51 0 8 0.00141325382404 
56 107 0 8 0.00141119828877 
53 104 0 8 0.00140988249621 
41 94 0 8 0.00140971844549 
11 54 0 8 0.00140336417443 
33 45 0 8 0.00140293722918 
47 77 0 8 0.00140108881492 
66 113 0 8 0.00139875225513 
5 59 0 8 0.00139789397364 
11 60 0 8 0.00139686575696 
36 57 0 8 0.00139663016452 
22 55 0 8 0.00139609699542 
12 51 0 8 0.0013938748317 
44 93 0 8 0.00139358474542 
40 60 0 8 0.00139239163968 
42 109 0 8 0.001390264136 
32 51 0 8 0.00138794176799 
9 98 0 8 0.00138783109203 
66 112 0 8 0.00138499217746 
8 94 0 8 0.00138469664863 
44 113 0 8 0.0013841093584 
23 51 0 8 0.00138354987537 
7 45 0 8 0.00138336057448 
11 46 0 8 0.0013832543093 
20 54 0 8 0.00138140941794 
11 29 0 8 0.00138105428072 
54 91 0 8 0.00138060982229 
9 112 0 8 0.00137963891915 
41 90 0 8 0.00137931429695 
53 87 0 8 0.00137901393499 
53 113 0 8 0.00137836999997 
8 69 0 8 0.00137792612151 
6 79 0 8 0.00137671108568 
14 45 0 8 0.00137562418148 
9 104 0 8 0.00137542896431 
16 39 0 8 0.00137404646664 
38 60 0 8 0.00137242806032 
18 106 0 8 0.00137102475901 
7 65 0 8 0.001369316436 
39 60 0 8 0.00136774284013 
71 112 0 8 0.00136449945733 
26 82 0 8 0.00136414032538 
54 90 0 8 0.00136382946946 
53 68 0 8 0.00136203335611 
14 47 0 8 0.00136034989119 
11 96 0 8 0.00135797408374 
73 103 0 8 0.00135419854841 
38 92 0 8 0.00135201609093 
25 38 0 8 0.001351152734 
65 105 0 8 0.00134935594405 
25 39 0 8 0.00134885313424 
97 114 0 8 0.00134824094228 
4 104 0 8 0.00134820124756 
53 97 0 8 0.00134718034612 
31 50 0 8 0.00134685444659 
5 27 0 8 0.00134661652501 
36 67 0 8 0.00134601539007 
30 101 0 8 0.00134573598868 
12 43 0 8 0.0013429694972 
41 108 0 8 0.00134107627278 
25 40 0 8 0.00134023452333 
87 100 0 8 0.00133995351386 
73 97 0 8 0.00133993990504 
74 103 0 8 0.00133372734937 
6 56 0 8 0.00133120939273 
22 41 0 8 0.00133085587578 
11 88 0 8 0.00132504738907 
33 54 0 8 0.00132482166663 
59 102 0 8 0.00132472114552 
37 74 0 8 0.00132197278592 
59 101 0 8 0.00132134504304 
88 112 0 8 0.00132027989828 
11 64 0 8 0.00131733328657 
18 43 0 8 0.00131588517619 
19 38 0 8 0.00131500818907 
53 111 0 8 0.00131492844889 
78 103 0 8 0.00131489292111 
14 42 0 8 0.00131480105369 
54 109 0 8 0.00131384202123 
37 56 0 8 0.00131338292952 
6 52 0 8 0.00131246235314 
38 76 0 8 0.00131182532121 
44 75 0 8 0.00131056943403 
70 114 0 8 0.00130922130819 
2 22 0 8 0.00130833280424 
33 65 0 8 0.00130629045972 
49 92 0 8 0.00130545157608 
30 45 0 8 0.00130237939977 
26 81 0 8 0.00130136132735 
7 60 0 8 0.00130094056414 
23 50 0 8 0.00129351314025 
61 103 0 8 0.00129349657989 
59 100 0 8 0.00129099952337 
21 47 0 8 0.00128940411401 
42 54 0 8 0.00128855462014 
10 55 0 8 0.0012878936934 
30 103 0 8 0.00128532273055 
72 114 0 8 0.00128300971375 
11 25 0 8 0.00128129309054 
19 109 0 8 0.00128021786912 
35 47 0 8 0.00127911666823 
34 72 0 8 0.0012758475572 
34 89 0 8 0.00127551080604 
50 75 0 8 0.00127534239929 
5 48 0 8 0.00127066751449 
42 115 0 8 0.00126796974405 
42 57 0 8 0.00126650233798 
60 93 0 8 0.00126624336396 
30 115 0 8 0.00126370242649 
44 87 0 8 0.00126290665979 
68 93 0 8 0.00126098952408 
52 105 0 8 0.00126050286912 
32 63 0 8 0.00125823192325 
21 52 0 8 0.00125601627115 
32 70 0 8 0.00125344788202 
23 42 0 8 0.00125103554978 
2 19 0 8 0.00124860725725 
58 108 0 8 0.00124714053921 
54 100 0 8 0.00124518476714 
7 32 0 8 0.00124442552372 
49 80 0 8 0.00124269490096 
56 114 0 8 0.00123932022689 
4 107 0 8 0.00123593304591 
49 81 0 8 0.00123556302403 
43 112 0 8 0.00123519763834 
24 93 0 8 0.00123411993296 
16 42 0 8 0.00123375573689 
33 55 0 8 0.00122764639108 
54 107 0 8 0.00122673798432 
39 86 0 8 0.00122300697158 
28 109 0 8 0.00122226012927 
60 87 0 8 0.00121555829367 
1 51 0 8 0.00121426696855 
72 92 0 8 0.00121309952701 
18 57 0 8 0.00121174632524 
6 106 0 8 0.00121169222098 
30 66 0 8 0.00121121683176 
31 62 0 8 0.00120791908238 
43 80 0 8 0.00120782501088 
92 115 0 8 0.00120711003859 
15 51 0 8 0.00120208567085 
13 105 0 8 0.0012000359706 
62 102 0 8 0.0011983931189 
5 49 0 8 0.00118658568697 
17 47 0 8 0.0011858512473 
6 72 0 8 0.00117985559133 
53 85 0 8 0.0011784255098 
53 65 0 8 0.001178032308 
31 55 0 8 0.00117499877669 
27 45 0 8 0.00117328544089 
89 116 0 8 0.0011732188098 
37 117 0 8 0.00117206812806 
60 99 0 8 0.00116925629914 
60 91 0 8 0.00116734479709 
3 85 0 8 0.00116626943368 
16 57 0 8 0.00116504393709 
4 78 0 8 0.0011648584966 
40 84 0 8 0.00116148768227 
39 106 0 8 0.00114802280634 
6 67 0 8 0.00114639667221 
13 77 0 8 0.00114578426765 
1 40 0 8 0.00114015697093 
2 52 0 8 0.00113832688075 
1 55 0 8 0.00113642138933 
15 90 0 8 0.00113315597761 
32 93 0 8 0.00113070081917 
21 93 0 8 0.00111221872193 
48 102 0 8 0.0011051770496 
55 102 0 8 0.00110486588425 
61 83 0 8 0.00110041845137 
26 118 0 8 0.00109483908021 
1 53 0 8 0.00109286094095 
26 60 0 8 0.0010909109148 
22 45 0 8 0.00108114255314 
63 98 0 8 0.00107258000956 
3 34 0 8 0.00106715445615 
1 63 0 8 0.00106385516351 
1 42 0 8 0.00105390178084 
22 66 0 8 0.00104269388814 
79 109 0 8 0.00103936297538 
44 100 0 8 0.0010320815972 
19 69 0 8 0.00102936828004 
1 65 0 8 0.0010047169726 
48 117 0 8 0.0010044620291 
2 14 0 8 0.000998337768864 
1 34 0 8 0.000979900962133 
25 74 0 8 0.00097640791582 
47 62 0 8 0.000969615750092 
1 116 0 8 0.000823095409611 
