11 24 0 8 0.00529517219271 
12 25 0 8 0.00514026459311 
39 51 0 8 0.00485142678924 
39 52 0 8 0.0048510440699 
12 24 0 8 0.00483229359381 
38 51 0 8 0.00479598948667 
10 24 0 8 0.00467770277912 
11 23 0 8 0.0046557164252 
28 40 0 8 0.00454615020284 
11 25 0 8 0.00449742414027 
25 43 0 8 0.00432848660022 
10 25 0 8 0.00430608802491 
38 50 0 8 0.00423399195803 
25 42 0 8 0.00418844209447 
28 42 0 8 0.00414168800573 
39 55 0 8 0.0041244573501 
12 28 0 8 0.00408780460117 
27 40 0 8 0.00408322199323 
27 44 0 8 0.00403978984653 
28 41 0 8 0.00403602146464 
26 42 0 8 0.00392361759784 
16 30 0 8 0.00392157371776 
11 27 0 8 0.00390579359461 
27 42 0 8 0.00383609689901 
23 43 0 8 0.00379376652176 
25 41 0 8 0.00379145944448 
23 44 0 8 0.00377200345396 
25 44 0 8 0.00376514450934 
37 52 0 8 0.00374456205398 
11 26 0 8 0.00369526290562 
14 41 0 8 0.00369430563354 
41 60 0 8 0.00367705383087 
12 26 0 8 0.00364303263115 
12 27 0 8 0.0036421834472 
27 41 0 8 0.00360944043121 
29 42 0 8 0.00355942702322 
28 43 0 8 0.00355405941409 
43 60 0 8 0.00352995192592 
30 63 0 8 0.00351080176577 
38 52 0 8 0.00344850873684 
26 44 0 8 0.00344538114494 
21 43 0 8 0.00344444104475 
31 61 0 8 0.00341345467728 
5 42 0 8 0.00340879156659 
27 39 0 8 0.0033989141528 
10 26 0 8 0.00338484249756 
41 58 0 8 0.00337329679676 
14 59 0 8 0.00336971495195 
30 61 0 8 0.00332764820879 
23 42 0 8 0.00332274362325 
36 52 0 8 0.00332147323475 
5 28 0 8 0.003316616006 
12 41 0 8 0.00331092852464 
10 27 0 8 0.00330907685265 
12 43 0 8 0.00330587757732 
26 40 0 8 0.00328724480081 
22 43 0 8 0.00325835336992 
9 24 0 8 0.00323846105196 
14 28 0 8 0.00321454462433 
5 29 0 8 0.00321413359632 
29 61 0 8 0.00320490014039 
36 51 0 8 0.0032041372029 
12 42 0 8 0.00320215298504 
24 44 0 8 0.00319793724679 
26 45 0 8 0.00319661689948 
43 63 0 8 0.00318991928063 
26 41 0 8 0.00317930641924 
39 54 0 8 0.00316774468487 
23 41 0 8 0.00316704350299 
16 40 0 8 0.00316664431022 
26 43 0 8 0.00313362468937 
43 62 0 8 0.00311529064793 
16 31 0 8 0.00311253472048 
13 25 0 8 0.0031092769423 
32 63 0 8 0.00310331816709 
30 62 0 8 0.0031019900719 
23 61 0 8 0.00309964276798 
7 25 0 8 0.00309841190573 
12 62 0 8 0.0030884161989 
29 45 0 8 0.00308710501976 
5 60 0 8 0.0030640752084 
16 32 0 8 0.00305858401984 
11 28 0 8 0.00305511399884 
14 30 0 8 0.00305452889732 
37 51 0 8 0.00304434622374 
42 60 0 8 0.00304366498944 
28 61 0 8 0.00304326594731 
14 40 0 8 0.00303895282084 
31 62 0 8 0.00303345062977 
24 42 0 8 0.00303016232399 
5 59 0 8 0.00301886486827 
14 43 0 8 0.00301424851188 
5 25 0 8 0.0030098100319 
31 63 0 8 0.00299551984279 
27 43 0 8 0.0029950807572 
41 61 0 8 0.0029949488038 
16 61 0 8 0.00299232223366 
21 41 0 8 0.00298467977489 
5 58 0 8 0.00297551868218 
24 43 0 8 0.00297351862969 
5 43 0 8 0.00297105493364 
24 45 0 8 0.0029704826508 
14 60 0 8 0.00296076952506 
31 64 0 8 0.00295629370493 
5 61 0 8 0.00295409776759 
28 62 0 8 0.00294978688291 
29 62 0 8 0.00293997179576 
6 28 0 8 0.00293422110441 
32 62 0 8 0.00293417167732 
25 45 0 8 0.0029253776301 
43 61 0 8 0.0029223470389 
41 55 0 8 0.00291089448759 
14 63 0 8 0.00291014948094 
10 28 0 8 0.00289506171914 
44 62 0 8 0.00288273431043 
25 39 0 8 0.00286851853166 
5 62 0 8 0.00286273693654 
10 29 0 8 0.00286179104781 
5 40 0 8 0.00283827960331 
30 60 0 8 0.00283545453136 
27 45 0 8 0.00282588569179 
30 64 0 8 0.00281847881507 
29 59 0 8 0.00280683146452 
12 40 0 8 0.00280203253597 
23 63 0 8 0.00279782780809 
29 41 0 8 0.0027972585723 
29 60 0 8 0.00279644481424 
30 42 0 8 0.00279411034954 
21 63 0 8 0.00279233135968 
31 60 0 8 0.00279115933848 
5 41 0 8 0.00278375953064 
55 69 0 8 0.00278333621501 
32 61 0 8 0.00277995430473 
30 58 0 8 0.00277061290082 
5 27 0 8 0.00276775379114 
25 59 0 8 0.00276532601236 
26 46 0 8 0.00276391724414 
28 59 0 8 0.00276190934971 
45 64 0 8 0.002757665684 
25 40 0 8 0.00275250736469 
7 29 0 8 0.00273947384439 
10 61 0 8 0.00273694024771 
12 61 0 8 0.00273629627627 
38 54 0 8 0.00273392717334 
44 61 0 8 0.00272423313637 
42 63 0 8 0.00271911852707 
50 69 0 8 0.0027164689375 
47 60 0 8 0.00271338004855 
5 48 0 8 0.00271229835751 
14 29 0 8 0.00270169444645 
35 52 0 8 0.00269967674786 
7 42 0 8 0.00269944958382 
7 60 0 8 0.00269550996255 
30 49 0 8 0.00268779340468 
19 32 0 8 0.00268469051361 
6 61 0 8 0.00268149093023 
32 65 0 8 0.00267765678543 
21 44 0 8 0.00267294070252 
31 65 0 8 0.00267231640383 
17 32 0 8 0.00267090819351 
15 61 0 8 0.00266925473077 
41 62 0 8 0.00266842648706 
5 50 0 8 0.00265654789551 
28 48 0 8 0.00263508577983 
21 42 0 8 0.002626877486 
26 47 0 8 0.00262540062175 
15 59 0 8 0.00262522863547 
31 68 0 8 0.00261910104672 
29 58 0 8 0.00261727107757 
37 55 0 8 0.00261649661353 
10 44 0 8 0.0026135981586 
13 28 0 8 0.00260480457187 
27 64 0 8 0.00260395884519 
41 63 0 8 0.00259641122892 
14 48 0 8 0.00259465711737 
33 65 0 8 0.00259423077376 
5 30 0 8 0.00259319307141 
32 60 0 8 0.00257955474403 
29 64 0 8 0.0025779484214 
41 59 0 8 0.00257453452858 
22 61 0 8 0.00257335360955 
28 44 0 8 0.00256738322014 
23 62 0 8 0.00256598998341 
25 62 0 8 0.00256430249683 
7 43 0 8 0.00256159086994 
9 22 0 8 0.00255923693081 
18 32 0 8 0.0025567777456 
27 61 0 8 0.0025556094935 
28 63 0 8 0.00255052289577 
30 55 0 8 0.00254845856549 
34 52 0 8 0.0025350916765 
7 47 0 8 0.00253237963388 
21 65 0 8 0.00252528289466 
29 63 0 8 0.00252244113674 
23 45 0 8 0.00251309304721 
12 39 0 8 0.00251201157999 
34 48 0 8 0.00251130172104 
21 62 0 8 0.00250921575259 
32 64 0 8 0.00250810053441 
21 61 0 8 0.00250707007632 
14 61 0 8 0.00250508618634 
23 59 0 8 0.00250408438828 
7 26 0 8 0.00249632588712 
44 63 0 8 0.00249494314261 
25 60 0 8 0.00248992785512 
25 46 0 8 0.00248943756957 
25 63 0 8 0.00248351678283 
56 69 0 8 0.00248280200036 
5 63 0 8 0.00247705604121 
17 34 0 8 0.00247500024508 
16 43 0 8 0.00247254364262 
27 63 0 8 0.00247029242605 
30 67 0 8 0.00246871862847 
13 61 0 8 0.00246818813486 
22 41 0 8 0.00245803978348 
51 69 0 8 0.00245620631509 
16 63 0 8 0.00245179538433 
43 64 0 8 0.00245158615674 
30 50 0 8 0.00244277321951 
5 65 0 8 0.00243804820974 
27 65 0 8 0.00243750286863 
24 40 0 8 0.00243046952843 
23 40 0 8 0.00243038371421 
43 58 0 8 0.0024290805536 
20 43 0 8 0.00242133690157 
42 64 0 8 0.00241734460528 
16 59 0 8 0.00241655154535 
5 26 0 8 0.00241299809038 
39 60 0 8 0.00240315908183 
7 62 0 8 0.00240088465315 
8 42 0 8 0.00239926458772 
40 68 0 8 0.00239873074361 
30 68 0 8 0.00239811406158 
19 31 0 8 0.00239684344495 
24 61 0 8 0.00239615903209 
25 61 0 8 0.00239575840607 
45 62 0 8 0.00239187552514 
16 34 0 8 0.00239133278304 
17 61 0 8 0.00238989446773 
29 65 0 8 0.00238873618616 
7 59 0 8 0.00238525799443 
14 39 0 8 0.00238209481798 
39 58 0 8 0.00238163974248 
23 65 0 8 0.00237932918372 
27 46 0 8 0.00237737263621 
23 64 0 8 0.00237563520639 
29 67 0 8 0.00236559341375 
5 55 0 8 0.00236016944174 
30 59 0 8 0.0023560349011 
40 61 0 8 0.00235448525799 
27 55 0 8 0.00234780766485 
20 46 0 8 0.00234509642245 
47 61 0 8 0.0023437360451 
8 47 0 8 0.00233701943974 
21 48 0 8 0.00233572381364 
40 64 0 8 0.00232295873499 
36 54 0 8 0.00232222750178 
28 49 0 8 0.00232036166175 
41 54 0 8 0.00231463838139 
28 58 0 8 0.00231292001277 
7 66 0 8 0.00231139852711 
29 49 0 8 0.00231108078545 
48 60 0 8 0.00230199252847 
42 66 0 8 0.00229712747218 
24 47 0 8 0.00229640022191 
5 39 0 8 0.00229416475691 
11 30 0 8 0.00229145951829 
33 49 0 8 0.00228864818419 
12 47 0 8 0.00228717199872 
34 49 0 8 0.00228629271712 
12 48 0 8 0.00228121821233 
31 67 0 8 0.00227981623481 
27 48 0 8 0.00227387094854 
28 55 0 8 0.00227365632321 
39 53 0 8 0.00227198854968 
25 58 0 8 0.00227102510325 
16 38 0 8 0.00226997424905 
19 41 0 8 0.00226949217521 
22 65 0 8 0.00226885529932 
40 63 0 8 0.00226255793077 
57 69 0 8 0.00225531474426 
29 52 0 8 0.00225496655639 
8 50 0 8 0.00224888500789 
14 46 0 8 0.0022487821021 
16 60 0 8 0.00224768977342 
16 62 0 8 0.00224610327536 
16 39 0 8 0.00224592041507 
12 63 0 8 0.0022426730867 
14 47 0 8 0.00224020786926 
15 47 0 8 0.00223976714669 
32 67 0 8 0.00223561997118 
26 64 0 8 0.00223161133112 
39 64 0 8 0.00222987518633 
33 66 0 8 0.00222439475558 
12 55 0 8 0.00222281331967 
27 58 0 8 0.00221956752869 
17 69 0 8 0.00221470829146 
9 48 0 8 0.00221201487575 
18 45 0 8 0.0022099955029 
7 68 0 8 0.00220038951105 
14 36 0 8 0.0021984126778 
21 49 0 8 0.0021979899661 
31 55 0 8 0.00219651740829 
26 68 0 8 0.00219245386806 
30 44 0 8 0.00219242851211 
14 58 0 8 0.00219107050515 
48 61 0 8 0.00218756132686 
27 57 0 8 0.00218314343046 
25 57 0 8 0.00218182162391 
35 66 0 8 0.00217344655086 
17 44 0 8 0.00217094911684 
25 38 0 8 0.00216012723618 
28 50 0 8 0.00215430432216 
5 67 0 8 0.00215149130533 
19 65 0 8 0.00214891633376 
39 63 0 8 0.0021433133932 
31 45 0 8 0.00214270542781 
16 44 0 8 0.00213690706069 
4 66 0 8 0.00212920017081 
12 59 0 8 0.00212644851408 
34 65 0 8 0.00212529079066 
24 66 0 8 0.00212511986749 
5 53 0 8 0.00212296486093 
32 49 0 8 0.00212083300769 
14 49 0 8 0.00211948845963 
34 68 0 8 0.00208957372764 
3 64 0 8 0.00208749245706 
8 37 0 8 0.00208615690747 
36 65 0 8 0.00208592838794 
39 69 0 8 0.00208544282115 
36 69 0 8 0.00206505174815 
30 46 0 8 0.00206211098669 
17 55 0 8 0.00205894825654 
36 49 0 8 0.0020587428704 
34 47 0 8 0.002056040386 
16 68 0 8 0.00204543043298 
28 68 0 8 0.00204255400226 
39 59 0 8 0.00204144559009 
7 69 0 8 0.00203646600025 
24 67 0 8 0.00203640684345 
17 65 0 8 0.00200573345374 
19 49 0 8 0.00200549882365 
11 67 0 8 0.00199917224653 
55 67 0 8 0.00199540247998 
8 69 0 8 0.00199483803278 
26 38 0 8 0.00198805893664 
48 62 0 8 0.00198556566615 
22 67 0 8 0.00198394777601 
2 29 0 8 0.00198292022428 
6 37 0 8 0.00197869542255 
4 55 0 8 0.00192729003281 
3 27 0 8 0.00191588440672 
19 68 0 8 0.00191552263011 
53 66 0 8 0.00191286619406 
6 70 0 8 0.00190217663951 
54 71 0 8 0.00190147421856 
14 50 0 8 0.00187014311289 
3 46 0 8 0.00185550874014 
4 69 0 8 0.00184796065773 
26 70 0 8 0.00184650165677 
16 70 0 8 0.00183191690324 
40 70 0 8 0.00182550540901 
6 22 0 8 0.00177727589605 
17 70 0 8 0.0017669836244 
21 58 0 8 0.00174030294114 
30 72 0 8 0.0015694853842 
46 74 0 8 0.00151944405446 
4 20 0 8 0.00151416478846 
8 74 0 8 0.00143121338407 
2 18 0 8 0.00141027258359 
