42 57 0 8 0.00481502750438 
26 41 0 8 0.00443720829733 
24 63 0 8 0.00426907541487 
22 48 0 8 0.00414502945554 
27 67 0 8 0.00413843436848 
15 51 0 8 0.00363385413283 
3 76 0 8 0.00352508627085 
6 76 0 8 0.00352398668366 
6 75 0 8 0.00349797939168 
5 76 0 8 0.00347742978722 
15 36 0 8 0.00346493738882 
4 78 0 8 0.00345724347874 
3 78 0 8 0.00345420793533 
3 77 0 8 0.00343952379858 
5 75 0 8 0.00342892110207 
4 75 0 8 0.00342172254729 
2 75 0 8 0.00341980892021 
4 76 0 8 0.00340481601049 
2 76 0 8 0.00337275848266 
15 55 0 8 0.00336842487709 
6 77 0 8 0.0033631730041 
6 74 0 8 0.00336045043715 
39 65 0 8 0.00335642073935 
5 78 0 8 0.0033531830047 
5 77 0 8 0.00334363625443 
4 79 0 8 0.00334135429991 
2 78 0 8 0.00333976209573 
2 77 0 8 0.00332617720036 
3 74 0 8 0.00331811083584 
3 75 0 8 0.00331546045453 
4 77 0 8 0.0033121820356 
4 74 0 8 0.00329095730962 
2 79 0 8 0.0032869451015 
5 79 0 8 0.00328107238746 
6 78 0 8 0.0032754440607 
1 76 0 8 0.00326961619727 
5 74 0 8 0.00326419103319 
1 77 0 8 0.00326182035228 
22 45 0 8 0.00325445738681 
19 49 0 8 0.0032512245709 
2 74 0 8 0.00325106731809 
1 79 0 8 0.00324081653882 
42 60 0 8 0.00320964179145 
1 78 0 8 0.00320918903233 
37 60 0 8 0.00319566090676 
26 45 0 8 0.00317756848742 
27 63 0 8 0.00317442033015 
1 75 0 8 0.00316959000491 
6 79 0 8 0.00312178572377 
1 74 0 8 0.00309626410609 
42 56 0 8 0.00308830463741 
2 80 0 8 0.00307839455076 
22 49 0 8 0.00306674957627 
19 61 0 8 0.00304393075437 
50 72 0 8 0.00303313704475 
8 75 0 8 0.00301495393677 
7 74 0 8 0.00299728826862 
42 61 0 8 0.00299395352873 
7 78 0 8 0.00298935620957 
3 79 0 8 0.00298601391304 
5 73 0 8 0.00296545553699 
32 61 0 8 0.00296074107409 
39 57 0 8 0.00295336898971 
35 67 0 8 0.0029490979281 
3 80 0 8 0.00293058235773 
31 60 0 8 0.00292624130992 
39 53 0 8 0.00292490460525 
7 76 0 8 0.00291949814387 
32 60 0 8 0.00291257660806 
7 77 0 8 0.00291075961284 
36 61 0 8 0.00290960909927 
6 73 0 8 0.00290793642212 
1 80 0 8 0.00289079418809 
42 55 0 8 0.00288781419356 
7 73 0 8 0.00288710015157 
2 73 0 8 0.00286727275167 
8 73 0 8 0.00285979362123 
1 73 0 8 0.00285944950427 
42 63 0 8 0.00285919678457 
19 51 0 8 0.0028518051777 
5 80 0 8 0.00282378028718 
4 73 0 8 0.00282346700121 
20 61 0 8 0.00281784648306 
33 61 0 8 0.00280952766059 
15 58 0 8 0.00279971139242 
36 57 0 8 0.00279899832808 
4 80 0 8 0.0027956664115 
35 58 0 8 0.00278697939945 
7 75 0 8 0.00278329979044 
34 60 0 8 0.00277404071231 
34 56 0 8 0.00276875645058 
7 79 0 8 0.00276462709023 
3 73 0 8 0.00275953029658 
13 36 0 8 0.0027375220597 
27 61 0 8 0.00273362908426 
13 55 0 8 0.00273235920955 
36 58 0 8 0.00272017347025 
31 61 0 8 0.0027138819524 
6 80 0 8 0.00271192247706 
41 57 0 8 0.0027028639725 
20 63 0 8 0.00270202795598 
39 61 0 8 0.00270108474149 
9 33 0 8 0.00269950109216 
10 33 0 8 0.00268265358455 
32 57 0 8 0.00267928501809 
18 48 0 8 0.00267524501394 
34 57 0 8 0.00267247301379 
22 44 0 8 0.00266913317603 
32 56 0 8 0.00266661373716 
33 60 0 8 0.00266424013879 
33 57 0 8 0.00265578685494 
26 44 0 8 0.00265429730429 
27 60 0 8 0.0026501787544 
36 55 0 8 0.00263636149447 
8 76 0 8 0.00262521771487 
14 39 0 8 0.00259895682442 
5 72 0 8 0.00259668601686 
6 71 0 8 0.00259625129067 
34 61 0 8 0.00259392966068 
13 51 0 8 0.00259323119263 
26 42 0 8 0.00259207471388 
4 71 0 8 0.00257408743904 
31 57 0 8 0.00257228879042 
15 57 0 8 0.00257210542835 
15 54 0 8 0.0025666603357 
19 57 0 8 0.0025628433039 
19 46 0 8 0.00255980140724 
7 72 0 8 0.00255946590087 
36 53 0 8 0.00255585802742 
36 52 0 8 0.00255543713557 
39 58 0 8 0.00255501509565 
47 72 0 8 0.00255114316208 
32 53 0 8 0.00253900994195 
13 39 0 8 0.00253875152508 
12 34 0 8 0.00253755558939 
12 32 0 8 0.00253357782518 
39 63 0 8 0.00253337754448 
34 63 0 8 0.00252823266121 
2 72 0 8 0.00252651222424 
10 70 0 8 0.0025222839658 
8 79 0 8 0.00251855149304 
40 54 0 8 0.00251124111856 
49 72 0 8 0.00250641045332 
19 54 0 8 0.00250629001191 
38 58 0 8 0.00250573178089 
37 55 0 8 0.00250512233705 
45 72 0 8 0.00250403701227 
23 61 0 8 0.00249868740341 
50 75 0 8 0.0024962408762 
12 55 0 8 0.00249151735012 
37 57 0 8 0.00249097351566 
15 61 0 8 0.00248669632978 
38 60 0 8 0.00248485601881 
34 53 0 8 0.00248412646293 
30 58 0 8 0.00248181700736 
42 66 0 8 0.00248065138306 
47 71 0 8 0.0024803302327 
11 41 0 8 0.00247980347439 
6 72 0 8 0.0024790052625 
53 65 0 8 0.00247809086701 
33 53 0 8 0.00247504918519 
26 49 0 8 0.00247403185557 
3 71 0 8 0.00247205390025 
47 70 0 8 0.00247147095542 
8 77 0 8 0.0024700408668 
21 39 0 8 0.00246758418063 
20 36 0 8 0.00246284203068 
11 40 0 8 0.00245736357284 
8 74 0 8 0.0024567282902 
23 42 0 8 0.00245386265197 
36 65 0 8 0.00245330465524 
13 58 0 8 0.00245321988721 
50 73 0 8 0.00244952431178 
11 70 0 8 0.00244794366953 
9 32 0 8 0.0024473473565 
23 63 0 8 0.0024467042601 
35 55 0 8 0.00244633255326 
5 47 0 8 0.00244472844111 
11 72 0 8 0.00244433360266 
19 53 0 8 0.00244214722278 
19 34 0 8 0.00244174757386 
10 32 0 8 0.00243634894858 
7 35 0 8 0.00243629316912 
12 58 0 8 0.00243567646913 
36 59 0 8 0.00243509671743 
19 66 0 8 0.00243248361026 
42 62 0 8 0.00243232465888 
39 67 0 8 0.0024313679643 
4 47 0 8 0.00243115367729 
32 63 0 8 0.00242731051733 
14 54 0 8 0.00242564549078 
5 71 0 8 0.00242540654663 
4 50 0 8 0.00242493773015 
4 72 0 8 0.00242470472274 
23 49 0 8 0.00242360421073 
50 74 0 8 0.00242179564686 
16 54 0 8 0.00242034635057 
39 54 0 8 0.00241902787925 
11 73 0 8 0.00241612752823 
15 65 0 8 0.00241413753211 
19 65 0 8 0.00241372138732 
42 58 0 8 0.00241176587612 
27 57 0 8 0.00241115694788 
9 34 0 8 0.00240839012806 
33 56 0 8 0.00240050667672 
13 65 0 8 0.0023998957587 
31 56 0 8 0.00239950076947 
12 33 0 8 0.00239793331999 
18 50 0 8 0.00239620680304 
39 55 0 8 0.00239500496804 
37 56 0 8 0.00238723787687 
24 53 0 8 0.0023861689391 
32 65 0 8 0.00238532925095 
27 53 0 8 0.00238514511705 
29 44 0 8 0.00238298502338 
29 41 0 8 0.00238143477973 
21 48 0 8 0.00237438727741 
26 61 0 8 0.00236163299883 
11 43 0 8 0.00236016767148 
24 57 0 8 0.00235963911605 
6 47 0 8 0.00235156503329 
30 54 0 8 0.00235116466069 
19 63 0 8 0.00234971152744 
5 50 0 8 0.00234620687382 
32 46 0 8 0.00234448287426 
15 38 0 8 0.00234418265656 
41 54 0 8 0.00234220286527 
33 54 0 8 0.00234114255257 
15 63 0 8 0.00233986284304 
43 57 0 8 0.00233968329936 
49 61 0 8 0.00233849894877 
34 54 0 8 0.0023338573007 
8 78 0 8 0.00233253025535 
14 35 0 8 0.00233209120063 
20 34 0 8 0.00233133498501 
10 34 0 8 0.00232486762315 
50 78 0 8 0.00232340556905 
24 61 0 8 0.00232271363098 
17 65 0 8 0.00231682936993 
2 71 0 8 0.00231654719593 
25 44 0 8 0.00231598160588 
35 62 0 8 0.00231557282056 
42 59 0 8 0.00231420974078 
9 43 0 8 0.00231246681999 
19 42 0 8 0.00231102844724 
27 46 0 8 0.00231087818494 
29 54 0 8 0.00230976205765 
16 61 0 8 0.0023088310893 
20 32 0 8 0.00230707310386 
22 40 0 8 0.00230509228485 
8 50 0 8 0.00230489063873 
26 53 0 8 0.00230134792092 
20 39 0 8 0.00229781248272 
47 76 0 8 0.00229552543577 
3 50 0 8 0.00229439740567 
18 47 0 8 0.00229313297446 
15 59 0 8 0.00229002589496 
38 67 0 8 0.00228588022029 
38 66 0 8 0.0022837969686 
2 50 0 8 0.00228026283132 
9 27 0 8 0.00226910254981 
45 57 0 8 0.00226574397109 
31 64 0 8 0.00226545164616 
9 23 0 8 0.00226440458096 
28 53 0 8 0.00226361140014 
7 80 0 8 0.00226227372436 
24 62 0 8 0.00226177606061 
18 35 0 8 0.00226094625071 
38 53 0 8 0.00226061865326 
1 72 0 8 0.00225826100808 
19 56 0 8 0.00225756712762 
36 62 0 8 0.00225644455067 
13 63 0 8 0.00225586484281 
45 74 0 8 0.00225484951345 
23 38 0 8 0.00225410845376 
15 34 0 8 0.00224933472227 
23 37 0 8 0.00224785752733 
20 33 0 8 0.00224246160325 
26 38 0 8 0.00224233982313 
19 33 0 8 0.002241606259 
24 59 0 8 0.0022414386371 
16 63 0 8 0.00224121982297 
6 50 0 8 0.00223937477144 
23 59 0 8 0.00223788586974 
37 52 0 8 0.00223574263822 
20 65 0 8 0.00223561941171 
11 69 0 8 0.00222864479305 
15 62 0 8 0.00222790194289 
1 71 0 8 0.00222649264984 
7 50 0 8 0.00222340514472 
50 77 0 8 0.0022219486904 
35 71 0 8 0.00222033721656 
26 63 0 8 0.00221678436188 
24 67 0 8 0.00221506236534 
21 35 0 8 0.00221431235049 
39 70 0 8 0.00221425246622 
45 60 0 8 0.00221361869907 
7 48 0 8 0.0022127517899 
11 71 0 8 0.00221237192401 
17 38 0 8 0.00221010938964 
26 60 0 8 0.00220947153955 
27 65 0 8 0.00220835495612 
21 50 0 8 0.00220042177751 
17 69 0 8 0.00219814173405 
9 39 0 8 0.00219802669003 
8 34 0 8 0.0021864899534 
15 60 0 8 0.00218543311325 
5 28 0 8 0.00217975597349 
10 52 0 8 0.00217864466337 
24 39 0 8 0.00217860799673 
22 69 0 8 0.00217825273728 
21 36 0 8 0.00217462076872 
12 56 0 8 0.00217450661824 
19 32 0 8 0.00217440802922 
20 46 0 8 0.00217147101948 
15 42 0 8 0.00216850097904 
53 69 0 8 0.00216566001162 
51 65 0 8 0.00216041028091 
51 66 0 8 0.00215929935581 
8 30 0 8 0.00215871757124 
24 58 0 8 0.00215533247496 
30 55 0 8 0.0021546833364 
36 66 0 8 0.0021528946796 
24 46 0 8 0.00215230503898 
41 53 0 8 0.00215209798638 
40 53 0 8 0.00214875639015 
22 57 0 8 0.00214694437369 
5 70 0 8 0.00214652606138 
23 52 0 8 0.00214249730915 
9 24 0 8 0.00214227934407 
12 46 0 8 0.00214013038166 
8 26 0 8 0.00213158047264 
37 49 0 8 0.00212336026923 
48 73 0 8 0.00212325903147 
10 55 0 8 0.00212255618403 
17 50 0 8 0.00211704351092 
47 78 0 8 0.00211247405424 
15 64 0 8 0.00211141493837 
19 44 0 8 0.0021101471855 
8 48 0 8 0.00210706260195 
34 51 0 8 0.00210323396769 
15 66 0 8 0.00210008910703 
12 27 0 8 0.0020994441917 
49 68 0 8 0.00209683141317 
12 53 0 8 0.00209567633226 
7 56 0 8 0.00208969326658 
5 45 0 8 0.00208646165585 
31 51 0 8 0.00208455029378 
29 48 0 8 0.00207936594313 
1 50 0 8 0.00207521408623 
54 70 0 8 0.00207181966129 
22 54 0 8 0.00206210869377 
24 55 0 8 0.00205974274904 
17 30 0 8 0.00205789212736 
7 45 0 8 0.00205786924742 
21 69 0 8 0.00205660078353 
4 70 0 8 0.0020562326033 
33 46 0 8 0.00205428278885 
12 66 0 8 0.00205369196348 
8 52 0 8 0.00205008107692 
40 67 0 8 0.00204019439477 
32 68 0 8 0.00203836658091 
13 47 0 8 0.00203511602493 
39 51 0 8 0.00203438477319 
24 51 0 8 0.00203198099613 
40 73 0 8 0.00202307344884 
12 65 0 8 0.00202266591508 
3 48 0 8 0.00202116554879 
6 29 0 8 0.00201246090592 
41 72 0 8 0.00201043076272 
8 80 0 8 0.00199690448622 
34 48 0 8 0.00199645491776 
50 79 0 8 0.00198261085884 
11 61 0 8 0.00197032531403 
21 33 0 8 0.00196836351876 
3 18 0 8 0.00194136855093 
56 70 0 8 0.00193373947176 
49 63 0 8 0.00192898780438 
1 70 0 8 0.00192741986924 
35 74 0 8 0.00191938533034 
8 38 0 8 0.00191810165141 
36 48 0 8 0.00191671543966 
28 40 0 8 0.0019082210622 
17 73 0 8 0.00190631436416 
1 47 0 8 0.00189429114651 
16 68 0 8 0.00188817463746 
21 67 0 8 0.00185440790029 
1 18 0 8 0.00183596742221 
35 47 0 8 0.00182001794099 
14 73 0 8 0.00178168613716 
37 73 0 8 0.00177618089384 
26 69 0 8 0.00176922136094 
32 44 0 8 0.00176295722829 
18 74 0 8 0.00176002802009 
55 68 0 8 0.00174707617773 
30 71 0 8 0.0017146277248 
1 28 0 8 0.00163387488256 
18 76 0 8 0.00161056078829 
28 77 0 8 0.00134694228988 
67 79 0 8 0.00123949978553 
