63 100 0 8 0.00369708982168 
40 59 0 8 0.00334028556319 
76 88 0 8 0.00318913256112 
74 90 0 8 0.00318699284133 
75 89 0 8 0.00309651638087 
40 87 0 8 0.00309108188318 
73 90 0 8 0.00294326142533 
73 91 0 8 0.00293855939723 
72 92 0 8 0.00293780985989 
74 89 0 8 0.00284271520344 
75 88 0 8 0.00282800158989 
75 90 0 8 0.00277677870314 
42 59 0 8 0.00277236214511 
73 92 0 8 0.00275210146896 
73 89 0 8 0.00273183704167 
59 75 0 8 0.00270837900873 
74 92 0 8 0.00269409512725 
58 75 0 8 0.00267611802091 
60 74 0 8 0.00262806798848 
74 91 0 8 0.00260383206742 
61 73 0 8 0.00257427630207 
38 87 0 8 0.00254519775176 
75 87 0 8 0.00252245526732 
71 93 0 8 0.00251263050447 
61 75 0 8 0.00250324367066 
40 52 0 8 0.00249252180812 
57 104 0 8 0.00247554115583 
58 76 0 8 0.00246338653734 
72 91 0 8 0.00245789547618 
59 77 0 8 0.00245094808036 
57 77 0 8 0.00244671108257 
26 89 0 8 0.00244396134469 
58 77 0 8 0.00244191559857 
100 116 0 8 0.00242454335442 
42 61 0 8 0.00242073637149 
99 115 0 8 0.00238446900869 
71 92 0 8 0.00238195640092 
59 104 0 8 0.00235700885248 
56 79 0 8 0.00234083739685 
37 54 0 8 0.00233245254997 
39 52 0 8 0.002316383033 
39 54 0 8 0.00231282784368 
55 79 0 8 0.00229329023254 
61 74 0 8 0.00229271508762 
22 109 0 8 0.00226193857463 
100 114 0 8 0.00226061414007 
69 94 0 8 0.00225773387659 
71 91 0 8 0.00225474978332 
76 90 0 8 0.00224574565942 
39 53 0 8 0.00222742833147 
59 76 0 8 0.00221333662206 
30 118 0 8 0.00221055527063 
38 55 0 8 0.00220542439654 
71 94 0 8 0.00219740921334 
59 74 0 8 0.00218473328985 
76 89 0 8 0.00217977874494 
61 100 0 8 0.00217544082304 
37 55 0 8 0.00217517666729 
72 93 0 8 0.0021661640367 
40 85 0 8 0.00216498573557 
60 72 0 8 0.0021561659837 
60 75 0 8 0.0021466760604 
100 113 0 8 0.00214554402932 
89 114 0 8 0.00214297484909 
24 89 0 8 0.00213488500998 
58 74 0 8 0.00213259494642 
87 102 0 8 0.00211818993351 
60 73 0 8 0.0021145788179 
89 113 0 8 0.00209197075947 
66 96 0 8 0.00207722100645 
71 95 0 8 0.00207628149403 
98 116 0 8 0.00207436983326 
21 41 0 8 0.00206171693824 
60 101 0 8 0.00205499160606 
24 40 0 8 0.0020528130587 
65 98 0 8 0.00204162110365 
38 54 0 8 0.00203889315207 
91 114 0 8 0.00202745287726 
60 76 0 8 0.00202511100913 
61 89 0 8 0.0020203339146 
40 53 0 8 0.00201930164272 
87 100 0 8 0.00201717604127 
56 85 0 8 0.00200237115829 
63 98 0 8 0.00199633191797 
55 85 0 8 0.00199252336465 
38 52 0 8 0.00197677889245 
72 94 0 8 0.00196360988535 
23 41 0 8 0.00195953441473 
48 63 0 8 0.00195827166039 
88 114 0 8 0.00195181281966 
72 95 0 8 0.00194868012982 
40 61 0 8 0.00194717165589 
68 95 0 8 0.00194473186017 
39 51 0 8 0.00192714149795 
70 95 0 8 0.00192111732633 
57 79 0 8 0.00191819931522 
100 112 0 8 0.00191793868211 
59 102 0 8 0.0019172322723 
69 95 0 8 0.00191217366362 
21 43 0 8 0.00191135450051 
22 40 0 8 0.00190313325467 
85 102 0 8 0.00189463985227 
89 102 0 8 0.0018741137719 
23 39 0 8 0.00187328949989 
89 116 0 8 0.0018731268897 
66 98 0 8 0.00186898167441 
102 114 0 8 0.00186514306706 
88 116 0 8 0.00186223152219 
45 63 0 8 0.00185984753474 
46 65 0 8 0.00185974243504 
62 99 0 8 0.00185684925462 
40 57 0 8 0.00184921883913 
58 105 0 8 0.00184905277984 
70 93 0 8 0.00184720111288 
48 62 0 8 0.00184539582526 
60 103 0 8 0.00184423079728 
56 77 0 8 0.00184311510913 
40 54 0 8 0.00183714452119 
86 100 0 8 0.00183258969243 
20 104 0 8 0.00182820051584 
39 77 0 8 0.00182643688764 
101 113 0 8 0.00182295325845 
31 61 0 8 0.00181973452129 
70 94 0 8 0.00181453058646 
40 104 0 8 0.00181242333203 
88 115 0 8 0.00180479745702 
73 93 0 8 0.00180435708606 
35 85 0 8 0.00180429001019 
24 39 0 8 0.00179862118627 
48 61 0 8 0.0017978563515 
87 116 0 8 0.00179670878352 
31 63 0 8 0.00179351601904 
22 35 0 8 0.00178896974755 
67 94 0 8 0.00178816755553 
61 98 0 8 0.00178693815019 
44 61 0 8 0.00178608784922 
40 75 0 8 0.00178450989548 
59 103 0 8 0.00178369279107 
87 115 0 8 0.00178123198834 
58 104 0 8 0.00177855160456 
58 78 0 8 0.00177566333945 
100 115 0 8 0.00176906517854 
45 65 0 8 0.00176840430639 
88 101 0 8 0.00176742280893 
85 104 0 8 0.00176740050245 
22 41 0 8 0.00176608751062 
22 89 0 8 0.00176483977184 
64 98 0 8 0.00176455507601 
97 115 0 8 0.00175618489108 
69 96 0 8 0.00175420090128 
87 114 0 8 0.00175115934109 
88 100 0 8 0.00175002855701 
38 85 0 8 0.00174396766559 
23 36 0 8 0.00174204228551 
99 116 0 8 0.00174000174435 
62 101 0 8 0.00173552596816 
42 63 0 8 0.0017335425256 
98 115 0 8 0.00173265171946 
39 86 0 8 0.00172879617025 
38 56 0 8 0.00172111494923 
59 73 0 8 0.00171645086724 
69 93 0 8 0.00171236187347 
86 102 0 8 0.00170939934549 
39 56 0 8 0.00170728208916 
97 117 0 8 0.00170575590307 
20 43 0 8 0.00170233798693 
57 76 0 8 0.00170062436436 
64 99 0 8 0.00170026116252 
37 85 0 8 0.00169689369977 
37 79 0 8 0.00169557688323 
61 101 0 8 0.0016953556617 
40 55 0 8 0.00169488561792 
44 63 0 8 0.00169262372802 
31 98 0 8 0.00169152468124 
35 84 0 8 0.00168734850317 
92 112 0 8 0.00168657396529 
20 37 0 8 0.00168549813469 
38 77 0 8 0.00168485073913 
40 74 0 8 0.00168356405902 
24 114 0 8 0.00168330896851 
21 37 0 8 0.0016804248654 
42 58 0 8 0.00167964844798 
66 97 0 8 0.00167798870176 
46 66 0 8 0.00167795071789 
101 114 0 8 0.00167599243809 
38 86 0 8 0.00167446647217 
63 99 0 8 0.00167399608993 
5 115 0 8 0.00167335408382 
21 102 0 8 0.00167274741225 
45 64 0 8 0.00166951116302 
86 117 0 8 0.00166920853106 
89 115 0 8 0.0016675296505 
50 62 0 8 0.00166720071233 
92 111 0 8 0.00166480984093 
31 62 0 8 0.00166470194842 
37 56 0 8 0.00166421607286 
86 104 0 8 0.00166337007925 
99 113 0 8 0.0016632849634 
39 85 0 8 0.00166327272986 
23 42 0 8 0.00166197128497 
25 40 0 8 0.00166045346493 
6 116 0 8 0.00166024591099 
38 102 0 8 0.00165973875069 
54 104 0 8 0.00165906531699 
30 63 0 8 0.00165846776938 
64 100 0 8 0.00165790230765 
34 85 0 8 0.00165527348355 
23 35 0 8 0.00165339400663 
23 37 0 8 0.00165234587822 
30 99 0 8 0.00165017642192 
32 117 0 8 0.00164753549166 
40 56 0 8 0.00164712453662 
69 97 0 8 0.00164650802592 
65 95 0 8 0.00164634226496 
6 115 0 8 0.00164547635386 
39 84 0 8 0.00163897203844 
42 89 0 8 0.00163152469759 
86 116 0 8 0.00163010366474 
61 99 0 8 0.00162943918325 
65 99 0 8 0.00162888012818 
72 98 0 8 0.00162632265718 
88 103 0 8 0.00162610237308 
31 99 0 8 0.00162271587301 
44 64 0 8 0.00162189100954 
75 100 0 8 0.00162155516265 
98 113 0 8 0.0016205131656 
61 87 0 8 0.00162009384416 
31 117 0 8 0.00161953987726 
34 87 0 8 0.00161900790325 
38 53 0 8 0.00161703269165 
66 95 0 8 0.00161573606424 
40 86 0 8 0.00161504911529 
54 85 0 8 0.0016147327659 
21 36 0 8 0.00161419949766 
57 78 0 8 0.00161319713841 
39 76 0 8 0.00161282162488 
21 109 0 8 0.00161260443999 
100 118 0 8 0.00160979996064 
45 66 0 8 0.00160869791692 
15 57 0 8 0.00160587175468 
58 103 0 8 0.00160482241396 
24 38 0 8 0.00160324026285 
32 118 0 8 0.00160284565702 
57 85 0 8 0.00160264477385 
70 92 0 8 0.00159876240064 
47 66 0 8 0.00159766576602 
74 88 0 8 0.00159707268332 
42 60 0 8 0.00159692929401 
36 83 0 8 0.00159484529502 
66 94 0 8 0.00159381489459 
61 77 0 8 0.00159319196883 
33 61 0 8 0.00159129706071 
34 86 0 8 0.00159092255996 
61 102 0 8 0.00158993406207 
62 98 0 8 0.00158848201816 
35 87 0 8 0.00158620013853 
54 84 0 8 0.00158558047604 
32 61 0 8 0.00158513025071 
65 97 0 8 0.00158421809277 
55 83 0 8 0.00158137753748 
15 36 0 8 0.0015807320208 
58 106 0 8 0.00158025729124 
56 104 0 8 0.00157979565441 
22 38 0 8 0.00157654155854 
31 88 0 8 0.00157517778169 
63 102 0 8 0.00157431611877 
91 118 0 8 0.00157313207908 
30 100 0 8 0.00157221309367 
87 109 0 8 0.00157013401267 
7 25 0 8 0.00156996456355 
37 52 0 8 0.0015697395617 
88 102 0 8 0.00156970587555 
87 104 0 8 0.00156955363574 
45 70 0 8 0.00156911938311 
42 74 0 8 0.00156811169822 
49 63 0 8 0.00156740160882 
44 62 0 8 0.00156709863684 
91 115 0 8 0.00156705460357 
89 117 0 8 0.00156475337053 
26 113 0 8 0.00156453672603 
64 97 0 8 0.00156411802156 
95 116 0 8 0.00156312420616 
44 70 0 8 0.00156311415557 
8 21 0 8 0.00156211459729 
37 77 0 8 0.00156113298782 
102 116 0 8 0.00156088120279 
22 36 0 8 0.00155800235866 
13 37 0 8 0.00155704345525 
13 36 0 8 0.00155535478179 
87 112 0 8 0.00155529229904 
22 37 0 8 0.00155489087852 
90 117 0 8 0.0015541419058 
37 84 0 8 0.00155291385185 
41 104 0 8 0.00155232792259 
17 100 0 8 0.00155231213098 
43 102 0 8 0.0015474255672 
15 33 0 8 0.00154706854116 
53 85 0 8 0.0015466150531 
12 36 0 8 0.00154634903833 
42 104 0 8 0.00154426137317 
32 62 0 8 0.00154080303249 
38 78 0 8 0.00154074889398 
24 41 0 8 0.00153986102016 
39 80 0 8 0.0015385214317 
33 117 0 8 0.00153815048708 
45 71 0 8 0.00153517821576 
98 117 0 8 0.00153378764121 
90 116 0 8 0.00153216935687 
10 22 0 8 0.00153109545542 
87 110 0 8 0.00153093046806 
33 87 0 8 0.00153061816118 
88 110 0 8 0.00152720779826 
57 105 0 8 0.00152649115132 
76 117 0 8 0.00152643152196 
38 76 0 8 0.00152635888471 
41 84 0 8 0.00152489461099 
40 58 0 8 0.0015248774108 
74 100 0 8 0.00152457825254 
16 41 0 8 0.00152228351722 
72 100 0 8 0.00152011133704 
62 74 0 8 0.00151891827327 
87 117 0 8 0.00151802678483 
60 115 0 8 0.00151787314857 
74 98 0 8 0.00151764557937 
54 83 0 8 0.0015174978728 
55 84 0 8 0.00151730704828 
6 114 0 8 0.00151407710956 
32 85 0 8 0.00151201522164 
32 116 0 8 0.0015119587202 
86 115 0 8 0.0015115439374 
25 102 0 8 0.00151055756369 
43 73 0 8 0.00150901960876 
32 63 0 8 0.0015085242722 
5 25 0 8 0.00150720524934 
89 112 0 8 0.00150529184233 
87 113 0 8 0.00150461592626 
27 40 0 8 0.00150410829115 
31 119 0 8 0.00150196113914 
21 110 0 8 0.00150088996368 
34 61 0 8 0.00149658485805 
84 116 0 8 0.00149658114129 
71 98 0 8 0.00149644926859 
46 67 0 8 0.00149281499551 
15 39 0 8 0.00149101890778 
40 77 0 8 0.00149034358894 
25 116 0 8 0.00148779403156 
30 89 0 8 0.00148731818698 
33 86 0 8 0.00148704765133 
61 114 0 8 0.00148611713474 
42 72 0 8 0.00148581967644 
18 36 0 8 0.00148565190136 
26 114 0 8 0.00148477823857 
38 89 0 8 0.00148469021925 
55 77 0 8 0.00148437785027 
72 97 0 8 0.0014839033912 
41 74 0 8 0.00148092996905 
2 61 0 8 0.00148071266356 
15 37 0 8 0.0014802505136 
10 23 0 8 0.00147953483941 
98 112 0 8 0.00147921435826 
34 59 0 8 0.00147892045654 
43 62 0 8 0.00147839782738 
41 55 0 8 0.0014781136898 
49 64 0 8 0.00147773990734 
87 99 0 8 0.00147667324198 
24 113 0 8 0.0014755066852 
60 78 0 8 0.00147508750537 
99 112 0 8 0.00147333575271 
49 62 0 8 0.00147227433078 
95 117 0 8 0.00147189136133 
26 38 0 8 0.00147117376539 
32 87 0 8 0.00146989659033 
29 117 0 8 0.00146976428001 
85 118 0 8 0.00146782525818 
55 104 0 8 0.00146557751618 
11 51 0 8 0.00146243599247 
33 116 0 8 0.00146205457019 
26 102 0 8 0.00146204757605 
41 53 0 8 0.00146162827866 
91 116 0 8 0.00145944170806 
63 89 0 8 0.00145930424022 
29 116 0 8 0.00145795897189 
18 110 0 8 0.00145631765783 
95 111 0 8 0.00145616736744 
70 98 0 8 0.0014557066487 
50 63 0 8 0.00145519594669 
36 88 0 8 0.00145467592514 
20 103 0 8 0.00145434175792 
48 64 0 8 0.00145427016887 
17 32 0 8 0.00145369711397 
64 96 0 8 0.00145274461706 
77 104 0 8 0.00144968276992 
45 67 0 8 0.00144715208913 
40 102 0 8 0.00144620236203 
17 36 0 8 0.00144418158266 
64 95 0 8 0.0014432761971 
35 79 0 8 0.00144033998503 
74 99 0 8 0.00143961550694 
10 25 0 8 0.00143959265516 
64 101 0 8 0.00143813618674 
44 71 0 8 0.0014379918916 
24 42 0 8 0.00143729492621 
20 54 0 8 0.00143718891659 
17 55 0 8 0.00143705375669 
67 99 0 8 0.00143660395533 
52 87 0 8 0.0014353330762 
46 99 0 8 0.00143327548781 
95 119 0 8 0.00143220201213 
102 115 0 8 0.00143208166286 
29 90 0 8 0.00142876392666 
20 55 0 8 0.00142876179103 
15 32 0 8 0.00142727072202 
50 104 0 8 0.00142623298003 
46 102 0 8 0.00142555880847 
27 87 0 8 0.0014252472998 
14 41 0 8 0.00142483464276 
30 90 0 8 0.00142386288408 
24 116 0 8 0.00142375116144 
14 79 0 8 0.00142359500092 
92 113 0 8 0.00142329063678 
53 104 0 8 0.00142269400168 
10 37 0 8 0.00142032176334 
86 109 0 8 0.00142006409975 
61 78 0 8 0.00142003218037 
11 36 0 8 0.00141996473574 
76 116 0 8 0.0014185270421 
15 41 0 8 0.00141772334559 
90 118 0 8 0.00141737628458 
85 109 0 8 0.00141623294428 
52 86 0 8 0.00141552960978 
28 65 0 8 0.00141387651845 
17 41 0 8 0.00141386674572 
17 54 0 8 0.00141300841491 
34 78 0 8 0.00141206287244 
33 118 0 8 0.00141198369089 
73 97 0 8 0.00141107095257 
73 98 0 8 0.00140796111091 
56 86 0 8 0.0014051235015 
15 97 0 8 0.00140471790299 
25 41 0 8 0.00140393616885 
84 101 0 8 0.00140343862951 
54 86 0 8 0.00140227411318 
34 81 0 8 0.00140060654034 
43 75 0 8 0.00139958778269 
14 32 0 8 0.00139857710009 
28 115 0 8 0.00139478254943 
48 60 0 8 0.00139362511544 
14 39 0 8 0.00139298108809 
95 118 0 8 0.00139288996187 
16 35 0 8 0.00139108087964 
31 120 0 8 0.00139014667366 
57 84 0 8 0.00138906209803 
29 118 0 8 0.00138836810213 
65 94 0 8 0.00138745634425 
97 111 0 8 0.00138675428387 
91 113 0 8 0.00138668140619 
84 117 0 8 0.00138600577961 
45 101 0 8 0.00138553930223 
21 55 0 8 0.00138543322038 
17 102 0 8 0.00138530122052 
11 41 0 8 0.0013849031263 
29 63 0 8 0.00138360159758 
86 105 0 8 0.00138218369436 
11 37 0 8 0.00138192697267 
42 55 0 8 0.00137967438944 
16 77 0 8 0.00137361392976 
30 91 0 8 0.00137344454931 
25 38 0 8 0.00137286150171 
17 42 0 8 0.00137273905975 
59 116 0 8 0.00137263444702 
50 70 0 8 0.00137258361596 
86 114 0 8 0.00137117427144 
67 100 0 8 0.00137039657718 
43 87 0 8 0.00136966872029 
71 100 0 8 0.00136721682911 
48 66 0 8 0.00136625886674 
63 95 0 8 0.00136588345819 
99 111 0 8 0.00136525566531 
23 114 0 8 0.00136351090273 
26 39 0 8 0.00136318756159 
27 113 0 8 0.00136034328354 
61 113 0 8 0.00135835981931 
76 102 0 8 0.00135790960764 
33 84 0 8 0.00135737786428 
10 28 0 8 0.0013573672551 
23 110 0 8 0.00135694512849 
24 112 0 8 0.0013558010544 
84 109 0 8 0.00135465950523 
8 28 0 8 0.00135094851548 
43 88 0 8 0.00134835173126 
76 101 0 8 0.00134793862693 
73 102 0 8 0.00134685305587 
5 26 0 8 0.00134493884672 
18 96 0 8 0.00134481836485 
78 119 0 8 0.00134309381952 
8 20 0 8 0.00134287102832 
68 102 0 8 0.00134079175474 
23 44 0 8 0.00134018725455 
35 78 0 8 0.00133772901383 
33 98 0 8 0.00133402075575 
94 119 0 8 0.00133343638426 
95 110 0 8 0.0013323416716 
75 106 0 8 0.00133191772314 
18 33 0 8 0.00133115707516 
78 116 0 8 0.00133019276628 
49 61 0 8 0.00132988901022 
91 104 0 8 0.001325880149 
29 65 0 8 0.00132520072458 
47 102 0 8 0.00132218719877 
44 89 0 8 0.0013213634499 
27 100 0 8 0.00132062555686 
27 65 0 8 0.00132002090001 
22 34 0 8 0.00131934827837 
68 91 0 8 0.00131894101858 
9 51 0 8 0.00131765161536 
61 104 0 8 0.00131569985366 
9 27 0 8 0.00131426561962 
39 64 0 8 0.0013131609794 
10 118 0 8 0.00130963959642 
35 104 0 8 0.00130827248875 
4 117 0 8 0.00130718214183 
75 104 0 8 0.00130652448483 
12 49 0 8 0.00130449836974 
38 63 0 8 0.00129973629965 
100 119 0 8 0.00129551583772 
63 112 0 8 0.00129083493125 
16 47 0 8 0.00128953909071 
74 116 0 8 0.00128532068971 
19 33 0 8 0.00128484906092 
75 102 0 8 0.00127895342245 
32 75 0 8 0.00127666690459 
103 117 0 8 0.00127338717219 
43 116 0 8 0.00127198775604 
50 87 0 8 0.00126662752588 
21 34 0 8 0.00126105383991 
13 102 0 8 0.00125878230771 
38 112 0 8 0.00125638798137 
104 116 0 8 0.00125630136618 
11 28 0 8 0.00125504566783 
56 102 0 8 0.0012535674938 
83 107 0 8 0.00125325566844 
6 29 0 8 0.00125310911051 
25 86 0 8 0.00125031032894 
45 87 0 8 0.00124617020828 
12 33 0 8 0.00124197026944 
44 85 0 8 0.00124161536633 
63 114 0 8 0.00123946635816 
91 119 0 8 0.00123829945832 
63 93 0 8 0.00123792174055 
1 64 0 8 0.00123667775933 
63 90 0 8 0.00123478653049 
21 88 0 8 0.00123415998048 
20 47 0 8 0.00123285955766 
76 99 0 8 0.00123114666002 
92 108 0 8 0.00123048328767 
4 114 0 8 0.00122893577249 
38 100 0 8 0.00122653737781 
45 73 0 8 0.00122562654774 
61 90 0 8 0.0012232435098 
32 77 0 8 0.00122086403354 
40 116 0 8 0.00121731766284 
44 56 0 8 0.0012165266369 
43 117 0 8 0.00121244778162 
76 109 0 8 0.0012022792438 
3 26 0 8 0.00120078477233 
24 98 0 8 0.00120031203538 
15 85 0 8 0.00120006306863 
8 53 0 8 0.00119770195888 
11 119 0 8 0.00118868859444 
77 97 0 8 0.0011879869591 
7 37 0 8 0.0011874015885 
36 105 0 8 0.00118692857268 
50 75 0 8 0.00118648935789 
63 91 0 8 0.00118573601668 
7 36 0 8 0.00118504378872 
35 73 0 8 0.00118385877581 
10 81 0 8 0.00118321286636 
37 70 0 8 0.00118305736586 
44 82 0 8 0.00117510071918 
31 59 0 8 0.00117432685427 
5 118 0 8 0.00116848764855 
12 44 0 8 0.0011681345776 
51 110 0 8 0.00116517945408 
24 52 0 8 0.00116194056377 
23 53 0 8 0.00116074918873 
39 116 0 8 0.00115348594036 
61 105 0 8 0.00115135275964 
42 107 0 8 0.00114400932119 
78 94 0 8 0.0011430168828 
33 75 0 8 0.00114229046751 
46 113 0 8 0.00113943694454 
6 19 0 8 0.00113942997429 
24 61 0 8 0.00112473856598 
49 105 0 8 0.00112427214782 
24 47 0 8 0.00112413898812 
59 87 0 8 0.00112243341608 
16 112 0 8 0.00111673898236 
36 72 0 8 0.00111548342016 
30 123 0 8 0.00110293229314 
50 72 0 8 0.00109123688877 
52 68 0 8 0.00108673589511 
77 122 0 8 0.00108546843169 
22 73 0 8 0.00108130532933 
45 95 0 8 0.00106491219488 
70 114 0 8 0.00106473464302 
44 77 0 8 0.00106313162338 
10 101 0 8 0.00106103889381 
29 42 0 8 0.00105158437088 
22 84 0 8 0.00104735667539 
9 64 0 8 0.00104165806913 
52 77 0 8 0.00103060324619 
30 124 0 8 0.001020808581 
67 85 0 8 0.00102060659824 
89 124 0 8 0.00101851813838 
4 17 0 8 0.00100501360184 
31 48 0 8 0.00099456715966 
7 91 0 8 0.000979772817168 
14 120 0 8 0.000936153719677 
5 43 0 8 0.000922791847986 
108 121 0 8 0.000904152451145 
