38 52 0 8 0.00403065807452 
37 76 0 8 0.00388326764755 
35 70 0 8 0.00380665245769 
55 79 0 8 0.00370927456799 
36 55 0 8 0.00348423695697 
33 67 0 8 0.0034540776866 
33 73 0 8 0.00340500568534 
77 90 0 8 0.00340028843173 
77 89 0 8 0.00332857670245 
33 74 0 8 0.00330941840415 
19 58 0 8 0.00330163901046 
75 90 0 8 0.00328799194357 
39 80 0 8 0.00327480581203 
75 91 0 8 0.00324704607225 
76 91 0 8 0.00324623633899 
76 90 0 8 0.00314952810108 
40 80 0 8 0.00314369251055 
33 69 0 8 0.00307353126687 
15 58 0 8 0.00303069378311 
15 54 0 8 0.00301965787721 
9 86 0 8 0.00301223660041 
36 77 0 8 0.00299436134903 
36 59 0 8 0.00299433858258 
32 74 0 8 0.00299274155337 
19 62 0 8 0.00297440778279 
35 68 0 8 0.00293632104362 
77 91 0 8 0.00292626404028 
41 82 0 8 0.00292370124369 
56 68 0 8 0.00290104443268 
78 91 0 8 0.00289291140218 
32 75 0 8 0.00288683702243 
51 81 0 8 0.00288554397409 
78 90 0 8 0.00288003354223 
35 76 0 8 0.002855732287 
41 80 0 8 0.00285354390199 
35 69 0 8 0.00283572240979 
56 70 0 8 0.00281077290546 
38 81 0 8 0.00279967369772 
34 68 0 8 0.00279042865698 
18 62 0 8 0.00275951513884 
37 78 0 8 0.00274732642656 
51 79 0 8 0.00274703734589 
34 73 0 8 0.00272219854662 
38 51 0 8 0.00271582770721 
59 77 0 8 0.00268699003821 
48 81 0 8 0.00268074293102 
35 73 0 8 0.00267969639903 
75 92 0 8 0.00266811348984 
36 52 0 8 0.00266595987243 
36 56 0 8 0.00266578238946 
14 51 0 8 0.00266343764047 
52 70 0 8 0.00266150313187 
18 58 0 8 0.00266067146471 
39 81 0 8 0.00265975213378 
40 81 0 8 0.00265322959059 
76 89 0 8 0.00263798659576 
36 79 0 8 0.00263358242623 
14 55 0 8 0.00261751744242 
33 75 0 8 0.00258591005643 
43 81 0 8 0.00258390857598 
14 86 0 8 0.00257605285397 
9 42 0 8 0.00257232860493 
11 54 0 8 0.00256474522376 
17 36 0 8 0.00255982924199 
18 36 0 8 0.00255561168543 
38 86 0 8 0.00253852862389 
38 79 0 8 0.00253459280988 
74 92 0 8 0.00251404379069 
33 76 0 8 0.00251113608988 
19 61 0 8 0.00250607448797 
15 55 0 8 0.00250534494318 
14 36 0 8 0.00249098663883 
37 52 0 8 0.00248410589566 
35 71 0 8 0.0024732703929 
23 58 0 8 0.00244919425373 
11 51 0 8 0.00243633217538 
33 71 0 8 0.0024303132915 
18 55 0 8 0.00242843759079 
14 38 0 8 0.00241665910465 
17 37 0 8 0.0024083352221 
34 59 0 8 0.00240609328457 
34 70 0 8 0.00240497900359 
76 88 0 8 0.00240457389428 
34 69 0 8 0.0024042034507 
34 75 0 8 0.00239326064554 
55 88 0 8 0.00239213384986 
22 62 0 8 0.00237755257642 
21 36 0 8 0.00236864143395 
52 89 0 8 0.00236784500226 
44 81 0 8 0.00235081817075 
39 78 0 8 0.00234955867531 
33 68 0 8 0.00234498300224 
40 84 0 8 0.00233799314482 
39 84 0 8 0.00233715941407 
40 86 0 8 0.00233274754559 
34 77 0 8 0.00232519516642 
36 88 0 8 0.00230858699694 
36 78 0 8 0.00230532152954 
23 62 0 8 0.00230238638802 
37 79 0 8 0.00230078654595 
55 77 0 8 0.00230076293792 
35 77 0 8 0.00229877878158 
26 66 0 8 0.00229872154853 
35 59 0 8 0.0022983157571 
75 93 0 8 0.00229627186316 
56 77 0 8 0.00229530565706 
52 79 0 8 0.0022886409035 
32 63 0 8 0.00228855371511 
55 90 0 8 0.00228455043788 
34 78 0 8 0.00228060433146 
36 76 0 8 0.00227827543473 
34 76 0 8 0.00226041673077 
15 62 0 8 0.00225757723788 
37 77 0 8 0.00225461383209 
52 78 0 8 0.00225126212064 
11 46 0 8 0.00225032565222 
22 59 0 8 0.00225021753486 
18 88 0 8 0.00224933557068 
38 84 0 8 0.00224752287461 
48 80 0 8 0.0022445045959 
18 63 0 8 0.0022416449209 
76 92 0 8 0.00224066225106 
17 38 0 8 0.00223953918365 
6 85 0 8 0.00223625039866 
11 50 0 8 0.002229678482 
38 56 0 8 0.00222861365038 
37 84 0 8 0.00221828358343 
21 37 0 8 0.00220904631852 
34 74 0 8 0.00220499020659 
22 63 0 8 0.0022049805929 
39 85 0 8 0.0022036213772 
33 89 0 8 0.00220096663773 
8 86 0 8 0.0021951374587 
21 55 0 8 0.00219198904282 
8 40 0 8 0.00219188567871 
52 77 0 8 0.00218940981932 
34 80 0 8 0.00218348615581 
19 63 0 8 0.00218184092814 
14 58 0 8 0.00217856584637 
52 81 0 8 0.00217751956634 
51 87 0 8 0.00217665076784 
38 80 0 8 0.00217491181514 
17 88 0 8 0.0021729615623 
31 63 0 8 0.00216774419685 
48 87 0 8 0.00216773799854 
39 79 0 8 0.00216714917029 
38 85 0 8 0.00216660980195 
33 70 0 8 0.00216465555153 
59 88 0 8 0.00216458460778 
34 88 0 8 0.00216408175821 
18 59 0 8 0.00216238584149 
22 77 0 8 0.00216145788733 
41 87 0 8 0.00215502529203 
7 86 0 8 0.00215446164288 
6 86 0 8 0.00215390515355 
22 36 0 8 0.00215096354725 
34 67 0 8 0.002148459022 
41 83 0 8 0.00214605649475 
74 93 0 8 0.00214450262779 
34 55 0 8 0.00214261893548 
34 79 0 8 0.00214177955717 
44 86 0 8 0.00213591449007 
39 82 0 8 0.00213538293317 
42 81 0 8 0.00213474379097 
9 85 0 8 0.00212789783342 
18 61 0 8 0.00212267504575 
32 69 0 8 0.00212225728426 
33 78 0 8 0.00212176270001 
6 44 0 8 0.00211915853588 
36 80 0 8 0.00211770563563 
32 71 0 8 0.00211310866499 
35 87 0 8 0.00211177540154 
21 34 0 8 0.00210802979434 
55 89 0 8 0.00210792080062 
36 81 0 8 0.00210747879819 
35 88 0 8 0.00210490226596 
68 89 0 8 0.0020978183355 
7 46 0 8 0.00209719457855 
9 43 0 8 0.00209675520496 
37 87 0 8 0.00209245754024 
30 64 0 8 0.00209232612337 
34 56 0 8 0.00209042595189 
32 73 0 8 0.00208989548845 
52 68 0 8 0.00208921767066 
6 43 0 8 0.00208897988073 
56 87 0 8 0.0020878985645 
15 59 0 8 0.00208609543375 
10 40 0 8 0.00207963665345 
73 90 0 8 0.00207638711176 
38 78 0 8 0.00207235325187 
22 55 0 8 0.00207058318252 
43 82 0 8 0.00206804814411 
59 90 0 8 0.00206578680729 
43 84 0 8 0.00206519799772 
5 21 0 8 0.00206156914215 
32 66 0 8 0.00206094567361 
58 88 0 8 0.00205981767421 
56 69 0 8 0.00205805939906 
39 86 0 8 0.00205737298802 
48 89 0 8 0.00205651129501 
6 45 0 8 0.00205565495619 
6 87 0 8 0.00205376020148 
39 83 0 8 0.00205348567978 
10 43 0 8 0.00205151629795 
37 81 0 8 0.00205000985666 
51 90 0 8 0.00204845933686 
35 80 0 8 0.0020475803909 
14 54 0 8 0.0020474075832 
9 41 0 8 0.00204689082551 
42 84 0 8 0.00204571186324 
26 75 0 8 0.00204565121331 
48 85 0 8 0.00204419338242 
4 21 0 8 0.00204078486624 
37 88 0 8 0.00203986655214 
33 77 0 8 0.00203863548272 
40 82 0 8 0.00203451677819 
37 86 0 8 0.00203019603521 
6 41 0 8 0.00202615066688 
48 68 0 8 0.00201701818293 
5 17 0 8 0.00201500616619 
36 68 0 8 0.00201308001519 
44 83 0 8 0.00201287684207 
68 88 0 8 0.00199784371132 
40 85 0 8 0.00199747052432 
5 85 0 8 0.001997359398 
58 77 0 8 0.0019964316153 
36 74 0 8 0.00199231182086 
12 28 0 8 0.00198911793118 
15 61 0 8 0.0019879865842 
13 39 0 8 0.00198783029849 
51 70 0 8 0.00198092296777 
21 88 0 8 0.00198011978134 
20 62 0 8 0.00197526664873 
31 74 0 8 0.00197483277656 
52 87 0 8 0.0019715504282 
37 55 0 8 0.00197064967361 
7 39 0 8 0.00196949820591 
41 85 0 8 0.00196638145898 
22 61 0 8 0.00196528347813 
38 87 0 8 0.00196526865841 
17 55 0 8 0.00196351060964 
6 46 0 8 0.00196300599533 
36 86 0 8 0.00195870546869 
52 91 0 8 0.00195867684107 
5 20 0 8 0.00195661537359 
38 83 0 8 0.00195657441205 
5 45 0 8 0.00195522353165 
45 84 0 8 0.00195176237032 
2 89 0 8 0.00195092462069 
31 64 0 8 0.00194836762124 
73 92 0 8 0.00194695414625 
44 84 0 8 0.00194124641385 
37 56 0 8 0.00194063689821 
51 86 0 8 0.00193952391918 
56 73 0 8 0.0019373745737 
51 89 0 8 0.00193698530649 
51 84 0 8 0.00193501356592 
7 45 0 8 0.00193473894023 
35 89 0 8 0.00193296927004 
31 67 0 8 0.00192729394529 
33 66 0 8 0.00192714281847 
38 88 0 8 0.00192237112362 
21 86 0 8 0.00192163749581 
6 42 0 8 0.00191637483657 
32 67 0 8 0.00191507614391 
21 90 0 8 0.0019109343651 
21 35 0 8 0.00190791485935 
45 87 0 8 0.00190654224213 
11 58 0 8 0.00190470975373 
35 66 0 8 0.00190427823461 
43 80 0 8 0.00190138266572 
34 90 0 8 0.00190138219755 
28 75 0 8 0.00190023820555 
4 84 0 8 0.00189773492541 
55 81 0 8 0.00189745335643 
15 63 0 8 0.00189620335837 
12 25 0 8 0.00189533859153 
36 66 0 8 0.00189379861346 
48 70 0 8 0.00189259404083 
21 59 0 8 0.00189179277955 
37 82 0 8 0.00189052897701 
38 77 0 8 0.00188962363832 
30 67 0 8 0.00188581372014 
18 77 0 8 0.00188448790015 
59 87 0 8 0.00188371125242 
48 78 0 8 0.00187775084034 
13 83 0 8 0.00187716407041 
30 65 0 8 0.00187262589318 
21 38 0 8 0.00187221284088 
19 57 0 8 0.00187207647556 
10 38 0 8 0.00187184688145 
7 40 0 8 0.00187130776393 
43 87 0 8 0.00187128171828 
15 65 0 8 0.00186910076551 
37 89 0 8 0.00186901390861 
70 90 0 8 0.00186628585417 
46 84 0 8 0.00186561647189 
38 58 0 8 0.00186361325893 
70 91 0 8 0.00186252221009 
14 59 0 8 0.00186237105512 
47 79 0 8 0.00185796785992 
34 89 0 8 0.00185699064681 
34 82 0 8 0.00185604385559 
53 66 0 8 0.00185352253445 
37 70 0 8 0.00185326099903 
30 68 0 8 0.00184277984754 
38 76 0 8 0.00184193145522 
47 85 0 8 0.00184091734374 
34 86 0 8 0.00184026570572 
4 18 0 8 0.0018361710276 
23 64 0 8 0.00183429297732 
3 97 0 8 0.00183027096937 
25 65 0 8 0.00182724049176 
31 77 0 8 0.00182648816204 
4 24 0 8 0.00182524003703 
49 78 0 8 0.00182447121637 
1 22 0 8 0.00182085173804 
40 93 0 8 0.00182048464398 
33 64 0 8 0.0018202319198 
11 55 0 8 0.00181918425299 
14 50 0 8 0.00181897562252 
10 45 0 8 0.00180738636879 
9 82 0 8 0.00180628694431 
48 91 0 8 0.00180579741378 
3 96 0 8 0.0018034314963 
11 47 0 8 0.00180060110016 
35 85 0 8 0.00179794799045 
39 76 0 8 0.00179626303064 
36 61 0 8 0.00179592905381 
24 62 0 8 0.00178776713161 
8 91 0 8 0.00178280981439 
39 52 0 8 0.00178149519824 
64 85 0 8 0.00178141931845 
25 63 0 8 0.00177663816888 
20 83 0 8 0.00177640504087 
17 83 0 8 0.00177621721345 
33 87 0 8 0.0017756278584 
53 77 0 8 0.00177482742366 
2 22 0 8 0.00177458487898 
44 89 0 8 0.00177407221493 
2 97 0 8 0.00177159634178 
33 90 0 8 0.00177116507803 
3 86 0 8 0.00176952414599 
34 62 0 8 0.00176939770524 
38 53 0 8 0.0017685807313 
60 87 0 8 0.00176650071746 
6 20 0 8 0.00176594832902 
33 60 0 8 0.00176578900413 
24 83 0 8 0.0017603175365 
18 66 0 8 0.00175852218495 
37 58 0 8 0.00175699803617 
28 64 0 8 0.00175548118742 
12 26 0 8 0.00175482179003 
26 61 0 8 0.00175439879407 
21 77 0 8 0.00175304587762 
22 86 0 8 0.00174884836349 
43 89 0 8 0.00174586905614 
26 86 0 8 0.0017457529455 
40 52 0 8 0.00174495473798 
15 50 0 8 0.00174393377634 
6 92 0 8 0.00174383707012 
16 85 0 8 0.00173641266643 
33 55 0 8 0.00173169360144 
57 79 0 8 0.00173151891808 
16 79 0 8 0.00173129124806 
16 84 0 8 0.0017298518073 
74 95 0 8 0.00172964929593 
58 90 0 8 0.00172839320288 
20 64 0 8 0.00172719853494 
28 65 0 8 0.0017270330065 
66 89 0 8 0.00172558436559 
15 43 0 8 0.00172541368313 
36 90 0 8 0.00172422142866 
24 55 0 8 0.00171963135619 
26 77 0 8 0.00171655621291 
20 38 0 8 0.00171609408907 
34 52 0 8 0.00171562008986 
3 18 0 8 0.00171499694528 
48 93 0 8 0.00171280778733 
37 51 0 8 0.00171044900785 
68 91 0 8 0.00170826573339 
49 66 0 8 0.00170755867898 
25 66 0 8 0.00170523610176 
11 27 0 8 0.00169929323093 
5 41 0 8 0.00169570451995 
41 78 0 8 0.00169174662123 
5 47 0 8 0.00168394956141 
24 84 0 8 0.00168270573735 
67 88 0 8 0.00168037538871 
50 81 0 8 0.00167784528616 
20 37 0 8 0.00167109078079 
5 19 0 8 0.00166975962756 
4 41 0 8 0.00166424084485 
14 48 0 8 0.00166056442463 
38 61 0 8 0.00165978409985 
27 71 0 8 0.0016584722108 
66 90 0 8 0.00164930888321 
46 79 0 8 0.00164877664831 
32 83 0 8 0.00164735139673 
20 54 0 8 0.00164403851121 
10 24 0 8 0.00164347155598 
32 85 0 8 0.00163929640075 
1 89 0 8 0.00163865349117 
16 64 0 8 0.00163809238399 
52 65 0 8 0.00163662794396 
41 91 0 8 0.00163509179207 
16 29 0 8 0.00163430071587 
22 68 0 8 0.00163345282612 
62 88 0 8 0.00162990363507 
65 87 0 8 0.00162901249283 
70 93 0 8 0.0016283195627 
39 59 0 8 0.00162626101266 
16 57 0 8 0.00162572888266 
28 84 0 8 0.0016253613079 
5 75 0 8 0.00162532112866 
13 45 0 8 0.00162269974439 
3 94 0 8 0.00162192690125 
2 83 0 8 0.00161772472472 
21 52 0 8 0.00161611984578 
27 81 0 8 0.00161448674154 
54 84 0 8 0.00161148612079 
68 92 0 8 0.00160708582423 
6 81 0 8 0.00160597832544 
23 84 0 8 0.00160537109385 
60 79 0 8 0.00160494310218 
10 29 0 8 0.00160355058234 
52 93 0 8 0.00160109976669 
38 63 0 8 0.00159983162595 
22 75 0 8 0.00159811677768 
63 75 0 8 0.00158991666287 
11 80 0 8 0.00158655355171 
38 90 0 8 0.00158630875334 
44 92 0 8 0.00158565795785 
11 79 0 8 0.0015836970275 
16 31 0 8 0.0015812157954 
50 72 0 8 0.00157673359664 
57 70 0 8 0.00157671318536 
28 59 0 8 0.00157629319887 
25 72 0 8 0.00157396289183 
3 25 0 8 0.00157150681697 
10 61 0 8 0.00156853656361 
38 91 0 8 0.001553423888 
37 49 0 8 0.00155193446359 
58 76 0 8 0.00154110588642 
62 79 0 8 0.00153539424633 
27 85 0 8 0.00153479085181 
41 94 0 8 0.00152854504033 
13 61 0 8 0.00152801391895 
2 78 0 8 0.00152244735771 
50 69 0 8 0.00151877203249 
25 79 0 8 0.00151812250381 
17 43 0 8 0.00151678382475 
85 98 0 8 0.00151660977404 
44 93 0 8 0.00151500710067 
13 75 0 8 0.00151461981879 
34 54 0 8 0.00151355417903 
40 94 0 8 0.00151077433074 
22 35 0 8 0.00151072276598 
1 98 0 8 0.00150911263941 
39 57 0 8 0.00150294981373 
41 95 0 8 0.00150121904774 
46 66 0 8 0.00149663660944 
25 91 0 8 0.00148604846532 
5 98 0 8 0.00148204725282 
39 65 0 8 0.00148154561394 
24 38 0 8 0.00146655712639 
6 28 0 8 0.00146022149582 
20 72 0 8 0.00145678726458 
47 65 0 8 0.00144187154446 
16 74 0 8 0.00143651792823 
30 92 0 8 0.0014197371805 
14 26 0 8 0.00141962883683 
20 91 0 8 0.00141018783536 
25 92 0 8 0.00140884440293 
11 93 0 8 0.00140745020463 
7 97 0 8 0.00140180121357 
53 92 0 8 0.00139429249587 
24 74 0 8 0.00138499132081 
29 93 0 8 0.00138120033577 
86 98 0 8 0.00137959669972 
45 98 0 8 0.0013697915372 
7 53 0 8 0.00135867975943 
28 51 0 8 0.00134994227375 
2 41 0 8 0.00134944058111 
27 90 0 8 0.00134765440668 
12 72 0 8 0.001307087201 
82 97 0 8 0.00130178883811 
70 82 0 8 0.00127071356624 
65 78 0 8 0.0012373741565 
1 72 0 8 0.00120410041999 
