40 58 0 8 0.00599414199044 
28 41 0 8 0.00546532408152 
39 59 0 8 0.00444235820938 
28 43 0 8 0.00442142750567 
40 57 0 8 0.00438182875114 
30 56 0 8 0.0043088736475 
27 57 0 8 0.00426474410302 
29 73 0 8 0.0042257480473 
27 42 0 8 0.00413482543861 
12 29 0 8 0.00403418890904 
52 70 0 8 0.00397913806158 
40 60 0 8 0.0038254609058 
22 43 0 8 0.00378455199416 
26 43 0 8 0.0037313140546 
52 67 0 8 0.00367172717612 
32 63 0 8 0.00367062873058 
41 57 0 8 0.00360441824697 
42 55 0 8 0.00359737193305 
51 64 0 8 0.0035904975097 
28 42 0 8 0.0035559577621 
39 61 0 8 0.00355248120101 
41 54 0 8 0.00352647059237 
27 40 0 8 0.0035036308201 
39 56 0 8 0.00350144795953 
32 56 0 8 0.00348217251123 
42 56 0 8 0.00348182413589 
42 57 0 8 0.00346905346897 
41 56 0 8 0.00343465791649 
32 61 0 8 0.00341649597828 
52 66 0 8 0.00339369483457 
27 41 0 8 0.00337348798686 
41 55 0 8 0.00333345347695 
43 56 0 8 0.00331783802835 
30 65 0 8 0.00331389367869 
29 42 0 8 0.00323156007842 
30 54 0 8 0.00321957872795 
27 58 0 8 0.00316817761654 
38 58 0 8 0.00314060121317 
27 43 0 8 0.00312941574511 
33 63 0 8 0.0031232614431 
31 69 0 8 0.00310736791922 
29 41 0 8 0.00309856219071 
26 42 0 8 0.00308219801045 
30 43 0 8 0.00306905824514 
43 55 0 8 0.00305544621183 
24 45 0 8 0.00305085019264 
42 54 0 8 0.0030486086059 
52 65 0 8 0.00303536830302 
24 46 0 8 0.0030179904257 
39 57 0 8 0.00300498962074 
28 52 0 8 0.00296152867909 
29 57 0 8 0.00295204606981 
30 63 0 8 0.0029158882548 
51 68 0 8 0.00290922020607 
51 70 0 8 0.00289496086741 
40 56 0 8 0.00288079576548 
51 66 0 8 0.00287817452869 
29 58 0 8 0.00287592969979 
37 59 0 8 0.0028713708865 
40 59 0 8 0.00285147051815 
12 74 0 8 0.00285129352497 
39 58 0 8 0.00284240051711 
31 54 0 8 0.00283805824831 
52 69 0 8 0.00281902510961 
41 59 0 8 0.00281218352323 
12 77 0 8 0.00281091892499 
57 82 0 8 0.0028042936151 
30 61 0 8 0.00279398127836 
44 62 0 8 0.00278596314114 
28 56 0 8 0.00278054997174 
23 45 0 8 0.00277159323514 
31 56 0 8 0.00276311418944 
21 46 0 8 0.00275931981948 
53 69 0 8 0.00275445115171 
20 45 0 8 0.00274986969046 
23 43 0 8 0.00274253778 
51 69 0 8 0.00274059040972 
43 57 0 8 0.00272942995986 
41 58 0 8 0.00272590412331 
31 63 0 8 0.00272531493746 
45 65 0 8 0.00271228202722 
32 53 0 8 0.00269939914888 
28 57 0 8 0.002697954709 
32 65 0 8 0.00269274594293 
28 54 0 8 0.00269126412668 
50 66 0 8 0.00267503609147 
38 56 0 8 0.00267211186825 
28 40 0 8 0.00267073307252 
50 70 0 8 0.00266838304454 
50 68 0 8 0.00266322150739 
22 46 0 8 0.00265820022336 
20 46 0 8 0.00265576284383 
32 64 0 8 0.00265386589731 
51 72 0 8 0.00265296942992 
51 65 0 8 0.00264975351732 
43 64 0 8 0.00264707435845 
38 71 0 8 0.00263823025433 
14 31 0 8 0.00262733876034 
25 44 0 8 0.00261445478744 
38 60 0 8 0.00261280432009 
32 54 0 8 0.0026058460148 
26 41 0 8 0.00260056194799 
50 67 0 8 0.00258960117594 
25 43 0 8 0.0025854879539 
25 45 0 8 0.00258533574851 
51 67 0 8 0.00257494207228 
53 67 0 8 0.00257451063756 
41 61 0 8 0.00257269693229 
12 28 0 8 0.00256765460487 
29 56 0 8 0.00256447844553 
25 42 0 8 0.00255954429073 
24 44 0 8 0.00255803634012 
21 49 0 8 0.00254835090427 
53 65 0 8 0.00254620347991 
29 74 0 8 0.0025381163425 
26 59 0 8 0.00251939622103 
23 46 0 8 0.00251831364163 
34 63 0 8 0.00251399558249 
36 61 0 8 0.00251360207761 
43 65 0 8 0.00250830792855 
36 69 0 8 0.00250538519259 
32 59 0 8 0.00249863732777 
28 58 0 8 0.00249254297334 
30 52 0 8 0.00247547799435 
9 30 0 8 0.00247544100516 
42 63 0 8 0.00246669295441 
8 77 0 8 0.00245741297874 
21 45 0 8 0.00245606887494 
37 58 0 8 0.00245542907564 
8 29 0 8 0.00245309027241 
35 63 0 8 0.00245136002179 
26 44 0 8 0.00245113247909 
8 30 0 8 0.00244779933466 
28 73 0 8 0.00244627450936 
30 44 0 8 0.00244532863399 
38 59 0 8 0.00243814471073 
40 73 0 8 0.00243042821128 
21 43 0 8 0.0024241569738 
28 63 0 8 0.00242108712419 
21 48 0 8 0.00242107341349 
33 56 0 8 0.00241801520518 
30 42 0 8 0.00241653324918 
53 70 0 8 0.00241103800274 
39 60 0 8 0.00241030523575 
26 56 0 8 0.0024095069633 
32 44 0 8 0.00240568206238 
34 61 0 8 0.00240411172434 
25 56 0 8 0.00240378795518 
58 77 0 8 0.00239992583062 
28 70 0 8 0.00239429213053 
31 53 0 8 0.00239376365435 
7 76 0 8 0.0023850146595 
29 43 0 8 0.00238137203645 
29 71 0 8 0.00237197905221 
12 55 0 8 0.00236125043855 
15 31 0 8 0.00236004231672 
38 57 0 8 0.00235756762322 
44 56 0 8 0.00235728581506 
27 73 0 8 0.00235688065854 
37 61 0 8 0.00235319155605 
5 30 0 8 0.00235259445415 
19 62 0 8 0.00234922098318 
12 30 0 8 0.00234582940093 
49 68 0 8 0.00234387555383 
44 65 0 8 0.0023431074997 
54 70 0 8 0.0023418553294 
30 59 0 8 0.00234095249113 
52 71 0 8 0.00233438777641 
19 66 0 8 0.00233349310939 
53 66 0 8 0.00233290684889 
29 70 0 8 0.0023318283133 
19 48 0 8 0.00232722421749 
33 66 0 8 0.00232412626504 
29 55 0 8 0.00232348109971 
25 57 0 8 0.00232287112768 
19 70 0 8 0.00232125904891 
4 77 0 8 0.00232123897754 
22 67 0 8 0.00232095128052 
42 58 0 8 0.00232025401009 
44 67 0 8 0.00231773812998 
33 69 0 8 0.00231742285219 
19 46 0 8 0.00231448123586 
26 64 0 8 0.00231271542841 
41 63 0 8 0.00231045622516 
26 57 0 8 0.00229965755869 
33 64 0 8 0.00229562561164 
34 64 0 8 0.00229192454224 
8 80 0 8 0.00228710659962 
19 67 0 8 0.00228591715086 
31 62 0 8 0.00228428476649 
46 63 0 8 0.00228355262542 
29 63 0 8 0.00228055422726 
28 65 0 8 0.00227918763593 
22 52 0 8 0.00227431576677 
17 72 0 8 0.00227399177359 
22 58 0 8 0.00226633736666 
30 71 0 8 0.00226604661215 
30 64 0 8 0.00226300128892 
27 65 0 8 0.00226001232626 
22 66 0 8 0.00225595675463 
13 31 0 8 0.00225414229007 
20 62 0 8 0.00225345285444 
39 63 0 8 0.00225132829819 
25 64 0 8 0.00224370986708 
28 59 0 8 0.00224160955471 
35 67 0 8 0.00224073992699 
32 52 0 8 0.00223709252604 
55 73 0 8 0.00223580361646 
35 56 0 8 0.0022345851222 
31 64 0 8 0.00223446791129 
43 63 0 8 0.00223218110415 
45 62 0 8 0.00223054003031 
21 67 0 8 0.00222903201013 
17 66 0 8 0.00222866882006 
50 71 0 8 0.00221825205811 
20 43 0 8 0.00221500051119 
24 64 0 8 0.00221284557545 
26 72 0 8 0.00221208627157 
21 44 0 8 0.0022091422555 
26 46 0 8 0.00220856804277 
8 38 0 8 0.00220793074792 
52 73 0 8 0.00220670423556 
36 64 0 8 0.00220508720346 
57 77 0 8 0.00220121607656 
43 59 0 8 0.00219173136847 
10 33 0 8 0.00219029235509 
45 64 0 8 0.00218953691804 
16 48 0 8 0.00218939976219 
51 63 0 8 0.00218908630442 
5 52 0 8 0.00217846079798 
20 66 0 8 0.00217136123901 
19 50 0 8 0.00216292757461 
28 74 0 8 0.00216265421359 
15 53 0 8 0.00216217317984 
16 72 0 8 0.0021578561956 
42 67 0 8 0.0021568101565 
20 38 0 8 0.00215642232057 
52 64 0 8 0.00215334230631 
55 67 0 8 0.00214744772098 
46 65 0 8 0.00214626447605 
60 83 0 8 0.00214493129832 
25 54 0 8 0.00213101033202 
56 69 0 8 0.00212365997641 
49 62 0 8 0.00212173746429 
25 55 0 8 0.00211910368535 
11 55 0 8 0.00211113460278 
43 61 0 8 0.00210380361339 
8 66 0 8 0.002101975456 
27 77 0 8 0.00210091167717 
23 49 0 8 0.00209701332061 
20 44 0 8 0.00209673446365 
50 64 0 8 0.00209448345736 
6 19 0 8 0.00209262075524 
54 67 0 8 0.0020907941323 
22 57 0 8 0.00208925937879 
13 48 0 8 0.0020860872906 
46 73 0 8 0.00208393841858 
15 28 0 8 0.002082243214 
23 72 0 8 0.0020796313069 
2 18 0 8 0.00207925693761 
31 52 0 8 0.00207795313159 
33 53 0 8 0.00207594003437 
7 66 0 8 0.00207164115268 
34 51 0 8 0.00207088240223 
41 62 0 8 0.00207060159418 
11 64 0 8 0.00206652885993 
8 52 0 8 0.00206411976692 
55 77 0 8 0.00206325902909 
37 55 0 8 0.00206167259171 
8 64 0 8 0.00205807728138 
34 55 0 8 0.00205585990657 
44 57 0 8 0.00205402096175 
55 69 0 8 0.00205368464867 
13 34 0 8 0.00205020843098 
43 73 0 8 0.00204921796507 
18 66 0 8 0.00204767609445 
47 73 0 8 0.00204661578617 
11 52 0 8 0.00204456703573 
19 64 0 8 0.00204234835221 
8 57 0 8 0.00204199544425 
45 66 0 8 0.00204119039086 
42 65 0 8 0.00203474232168 
25 52 0 8 0.00203455440476 
8 54 0 8 0.00203320969032 
9 35 0 8 0.00203318512703 
3 16 0 8 0.00203085070184 
57 84 0 8 0.00202771911059 
26 65 0 8 0.00202422082035 
46 70 0 8 0.00202218589109 
32 51 0 8 0.00201960039199 
34 50 0 8 0.00201910807127 
42 62 0 8 0.00201883013819 
44 61 0 8 0.00201844053394 
17 70 0 8 0.00201834463136 
32 58 0 8 0.00201603041833 
14 69 0 8 0.00201364645848 
3 18 0 8 0.00201208237727 
49 76 0 8 0.0020067983233 
28 78 0 8 0.00200525201321 
27 68 0 8 0.00200514666649 
59 77 0 8 0.00200422242736 
50 74 0 8 0.00200090312072 
50 80 0 8 0.00199990420355 
15 51 0 8 0.00199821208506 
9 21 0 8 0.00199819178108 
24 70 0 8 0.00199642622764 
16 64 0 8 0.00199597130067 
14 33 0 8 0.00199586579068 
54 73 0 8 0.00199104424855 
46 76 0 8 0.00198833922104 
10 79 0 8 0.00198816616899 
20 55 0 8 0.00198762135776 
16 47 0 8 0.00198603138044 
21 74 0 8 0.00198470190326 
45 69 0 8 0.00198239566172 
16 51 0 8 0.00197900813413 
40 77 0 8 0.00197703991324 
51 75 0 8 0.0019768907132 
7 49 0 8 0.00197344266111 
55 84 0 8 0.00196926789934 
58 84 0 8 0.00196864619791 
6 49 0 8 0.00196842386707 
21 72 0 8 0.00196790631328 
17 64 0 8 0.00196230562689 
33 47 0 8 0.00196196227278 
11 75 0 8 0.00196093394781 
60 81 0 8 0.00195871633923 
20 76 0 8 0.00195393216364 
44 73 0 8 0.00195364839039 
29 75 0 8 0.00194650086572 
6 31 0 8 0.00194502740193 
28 46 0 8 0.00194407277273 
9 66 0 8 0.00194273405547 
17 62 0 8 0.00194192084394 
15 76 0 8 0.00193773761416 
20 36 0 8 0.00193622334396 
8 26 0 8 0.00193596540529 
49 75 0 8 0.00193425281148 
58 81 0 8 0.00193384190155 
6 21 0 8 0.00193085886386 
14 68 0 8 0.00193050854789 
31 51 0 8 0.00193000568806 
8 61 0 8 0.00192860605357 
12 71 0 8 0.00192429565226 
22 54 0 8 0.00192340911768 
3 53 0 8 0.00192273549992 
22 55 0 8 0.0019211981061 
31 48 0 8 0.00192048828397 
6 50 0 8 0.0019167638136 
20 42 0 8 0.00191629373835 
13 55 0 8 0.00191305879806 
17 46 0 8 0.00191061657252 
4 16 0 8 0.00190426447509 
42 73 0 8 0.00190183986471 
32 71 0 8 0.00190067052952 
8 60 0 8 0.00189703139527 
50 79 0 8 0.00189624202903 
55 68 0 8 0.00189056624618 
65 79 0 8 0.00189026805305 
37 68 0 8 0.00188784422425 
60 73 0 8 0.00188589047793 
3 19 0 8 0.00188176960508 
31 44 0 8 0.00187809988159 
16 29 0 8 0.00187792968841 
18 55 0 8 0.00187754377899 
8 82 0 8 0.00187652874355 
39 54 0 8 0.00187510841997 
17 61 0 8 0.00187479468308 
21 79 0 8 0.0018706408551 
23 79 0 8 0.00187016826499 
22 40 0 8 0.00186575004786 
15 79 0 8 0.00186152163038 
38 54 0 8 0.00185917300449 
21 51 0 8 0.00185848648566 
17 32 0 8 0.00185754583151 
7 65 0 8 0.00185619753362 
21 54 0 8 0.00185220572052 
21 52 0 8 0.00184226955776 
49 79 0 8 0.00184191926484 
52 80 0 8 0.0018399519508 
47 64 0 8 0.00183531845058 
5 37 0 8 0.00183406913571 
38 72 0 8 0.0018291205523 
9 53 0 8 0.00182748401849 
58 85 0 8 0.00182280440405 
44 76 0 8 0.00182098302616 
17 60 0 8 0.00181824608667 
56 74 0 8 0.00180253485572 
12 58 0 8 0.00179897499944 
18 31 0 8 0.00179467730898 
36 48 0 8 0.00178636526433 
5 27 0 8 0.00178614234162 
30 47 0 8 0.00178294724168 
7 46 0 8 0.00178088692836 
17 35 0 8 0.00177874618456 
31 47 0 8 0.00177631638224 
18 38 0 8 0.00177065844408 
13 78 0 8 0.00176717181592 
9 46 0 8 0.00176291513047 
67 79 0 8 0.00175857794666 
31 74 0 8 0.0017539888049 
33 45 0 8 0.00175111892918 
19 54 0 8 0.00173122653183 
6 67 0 8 0.00173100648162 
5 23 0 8 0.00172384810686 
3 77 0 8 0.00171163283662 
24 80 0 8 0.0016944229588 
12 43 0 8 0.00167965209708 
3 64 0 8 0.00167153941232 
19 33 0 8 0.0016606792115 
7 19 0 8 0.00164793800232 
17 41 0 8 0.00164296906997 
24 82 0 8 0.00161416335303 
37 75 0 8 0.00160331680063 
3 34 0 8 0.00158591735876 
45 78 0 8 0.00158127612086 
2 14 0 8 0.00150039226254 
1 30 0 8 0.00149717912016 
4 41 0 8 0.00145630806931 
1 59 0 8 0.00143480011551 
49 85 0 8 0.00137433168043 
27 85 0 8 0.00134529582089 
68 85 0 8 0.00134465335743 
2 79 0 8 0.0013418955668 
40 81 0 8 0.00133858897014 
