46 64 0 8 0.00368938002958 
43 64 0 8 0.00335614976683 
46 63 0 8 0.00335105140703 
105 123 0 8 0.00329382502053 
47 60 0 8 0.00318263073638 
105 124 0 8 0.00314949458054 
46 60 0 8 0.00303609893666 
103 124 0 8 0.00297222176642 
47 64 0 8 0.00292575138935 
103 123 0 8 0.00285283905773 
105 125 0 8 0.0028465367655 
43 67 0 8 0.00280620051165 
50 63 0 8 0.00280497060134 
104 126 0 8 0.00271842580485 
104 124 0 8 0.002704156667 
105 126 0 8 0.00260085887813 
103 126 0 8 0.0025950203282 
102 126 0 8 0.00258457610069 
46 67 0 8 0.00258333401424 
103 125 0 8 0.00245984394374 
104 125 0 8 0.00244994098432 
102 127 0 8 0.00240672564015 
104 123 0 8 0.00237824258899 
42 67 0 8 0.00236620388484 
100 123 0 8 0.00234914385196 
106 125 0 8 0.00234593094793 
39 68 0 8 0.00232457891628 
103 128 0 8 0.0023089273797 
20 41 0 8 0.0022931017255 
20 34 0 8 0.00228932517295 
104 127 0 8 0.00228856053025 
42 64 0 8 0.00226287423351 
71 85 0 8 0.00223135984406 
20 35 0 8 0.00221804135172 
105 127 0 8 0.00221726340719 
16 45 0 8 0.00221200245047 
106 124 0 8 0.00219738087469 
43 68 0 8 0.00219342422697 
103 127 0 8 0.00218469714975 
43 63 0 8 0.00217868768101 
47 63 0 8 0.00216237393723 
89 103 0 8 0.00215566894749 
42 68 0 8 0.00215371161412 
89 104 0 8 0.00214612872366 
101 124 0 8 0.00214343933497 
24 37 0 8 0.0021326362385 
50 64 0 8 0.0021316011795 
100 124 0 8 0.00211340552978 
103 122 0 8 0.00211188045909 
23 37 0 8 0.00210577107993 
102 125 0 8 0.00209762006185 
102 122 0 8 0.00209329316724 
107 123 0 8 0.00208775173858 
19 35 0 8 0.00208143811679 
102 128 0 8 0.00205779100826 
106 123 0 8 0.00205739114919 
20 36 0 8 0.00205705619953 
20 45 0 8 0.00205111120147 
19 37 0 8 0.00205069266621 
106 122 0 8 0.00204754814053 
104 122 0 8 0.00204510590672 
24 36 0 8 0.0020395909323 
39 67 0 8 0.00203046366587 
47 61 0 8 0.00202611959189 
5 19 0 8 0.00202233874677 
39 71 0 8 0.00201481532489 
72 85 0 8 0.00201107251092 
20 42 0 8 0.00201025258663 
102 121 0 8 0.00200105212059 
16 42 0 8 0.00199831036008 
100 122 0 8 0.00199291033681 
110 125 0 8 0.00198876883273 
106 126 0 8 0.00198836692444 
107 124 0 8 0.00198648702183 
113 127 0 8 0.00197959322444 
98 122 0 8 0.00197448205262 
16 41 0 8 0.00197396625316 
19 31 0 8 0.00196488750956 
89 102 0 8 0.00196078102963 
99 122 0 8 0.00195280149752 
46 61 0 8 0.00195206825414 
25 37 0 8 0.00194220875643 
17 38 0 8 0.00194150814444 
105 122 0 8 0.00193779142897 
16 46 0 8 0.00193140048743 
23 38 0 8 0.00193001916256 
101 126 0 8 0.00192879698859 
67 106 0 8 0.00191820613818 
107 121 0 8 0.0019091684233 
102 124 0 8 0.00190291933256 
19 36 0 8 0.00190251373186 
99 123 0 8 0.00190050308332 
45 64 0 8 0.00189165486323 
43 60 0 8 0.00187505398374 
102 119 0 8 0.00187120576736 
31 50 0 8 0.00186732566416 
112 127 0 8 0.00186691474513 
105 128 0 8 0.00186246965663 
63 79 0 8 0.0018555373312 
73 85 0 8 0.00185301048345 
110 128 0 8 0.00185119715527 
16 38 0 8 0.00184517752361 
93 124 0 8 0.00183409048858 
19 45 0 8 0.00183341680595 
103 121 0 8 0.00182985085336 
110 126 0 8 0.00182871510969 
101 121 0 8 0.00182817309505 
101 127 0 8 0.00182481461575 
107 126 0 8 0.00182395650615 
102 120 0 8 0.00181921088036 
16 49 0 8 0.00180941634809 
101 120 0 8 0.00180432223942 
111 127 0 8 0.0017964892304 
110 129 0 8 0.0017952399768 
13 42 0 8 0.00179498948986 
103 120 0 8 0.00179387294767 
93 126 0 8 0.00179376695143 
17 36 0 8 0.00179205110337 
20 33 0 8 0.00179010652763 
20 37 0 8 0.00178533244833 
104 117 0 8 0.00178281061741 
68 86 0 8 0.00178195696728 
99 124 0 8 0.00177873807469 
68 85 0 8 0.00177618368355 
101 128 0 8 0.00177521254309 
20 38 0 8 0.00177370594485 
110 127 0 8 0.00177265735915 
100 128 0 8 0.00176984634414 
100 127 0 8 0.00176117639694 
97 124 0 8 0.00175133730577 
39 72 0 8 0.00175127945356 
69 82 0 8 0.00175118788352 
104 119 0 8 0.00174765565397 
104 118 0 8 0.0017469552924 
104 128 0 8 0.00174310574224 
13 38 0 8 0.00173793895919 
107 122 0 8 0.00173713192061 
49 64 0 8 0.00173621371724 
108 126 0 8 0.00173116450234 
17 35 0 8 0.00172948927748 
65 82 0 8 0.00172937632751 
17 46 0 8 0.00172703876593 
108 121 0 8 0.00172415156745 
16 35 0 8 0.0017233627769 
108 120 0 8 0.00172075183497 
101 129 0 8 0.0017145918583 
109 126 0 8 0.00171187852269 
98 121 0 8 0.00171105804991 
19 41 0 8 0.00170393118402 
92 104 0 8 0.00169632708235 
111 126 0 8 0.00169538851683 
68 89 0 8 0.00169133097413 
17 41 0 8 0.00168975645922 
100 126 0 8 0.00168903990789 
68 82 0 8 0.00168861515816 
101 123 0 8 0.00168836662631 
17 42 0 8 0.00168777312032 
106 119 0 8 0.00168231291241 
109 122 0 8 0.00167843419873 
16 36 0 8 0.00167791391851 
23 36 0 8 0.00167400341477 
85 104 0 8 0.00167336982373 
101 122 0 8 0.00167253175166 
100 125 0 8 0.00167070291146 
66 83 0 8 0.00166560406388 
35 105 0 8 0.00165936527914 
107 125 0 8 0.00165519185374 
101 125 0 8 0.00164952780192 
109 121 0 8 0.00164521584241 
70 86 0 8 0.00164356322405 
11 45 0 8 0.00164257716504 
43 61 0 8 0.00164138238859 
67 126 0 8 0.00163825715084 
25 38 0 8 0.00163693729126 
39 85 0 8 0.00163612010234 
97 126 0 8 0.00163488702997 
10 106 0 8 0.00163099006094 
108 122 0 8 0.00163051145121 
29 108 0 8 0.00162742625932 
103 119 0 8 0.00162004920557 
9 45 0 8 0.00161758821239 
99 127 0 8 0.00161490515743 
88 104 0 8 0.00161191877592 
65 86 0 8 0.00160806999582 
42 72 0 8 0.0016059514186 
16 34 0 8 0.00160479196683 
40 67 0 8 0.00160433736621 
13 46 0 8 0.0016033437511 
39 89 0 8 0.0016012917726 
21 36 0 8 0.00160013013935 
86 103 0 8 0.00159941885122 
38 72 0 8 0.00159887675721 
86 104 0 8 0.00159877628498 
98 123 0 8 0.00159755494109 
31 63 0 8 0.00159358202948 
97 121 0 8 0.00159061235653 
107 119 0 8 0.00158567979095 
32 50 0 8 0.00158122915286 
46 65 0 8 0.00157983942957 
32 49 0 8 0.00157582043554 
24 38 0 8 0.00157540442036 
31 44 0 8 0.00157376546374 
100 121 0 8 0.00157197217446 
99 121 0 8 0.00157078663023 
112 128 0 8 0.00156801673198 
35 106 0 8 0.00156531778737 
10 107 0 8 0.00155859425829 
103 129 0 8 0.00155430627629 
9 78 0 8 0.00155279747861 
36 105 0 8 0.00154865785056 
40 104 0 8 0.00154817692645 
90 102 0 8 0.00154760311363 
97 122 0 8 0.00154678756986 
19 93 0 8 0.00154459165347 
45 67 0 8 0.0015442497825 
64 86 0 8 0.00154424437189 
72 86 0 8 0.00154383639498 
108 125 0 8 0.00154281462881 
5 20 0 8 0.00153882566967 
38 105 0 8 0.00153879736365 
13 39 0 8 0.0015343715636 
13 45 0 8 0.0015338362446 
36 103 0 8 0.00153158791827 
9 49 0 8 0.00152978992739 
39 73 0 8 0.00152915094251 
110 122 0 8 0.0015280997204 
43 89 0 8 0.00152753148888 
106 127 0 8 0.00152436698198 
92 124 0 8 0.00152398148585 
16 37 0 8 0.00152331182067 
38 89 0 8 0.00152129795056 
67 109 0 8 0.00152040413609 
21 34 0 8 0.00151946223532 
108 128 0 8 0.001518401272 
22 45 0 8 0.001518305859 
13 41 0 8 0.00151760118275 
41 104 0 8 0.00151758303144 
37 105 0 8 0.00151757370918 
20 67 0 8 0.00151606551196 
111 128 0 8 0.00151522723881 
44 67 0 8 0.00151481475891 
12 107 0 8 0.00151286953322 
13 124 0 8 0.00151153015522 
63 126 0 8 0.00151043419729 
37 71 0 8 0.00150928773662 
10 45 0 8 0.00150706156827 
100 129 0 8 0.00150676654632 
106 118 0 8 0.00150324269345 
38 126 0 8 0.00150246927867 
40 93 0 8 0.00150123229547 
11 106 0 8 0.00150100277308 
13 74 0 8 0.00150074768432 
53 85 0 8 0.00150048830904 
53 86 0 8 0.00150019638414 
108 129 0 8 0.00149791161724 
97 123 0 8 0.00149495607512 
17 34 0 8 0.00148866443883 
19 33 0 8 0.00148805370198 
55 104 0 8 0.00148780163667 
30 44 0 8 0.00148740839776 
23 41 0 8 0.00148716721431 
23 42 0 8 0.00148489017506 
65 83 0 8 0.00148278821383 
27 108 0 8 0.00147975607695 
17 124 0 8 0.00147935865541 
19 38 0 8 0.001478659064 
10 77 0 8 0.00147680646846 
64 89 0 8 0.00147282613941 
19 67 0 8 0.00146720996077 
70 89 0 8 0.0014663365622 
21 35 0 8 0.00146618136512 
67 104 0 8 0.00146583029963 
13 122 0 8 0.00146546582962 
44 104 0 8 0.00146387875819 
10 49 0 8 0.00146378600947 
23 45 0 8 0.00146320288876 
26 38 0 8 0.00146314809848 
39 70 0 8 0.0014613953352 
41 103 0 8 0.00146100177146 
19 34 0 8 0.00145983926595 
30 48 0 8 0.00145791630124 
92 126 0 8 0.00145780048516 
10 118 0 8 0.00145736270688 
35 103 0 8 0.00145572305313 
54 102 0 8 0.00145398207647 
13 72 0 8 0.00145234473078 
10 78 0 8 0.00145213077982 
43 66 0 8 0.00144892727617 
90 103 0 8 0.00144771762438 
50 104 0 8 0.00144579997626 
34 125 0 8 0.00144509617115 
85 106 0 8 0.00144377890873 
41 105 0 8 0.0014400419999 
17 37 0 8 0.00143552210187 
96 121 0 8 0.00143393198987 
40 103 0 8 0.00142947402962 
12 108 0 8 0.00142878216453 
82 106 0 8 0.00142821510059 
71 84 0 8 0.00142799466047 
36 106 0 8 0.00142750675997 
112 129 0 8 0.00142396359768 
38 85 0 8 0.00142045940236 
106 128 0 8 0.00141910154539 
11 46 0 8 0.00141848536919 
114 127 0 8 0.00141843706078 
5 124 0 8 0.00141820206587 
97 119 0 8 0.00141741645439 
19 63 0 8 0.00141669218406 
19 126 0 8 0.00141526009563 
44 63 0 8 0.00141525050718 
105 119 0 8 0.00141393335503 
100 120 0 8 0.00141298636789 
22 93 0 8 0.0014123685877 
13 76 0 8 0.00141206806076 
64 126 0 8 0.00141196287048 
20 126 0 8 0.00141138603785 
12 70 0 8 0.00141138207624 
46 82 0 8 0.00141089730144 
30 108 0 8 0.00141042448777 
43 103 0 8 0.00140856281494 
45 104 0 8 0.00140770821399 
13 107 0 8 0.00140741169756 
8 78 0 8 0.00140642833009 
23 99 0 8 0.00140635372596 
12 105 0 8 0.00140620968812 
13 67 0 8 0.00140552807827 
63 104 0 8 0.00140350973257 
21 124 0 8 0.00140241543183 
13 106 0 8 0.00140218482016 
10 74 0 8 0.00140204519858 
42 126 0 8 0.00140200977962 
5 17 0 8 0.00139708288048 
107 120 0 8 0.00139701996535 
5 126 0 8 0.00139663905577 
53 89 0 8 0.00139658513949 
47 105 0 8 0.00139403308154 
16 126 0 8 0.0013940001324 
32 53 0 8 0.00139029479397 
36 68 0 8 0.00138989555121 
30 45 0 8 0.00138839988612 
113 125 0 8 0.0013877709778 
36 104 0 8 0.001386581285 
7 71 0 8 0.00138624226965 
20 44 0 8 0.00138542640467 
31 43 0 8 0.00138532636416 
38 103 0 8 0.00138480418472 
33 49 0 8 0.00138453703093 
10 119 0 8 0.00138445017188 
42 89 0 8 0.0013834903771 
40 89 0 8 0.00138322988724 
112 124 0 8 0.00138313912815 
34 127 0 8 0.00138255241645 
108 127 0 8 0.0013823889379 
102 118 0 8 0.00138220995349 
112 126 0 8 0.00138166681881 
74 109 0 8 0.00138149264682 
13 77 0 8 0.00137732690026 
35 108 0 8 0.00137665181992 
38 104 0 8 0.00137659958975 
31 45 0 8 0.00137384702828 
63 83 0 8 0.00137360298839 
63 80 0 8 0.00137358840207 
32 46 0 8 0.00137185668907 
35 126 0 8 0.0013699647626 
13 123 0 8 0.00136838003001 
20 46 0 8 0.00136834437617 
19 103 0 8 0.00136742822193 
34 108 0 8 0.00136335928829 
30 116 0 8 0.0013615248856 
13 78 0 8 0.00135986219731 
13 104 0 8 0.00135808956615 
34 105 0 8 0.00135712384453 
105 117 0 8 0.00135617321419 
10 122 0 8 0.00135608997875 
19 40 0 8 0.00135240273538 
21 38 0 8 0.00135148304658 
16 124 0 8 0.00135113443591 
29 116 0 8 0.00134939357545 
8 118 0 8 0.00134757270833 
19 64 0 8 0.00134556893601 
89 126 0 8 0.00134487629667 
28 108 0 8 0.00134292389231 
46 79 0 8 0.00134177132178 
45 105 0 8 0.00134167393469 
7 107 0 8 0.00134031954284 
63 106 0 8 0.00133190927279 
8 120 0 8 0.00133084410133 
28 116 0 8 0.00133042468879 
111 125 0 8 0.00132599635987 
93 125 0 8 0.00132591052456 
64 104 0 8 0.00132454901568 
23 35 0 8 0.00132447234346 
10 104 0 8 0.00132364281037 
13 35 0 8 0.00132291937512 
53 90 0 8 0.00132020465803 
67 107 0 8 0.00132005125802 
46 126 0 8 0.00131849346511 
5 123 0 8 0.00131691981134 
28 63 0 8 0.00131668212452 
46 104 0 8 0.00131662750693 
63 93 0 8 0.00131510408932 
42 79 0 8 0.00131429858654 
16 105 0 8 0.00131401580147 
8 119 0 8 0.00131360586681 
41 93 0 8 0.0013131906664 
43 102 0 8 0.00131288288221 
8 121 0 8 0.00131257723387 
68 125 0 8 0.00131256142497 
32 108 0 8 0.00131210209585 
75 109 0 8 0.00131059994806 
19 60 0 8 0.00131043663539 
70 108 0 8 0.00131031733399 
36 71 0 8 0.00130922127293 
11 55 0 8 0.0013089041528 
105 118 0 8 0.00130859771353 
16 104 0 8 0.00130707943184 
19 49 0 8 0.00130634489551 
95 121 0 8 0.00130561790169 
71 115 0 8 0.00130450618567 
7 72 0 8 0.00130427227172 
35 68 0 8 0.00130196088335 
33 108 0 8 0.00130100414817 
27 70 0 8 0.00129993934284 
9 122 0 8 0.00129905573214 
8 52 0 8 0.00129819477005 
8 109 0 8 0.00129772570975 
43 86 0 8 0.00129536946027 
24 40 0 8 0.00129512920584 
15 92 0 8 0.00129512626978 
6 19 0 8 0.0012930450236 
67 125 0 8 0.00129281283736 
54 101 0 8 0.00129115034967 
19 43 0 8 0.00129043474115 
14 38 0 8 0.00128845744834 
29 81 0 8 0.00128780967079 
8 122 0 8 0.00128769245988 
34 126 0 8 0.00128765536489 
75 110 0 8 0.00128650965898 
95 122 0 8 0.00128624795438 
63 124 0 8 0.00128525524649 
89 105 0 8 0.00128505898198 
16 48 0 8 0.00128393242629 
7 48 0 8 0.00128354582614 
104 116 0 8 0.0012800191302 
15 43 0 8 0.00127881275395 
103 117 0 8 0.0012778542712 
32 110 0 8 0.00127767769558 
89 124 0 8 0.00127664883122 
33 46 0 8 0.0012761136094 
54 89 0 8 0.00127607396408 
60 126 0 8 0.00127504384012 
7 49 0 8 0.00127441952504 
31 115 0 8 0.00127333406031 
6 118 0 8 0.00127222740721 
35 69 0 8 0.00127138146741 
51 104 0 8 0.00127114644437 
8 71 0 8 0.00127101661771 
76 108 0 8 0.00127055709245 
11 71 0 8 0.00126993651144 
16 50 0 8 0.00126868048718 
17 126 0 8 0.00126864862044 
32 129 0 8 0.00126836794197 
13 50 0 8 0.00126776527777 
73 88 0 8 0.00126732199272 
6 60 0 8 0.00126482500742 
43 101 0 8 0.00126424510771 
6 123 0 8 0.00126397605202 
36 75 0 8 0.00126330888822 
34 104 0 8 0.00126181180726 
46 106 0 8 0.001261737554 
74 111 0 8 0.00126059246133 
31 114 0 8 0.00125835226494 
6 55 0 8 0.00125826977222 
7 120 0 8 0.00125810600272 
13 127 0 8 0.00125791726508 
41 101 0 8 0.0012575884437 
67 93 0 8 0.00125527537774 
9 55 0 8 0.00125458131376 
10 55 0 8 0.00125408725722 
7 111 0 8 0.00125263657196 
39 75 0 8 0.0012525700203 
33 105 0 8 0.00125181903181 
96 126 0 8 0.00125177240754 
6 61 0 8 0.00125170813581 
7 45 0 8 0.00124914300534 
35 125 0 8 0.00124893377309 
38 124 0 8 0.00124889929541 
67 127 0 8 0.00124632407177 
33 128 0 8 0.00124487652064 
33 129 0 8 0.00124458261148 
42 76 0 8 0.00124452808909 
75 108 0 8 0.00124412790832 
11 118 0 8 0.00124379095745 
111 129 0 8 0.00124362160321 
44 93 0 8 0.00124353576166 
36 102 0 8 0.00124340903904 
68 81 0 8 0.0012412429166 
63 128 0 8 0.0012408486523 
10 109 0 8 0.0012390293596 
36 85 0 8 0.00123856358599 
100 115 0 8 0.00123547058702 
25 39 0 8 0.00123510450321 
33 102 0 8 0.00123506634966 
59 89 0 8 0.00123499795296 
50 79 0 8 0.00123336342475 
5 108 0 8 0.00123232005695 
66 92 0 8 0.00123138271697 
44 106 0 8 0.00123035006531 
30 110 0 8 0.00122967999406 
7 109 0 8 0.00122961577284 
10 117 0 8 0.00122921883012 
45 106 0 8 0.0012281141388 
10 51 0 8 0.00122768085551 
67 79 0 8 0.00122724973471 
12 69 0 8 0.00122700665516 
11 124 0 8 0.00122661348098 
38 93 0 8 0.00122648724075 
39 82 0 8 0.00122498192959 
13 55 0 8 0.00122395918097 
72 127 0 8 0.00122245427022 
10 57 0 8 0.00122185791504 
30 121 0 8 0.00121922077988 
23 71 0 8 0.00121880666284 
23 122 0 8 0.00121822696101 
11 41 0 8 0.00121571729979 
20 49 0 8 0.00121472406245 
54 93 0 8 0.00121095426988 
46 103 0 8 0.00121019171505 
115 127 0 8 0.00120697165183 
21 72 0 8 0.00120489751588 
72 84 0 8 0.00120446063781 
36 93 0 8 0.00120369356745 
11 103 0 8 0.00120161011217 
32 44 0 8 0.00120069188426 
10 126 0 8 0.0012000662316 
16 31 0 8 0.00119978229662 
74 112 0 8 0.00119926960403 
5 122 0 8 0.00119918774205 
31 122 0 8 0.00119806952217 
48 105 0 8 0.00119791772961 
26 118 0 8 0.00119688636361 
6 59 0 8 0.00119661651885 
27 42 0 8 0.00119651437903 
72 126 0 8 0.00119155540346 
15 70 0 8 0.0011910149463 
38 108 0 8 0.00119086779989 
50 103 0 8 0.00118983845924 
5 45 0 8 0.00118806447267 
89 128 0 8 0.00118698588011 
66 81 0 8 0.00118622603387 
12 47 0 8 0.00118473559519 
68 124 0 8 0.00118294112807 
5 49 0 8 0.0011820381303 
10 116 0 8 0.00117968491313 
32 52 0 8 0.00117885847316 
38 92 0 8 0.00117614530417 
67 111 0 8 0.00117597054552 
102 114 0 8 0.00117429520839 
5 109 0 8 0.00117429409464 
59 103 0 8 0.00117270653511 
38 100 0 8 0.0011700772443 
70 92 0 8 0.00117002562963 
95 117 0 8 0.00116867156928 
5 125 0 8 0.00116864294339 
37 122 0 8 0.0011685501964 
49 77 0 8 0.00116780206736 
11 126 0 8 0.00116770633251 
12 103 0 8 0.00116743971628 
13 118 0 8 0.00116698120252 
17 122 0 8 0.00116670505182 
73 109 0 8 0.00116667346445 
32 115 0 8 0.00116636539269 
41 85 0 8 0.00116108876602 
84 111 0 8 0.00116099670639 
46 72 0 8 0.00116082687592 
12 128 0 8 0.00116042710309 
53 79 0 8 0.00115667771245 
81 111 0 8 0.00115477265803 
10 44 0 8 0.00115313299576 
64 105 0 8 0.00115137419801 
16 88 0 8 0.00115135151502 
26 39 0 8 0.00115122849824 
6 77 0 8 0.00115048415016 
7 53 0 8 0.00114645876937 
26 72 0 8 0.00114426005837 
35 49 0 8 0.00114292057765 
102 115 0 8 0.00114065654398 
6 107 0 8 0.00114019181731 
55 79 0 8 0.00113974354857 
31 60 0 8 0.00113863429368 
59 107 0 8 0.00113722020317 
33 121 0 8 0.00113614994342 
15 108 0 8 0.00112812894367 
5 74 0 8 0.00112542474844 
25 74 0 8 0.00112344483139 
55 103 0 8 0.00112301267683 
15 128 0 8 0.00111871946879 
38 76 0 8 0.00111725572482 
92 121 0 8 0.00111564995106 
19 102 0 8 0.00111223860399 
27 101 0 8 0.00111149208246 
84 113 0 8 0.00110946360062 
85 110 0 8 0.00110804443524 
73 127 0 8 0.00110715525648 
27 40 0 8 0.00110587887118 
33 75 0 8 0.00110390375676 
46 128 0 8 0.00110270224496 
37 82 0 8 0.00110154522443 
55 119 0 8 0.00109967885375 
27 62 0 8 0.00109894088676 
27 48 0 8 0.00109850249467 
50 124 0 8 0.00109760001949 
25 117 0 8 0.00109696671768 
23 105 0 8 0.00109671976133 
49 107 0 8 0.00109598354371 
5 63 0 8 0.00109474278523 
8 126 0 8 0.00109250304411 
63 129 0 8 0.00109018690957 
22 85 0 8 0.00108750975791 
59 97 0 8 0.00108575690301 
91 120 0 8 0.00108526792186 
30 59 0 8 0.00108346936699 
36 50 0 8 0.00107345850183 
40 109 0 8 0.00106717115492 
101 114 0 8 0.00106709230559 
55 105 0 8 0.00106523866682 
21 123 0 8 0.00106113145439 
56 96 0 8 0.00105995037112 
94 131 0 8 0.0010594716078 
23 119 0 8 0.00105590057132 
89 129 0 8 0.0010541524667 
52 111 0 8 0.0010513937805 
55 126 0 8 0.00105007033291 
25 107 0 8 0.00104735740038 
7 114 0 8 0.00103923463994 
71 116 0 8 0.00103654945674 
47 123 0 8 0.00103484635879 
66 96 0 8 0.00103409263642 
49 111 0 8 0.00103320738122 
5 67 0 8 0.00103018572959 
30 102 0 8 0.00102660163365 
5 58 0 8 0.00102632396804 
5 118 0 8 0.00102576088403 
52 110 0 8 0.00101913695595 
37 50 0 8 0.00100760263587 
15 30 0 8 0.00100550179879 
36 112 0 8 0.00100451373368 
81 121 0 8 0.0010015284258 
22 49 0 8 0.00100131913004 
33 117 0 8 0.000999269720221 
48 65 0 8 0.000996241483784 
89 116 0 8 0.000994759741475 
24 109 0 8 0.000979346946491 
65 108 0 8 0.000977168071453 
91 116 0 8 0.000974343173466 
59 121 0 8 0.000973181690337 
5 31 0 8 0.000972318853755 
85 122 0 8 0.000968765291917 
20 78 0 8 0.000968008451795 
45 125 0 8 0.000956115829459 
90 120 0 8 0.000954730394392 
5 28 0 8 0.000939647540559 
19 127 0 8 0.000936121501508 
95 109 0 8 0.00089939114176 
63 75 0 8 0.000894252357025 
93 112 0 8 0.000879151920543 
118 131 0 8 0.000847923841438 
83 129 0 8 0.000837955145324 
5 38 0 8 0.000790398972415 
6 99 0 8 0.000786573131321 
