49 63 0 8 0.00380130087745 
50 63 0 8 0.0034839650511 
51 63 0 8 0.00345819313979 
49 64 0 8 0.0034211163479 
12 27 0 8 0.00337303810511 
14 27 0 8 0.00327618525553 
50 65 0 8 0.0032409527562 
49 65 0 8 0.00323411554489 
12 29 0 8 0.00323071476875 
13 26 0 8 0.00322297140933 
14 26 0 8 0.00321696561776 
13 28 0 8 0.0030919392114 
10 29 0 8 0.00300285543838 
50 62 0 8 0.00298248096878 
11 29 0 8 0.00298148464995 
50 64 0 8 0.00294986572019 
15 28 0 8 0.00294671595542 
49 62 0 8 0.00294431231841 
13 29 0 8 0.00293463373964 
13 27 0 8 0.00289957452805 
48 64 0 8 0.00286287975259 
15 27 0 8 0.00284924699182 
14 28 0 8 0.00283771248489 
48 65 0 8 0.00282847323788 
10 31 0 8 0.002781239924 
13 25 0 8 0.00277880874094 
10 27 0 8 0.00271739737262 
11 28 0 8 0.00270294135335 
69 84 0 8 0.00270247017218 
31 84 0 8 0.00269340524099 
11 30 0 8 0.00269309772548 
31 86 0 8 0.00269206361375 
7 52 0 8 0.00264830124095 
12 25 0 8 0.00264710497525 
70 86 0 8 0.0026325154379 
32 83 0 8 0.00261894515721 
14 29 0 8 0.00260621984169 
71 84 0 8 0.00259735222167 
29 87 0 8 0.00259565539333 
12 31 0 8 0.00259061152424 
12 28 0 8 0.00256581861681 
67 85 0 8 0.00253990337244 
68 84 0 8 0.00253217020698 
29 86 0 8 0.00252580626872 
72 84 0 8 0.00251849783508 
68 86 0 8 0.00251730241348 
29 84 0 8 0.00251391834797 
67 87 0 8 0.00251386543777 
13 30 0 8 0.00250883077477 
68 88 0 8 0.00250820627346 
12 26 0 8 0.00250640072628 
69 86 0 8 0.00248609929343 
31 88 0 8 0.00246829300979 
28 87 0 8 0.00246565904269 
10 30 0 8 0.0024619439493 
11 27 0 8 0.00245770107957 
71 85 0 8 0.00245709123529 
28 85 0 8 0.00244337668419 
69 85 0 8 0.00243533375496 
70 84 0 8 0.00241905625649 
66 86 0 8 0.00241866652701 
28 86 0 8 0.0024167730011 
70 83 0 8 0.00241584060978 
10 28 0 8 0.00241493799512 
46 65 0 8 0.00240627846075 
45 68 0 8 0.00239872122489 
30 86 0 8 0.00239677524937 
12 30 0 8 0.00239642312934 
45 65 0 8 0.00239107660042 
49 66 0 8 0.00238751377766 
65 86 0 8 0.00237384001359 
16 28 0 8 0.00235636473449 
27 86 0 8 0.0023490379119 
71 83 0 8 0.00234603150422 
66 85 0 8 0.00234328958903 
26 64 0 8 0.00233855523914 
14 30 0 8 0.0023277119407 
69 82 0 8 0.0023033319685 
67 84 0 8 0.00230218491111 
51 65 0 8 0.00230127018476 
68 85 0 8 0.00229595119768 
28 66 0 8 0.00228711362513 
72 86 0 8 0.00228562348895 
11 31 0 8 0.00227783255455 
48 63 0 8 0.00227529003099 
29 85 0 8 0.00226690454282 
53 70 0 8 0.00226085976153 
71 86 0 8 0.00225943271881 
47 64 0 8 0.00225695300437 
70 88 0 8 0.00224658736292 
62 90 0 8 0.00224201069644 
66 87 0 8 0.00224150295063 
31 70 0 8 0.00223629520696 
14 52 0 8 0.00223286424572 
11 32 0 8 0.00223133442036 
33 82 0 8 0.00222665954393 
64 88 0 8 0.00222582401757 
30 85 0 8 0.00222510811854 
62 89 0 8 0.00222360618496 
55 68 0 8 0.00222087938928 
27 88 0 8 0.00222007894978 
46 68 0 8 0.00221862298775 
68 83 0 8 0.00220721141692 
54 68 0 8 0.00220384071603 
12 52 0 8 0.00220080236702 
31 52 0 8 0.00220002399034 
27 50 0 8 0.00219564519003 
28 67 0 8 0.00219048893296 
46 66 0 8 0.002190057553 
65 88 0 8 0.00217461684739 
29 68 0 8 0.00217062666935 
70 87 0 8 0.00216940165852 
33 84 0 8 0.00216483117698 
70 82 0 8 0.00216217180954 
54 70 0 8 0.00215975666003 
29 50 0 8 0.00215811951319 
52 70 0 8 0.0021554772211 
46 69 0 8 0.00215541112893 
63 88 0 8 0.00215494845095 
48 67 0 8 0.00215003488712 
31 54 0 8 0.00214635896737 
28 84 0 8 0.00214381256707 
10 32 0 8 0.00214351775088 
47 65 0 8 0.00214052780171 
52 88 0 8 0.00214001655427 
30 84 0 8 0.00213858778346 
54 69 0 8 0.00213675471594 
47 68 0 8 0.00213521307939 
31 83 0 8 0.00213423290866 
70 85 0 8 0.00212339242084 
30 69 0 8 0.00211927013439 
27 66 0 8 0.00211828171848 
31 71 0 8 0.00211649014123 
9 29 0 8 0.00210139726561 
49 68 0 8 0.0020996922474 
30 89 0 8 0.00209806107434 
63 89 0 8 0.00209676452116 
30 83 0 8 0.00209297491758 
30 87 0 8 0.00209213939237 
45 70 0 8 0.00208822165869 
27 52 0 8 0.00208307488751 
44 68 0 8 0.00207993133359 
29 69 0 8 0.00207943028527 
47 67 0 8 0.00207664581254 
69 88 0 8 0.00207460135522 
31 45 0 8 0.00207342399268 
33 54 0 8 0.00207266323688 
29 52 0 8 0.00206808136518 
10 33 0 8 0.00206590065988 
67 86 0 8 0.00206506317101 
64 89 0 8 0.00206200158841 
7 54 0 8 0.00205947101296 
49 67 0 8 0.00205907891847 
33 83 0 8 0.00205704298208 
27 65 0 8 0.00205512116802 
52 65 0 8 0.00205281220537 
31 82 0 8 0.0020501605092 
51 64 0 8 0.00204701328657 
45 66 0 8 0.00204644598044 
29 61 0 8 0.0020419403911 
29 82 0 8 0.00203918344403 
45 69 0 8 0.0020387049428 
63 90 0 8 0.00203807372631 
32 82 0 8 0.00203578885431 
68 82 0 8 0.00203521556802 
32 84 0 8 0.00203208561108 
33 52 0 8 0.00203121415009 
65 87 0 8 0.00203006906811 
17 52 0 8 0.0020257012553 
69 83 0 8 0.00202408801741 
26 66 0 8 0.00202153141709 
42 67 0 8 0.00201931139214 
33 70 0 8 0.00201920433767 
66 89 0 8 0.00201892444568 
29 71 0 8 0.00201813301381 
12 84 0 8 0.00201482947113 
29 83 0 8 0.00201293411181 
27 63 0 8 0.0020117202808 
53 69 0 8 0.00200791346642 
46 67 0 8 0.00200730677284 
31 89 0 8 0.00200524984319 
25 64 0 8 0.00200344595847 
26 88 0 8 0.00200185103597 
12 86 0 8 0.00200018410441 
66 84 0 8 0.00199962404729 
47 66 0 8 0.00199705610466 
27 87 0 8 0.00199562674632 
62 91 0 8 0.00199344529052 
30 70 0 8 0.00199296148195 
30 71 0 8 0.00199199945722 
29 45 0 8 0.00199172866568 
46 64 0 8 0.00199168699344 
69 87 0 8 0.00198700605081 
27 64 0 8 0.00198622808422 
68 87 0 8 0.00198535333199 
28 61 0 8 0.00198436738912 
25 63 0 8 0.00198259981022 
44 67 0 8 0.00197999045057 
28 50 0 8 0.0019742165505 
27 85 0 8 0.00196952844752 
26 87 0 8 0.00196593575102 
31 43 0 8 0.00196425354738 
28 88 0 8 0.00196343892422 
27 49 0 8 0.00195817715943 
32 69 0 8 0.00195655918375 
31 87 0 8 0.00195622797321 
26 89 0 8 0.00194830273045 
68 90 0 8 0.00194729627726 
52 71 0 8 0.00194185998509 
68 89 0 8 0.00194114818398 
53 71 0 8 0.00193832671246 
61 88 0 8 0.00193772286364 
16 29 0 8 0.00193469122625 
6 53 0 8 0.00193378588836 
27 61 0 8 0.00192408815731 
29 48 0 8 0.00192384428569 
27 48 0 8 0.00192066997129 
5 52 0 8 0.00191848546528 
66 90 0 8 0.00191509583082 
15 29 0 8 0.00191338952242 
14 84 0 8 0.00191202696811 
32 70 0 8 0.00190775598595 
28 89 0 8 0.00190768976554 
33 81 0 8 0.0019076869876 
45 64 0 8 0.00190593266112 
28 71 0 8 0.00190057927216 
30 82 0 8 0.0018926329487 
34 82 0 8 0.00189127057678 
43 68 0 8 0.00188927819129 
25 89 0 8 0.0018866897003 
25 87 0 8 0.0018856825505 
31 81 0 8 0.00188543058182 
29 70 0 8 0.00188315369075 
53 68 0 8 0.00188265205106 
27 84 0 8 0.00188077793062 
61 90 0 8 0.00187825568909 
7 31 0 8 0.00187605352781 
6 54 0 8 0.00187263116647 
41 68 0 8 0.00187158687547 
28 51 0 8 0.00186964625942 
47 63 0 8 0.00186825177882 
33 88 0 8 0.00186819676605 
25 88 0 8 0.0018653986357 
5 54 0 8 0.0018627503367 
46 70 0 8 0.00186234454887 
26 49 0 8 0.00185981471581 
31 85 0 8 0.00185941765942 
28 65 0 8 0.0018588130295 
42 68 0 8 0.00185510112656 
55 69 0 8 0.00185475134134 
31 69 0 8 0.0018499415218 
9 32 0 8 0.00184904371305 
52 72 0 8 0.0018462659337 
14 50 0 8 0.00184534018015 
61 91 0 8 0.0018441142421 
44 65 0 8 0.00184019362765 
26 65 0 8 0.00183992303635 
32 54 0 8 0.0018392600537 
41 69 0 8 0.00183824080195 
60 92 0 8 0.00183655500358 
44 66 0 8 0.00183576257078 
64 87 0 8 0.0018329441434 
31 46 0 8 0.00182923626357 
67 89 0 8 0.0018270658751 
7 33 0 8 0.00182303398177 
32 71 0 8 0.00182099469981 
26 63 0 8 0.00181241792093 
26 67 0 8 0.00181158488773 
52 68 0 8 0.00180880064303 
47 69 0 8 0.001805611457 
29 62 0 8 0.0018051183328 
30 81 0 8 0.00180157448947 
7 53 0 8 0.00180085537233 
27 83 0 8 0.00179887097818 
28 73 0 8 0.00179386050982 
26 85 0 8 0.00179305533493 
27 62 0 8 0.0017918937226 
10 86 0 8 0.00179117597787 
8 54 0 8 0.00179080943063 
50 66 0 8 0.00179037339986 
27 68 0 8 0.00178972364472 
33 69 0 8 0.0017890273731 
28 59 0 8 0.00178701791064 
28 68 0 8 0.00178637583241 
62 88 0 8 0.00178580090258 
13 52 0 8 0.00178572615906 
62 92 0 8 0.00177974194904 
27 69 0 8 0.0017791974303 
43 67 0 8 0.00177796625039 
27 75 0 8 0.00177342332075 
26 86 0 8 0.00177241954255 
16 52 0 8 0.00177048140524 
33 90 0 8 0.0017663316989 
8 43 0 8 0.00176362698682 
25 90 0 8 0.00176316751147 
15 82 0 8 0.00176239315724 
43 86 0 8 0.00175797955473 
60 91 0 8 0.00175765237569 
45 71 0 8 0.00175555374812 
5 86 0 8 0.00175469396047 
12 54 0 8 0.00175211634101 
27 67 0 8 0.00175192024337 
30 55 0 8 0.00175083860531 
68 91 0 8 0.0017472163093 
25 83 0 8 0.00174530614118 
27 89 0 8 0.00174391779326 
64 86 0 8 0.00174375857505 
55 70 0 8 0.00174214547873 
33 68 0 8 0.00173397556627 
11 26 0 8 0.00173297735227 
33 86 0 8 0.00172746179852 
27 54 0 8 0.0017208992992 
28 60 0 8 0.00171904225045 
10 42 0 8 0.00171869945321 
28 69 0 8 0.00171794211072 
32 89 0 8 0.00171685487044 
33 45 0 8 0.00171569268904 
32 85 0 8 0.00171526058544 
29 72 0 8 0.00171449975879 
30 61 0 8 0.00171206974618 
50 70 0 8 0.00170966267451 
15 84 0 8 0.00170887235092 
16 53 0 8 0.00170876940541 
10 54 0 8 0.00170870741997 
7 51 0 8 0.00170859007353 
10 44 0 8 0.00170777453569 
38 86 0 8 0.00170659271224 
38 84 0 8 0.00170579126713 
8 32 0 8 0.00170463039867 
55 67 0 8 0.00170227762892 
46 61 0 8 0.00170032370708 
6 52 0 8 0.00170003122395 
7 45 0 8 0.00169961588972 
34 79 0 8 0.00169960019095 
59 91 0 8 0.00169891534939 
10 43 0 8 0.00169876618116 
17 81 0 8 0.00169727002028 
31 72 0 8 0.00169529950222 
12 50 0 8 0.0016951948386 
43 84 0 8 0.00169422378762 
7 86 0 8 0.00169054271964 
42 69 0 8 0.00169027755786 
27 73 0 8 0.00168959058419 
14 54 0 8 0.00168944144069 
30 54 0 8 0.00168793251792 
51 89 0 8 0.00168602920023 
12 88 0 8 0.00168601631119 
32 56 0 8 0.00168383896289 
45 63 0 8 0.00168364229496 
44 86 0 8 0.0016829270519 
29 46 0 8 0.0016825979145 
52 86 0 8 0.00168182847933 
53 72 0 8 0.00167398236274 
66 91 0 8 0.00167281439248 
30 53 0 8 0.00166876466186 
42 84 0 8 0.00166797665541 
29 60 0 8 0.00166759889799 
49 61 0 8 0.00166747875793 
26 90 0 8 0.00166697732187 
26 69 0 8 0.00166654790188 
45 84 0 8 0.00166587794187 
62 87 0 8 0.00166503726289 
31 50 0 8 0.00166418454553 
16 82 0 8 0.00166379742014 
7 46 0 8 0.00166247646694 
31 63 0 8 0.0016621851639 
30 63 0 8 0.00166135434919 
5 31 0 8 0.00166016947625 
25 67 0 8 0.00165986111213 
8 44 0 8 0.00165963810326 
41 70 0 8 0.00165860083237 
24 64 0 8 0.00165574983099 
7 48 0 8 0.00165459223583 
56 68 0 8 0.00165287775236 
50 68 0 8 0.00165169591461 
50 72 0 8 0.00164969974419 
51 90 0 8 0.00164867749196 
30 62 0 8 0.00164867119286 
29 81 0 8 0.00164736326254 
50 73 0 8 0.00164285672524 
50 75 0 8 0.00164179589028 
21 52 0 8 0.00164131160683 
72 87 0 8 0.00163950960474 
5 87 0 8 0.00163588601776 
31 61 0 8 0.00163443318357 
32 90 0 8 0.00163393032673 
7 29 0 8 0.00162998703983 
16 50 0 8 0.00162855505264 
14 31 0 8 0.001627328426 
56 69 0 8 0.00162211193726 
27 45 0 8 0.00162134307837 
26 58 0 8 0.00162129143815 
52 73 0 8 0.00161598874774 
30 67 0 8 0.00161426989858 
45 88 0 8 0.00161289792194 
54 87 0 8 0.00161186621873 
26 83 0 8 0.00160945101768 
7 47 0 8 0.00160852014092 
41 86 0 8 0.00160851321314 
72 88 0 8 0.00160821531412 
34 84 0 8 0.00160614252369 
54 88 0 8 0.00160421099767 
16 54 0 8 0.00160228038595 
29 65 0 8 0.00160045525815 
50 88 0 8 0.00160015676925 
7 50 0 8 0.00159998128371 
7 85 0 8 0.0015974144926 
33 89 0 8 0.00159615433071 
31 56 0 8 0.00159436040571 
8 33 0 8 0.00159057453819 
47 62 0 8 0.001585967567 
41 67 0 8 0.00158413766517 
20 52 0 8 0.00158360581161 
8 56 0 8 0.0015829116581 
50 71 0 8 0.00158225495344 
25 77 0 8 0.00157137439791 
75 88 0 8 0.00157136795972 
54 72 0 8 0.00156784969037 
27 76 0 8 0.00156664972151 
7 56 0 8 0.00156620840817 
60 89 0 8 0.00156007445297 
70 91 0 8 0.00155842456265 
33 46 0 8 0.00155610317029 
33 71 0 8 0.00155133319779 
45 72 0 8 0.00154824916992 
19 59 0 8 0.00154756043517 
28 81 0 8 0.00154191805711 
50 74 0 8 0.00153656622644 
23 50 0 8 0.00153650955129 
60 93 0 8 0.00153433259303 
33 79 0 8 0.00153208229831 
33 55 0 8 0.00152785139305 
41 75 0 8 0.0015252130818 
34 85 0 8 0.00152414060449 
26 59 0 8 0.00152026219985 
33 91 0 8 0.00152014133937 
26 54 0 8 0.00152009568915 
52 90 0 8 0.00151920421433 
45 86 0 8 0.00151271228959 
17 84 0 8 0.0015102302789 
62 95 0 8 0.00150893350757 
73 86 0 8 0.00150787084012 
52 74 0 8 0.00150618852076 
25 61 0 8 0.00150469139618 
26 82 0 8 0.00150046804805 
33 75 0 8 0.00150044095274 
35 79 0 8 0.00150037598389 
5 85 0 8 0.00149946769153 
9 34 0 8 0.00149478679616 
65 84 0 8 0.00149279360752 
60 94 0 8 0.00148794513266 
88 100 0 8 0.00148141800148 
12 61 0 8 0.00148136652212 
67 94 0 8 0.00147489926379 
6 88 0 8 0.00147408288811 
86 100 0 8 0.00146938928757 
59 92 0 8 0.00146752111484 
34 67 0 8 0.00146102869207 
22 79 0 8 0.00145929553527 
26 81 0 8 0.00145796187622 
32 91 0 8 0.00145624349433 
5 30 0 8 0.00145516828709 
53 90 0 8 0.00145368697075 
71 90 0 8 0.00145169308105 
23 65 0 8 0.00145043722372 
12 44 0 8 0.00144760622221 
21 50 0 8 0.00144647387249 
65 98 0 8 0.00144641529357 
46 88 0 8 0.00144612442202 
18 54 0 8 0.00144576773402 
32 65 0 8 0.00144533310501 
61 95 0 8 0.00144476088974 
74 86 0 8 0.00144370844288 
47 61 0 8 0.00144198302169 
24 90 0 8 0.00144196954633 
34 91 0 8 0.00143655952401 
21 61 0 8 0.00143338572426 
44 88 0 8 0.00143253737917 
5 29 0 8 0.00143174516916 
27 81 0 8 0.00142415067394 
8 42 0 8 0.00142358002134 
31 65 0 8 0.00142299035897 
10 41 0 8 0.00142277922552 
35 73 0 8 0.00142107254125 
25 82 0 8 0.00141378840753 
23 88 0 8 0.00140913342751 
65 97 0 8 0.00140614030275 
21 63 0 8 0.00140168300121 
62 96 0 8 0.00139934500698 
14 61 0 8 0.00139917687829 
76 88 0 8 0.00138082544147 
16 49 0 8 0.00137611791736 
7 59 0 8 0.00137277917734 
35 90 0 8 0.0013584259594 
34 66 0 8 0.00134958457901 
50 76 0 8 0.0013489503538 
52 75 0 8 0.00133933427196 
26 79 0 8 0.00133598477277 
21 79 0 8 0.0013353761166 
12 45 0 8 0.00133045764427 
29 43 0 8 0.00132603256866 
14 81 0 8 0.00131953017883 
75 87 0 8 0.00131308538222 
8 40 0 8 0.00129196035674 
41 74 0 8 0.00128518527612 
61 86 0 8 0.00127897892557 
68 96 0 8 0.00127549930308 
43 75 0 8 0.00126687938828 
35 74 0 8 0.00126410761059 
62 97 0 8 0.00126252531786 
45 81 0 8 0.0012536984403 
46 75 0 8 0.00125223106971 
65 99 0 8 0.00125038868688 
37 53 0 8 0.00123887717594 
5 27 0 8 0.00123720829259 
61 84 0 8 0.00122472707476 
38 52 0 8 0.00118815932802 
43 61 0 8 0.00118636271806 
17 86 0 8 0.00117504772739 
59 71 0 8 0.00115028901789 
68 100 0 8 0.00114615944284 
17 61 0 8 0.00113375814108 
62 83 0 8 0.00110305765236 
7 61 0 8 0.00109957975904 
76 91 0 8 0.00107253250556 
