76 88 0 8 0.00363373028558 
75 88 0 8 0.00351271686046 
75 89 0 8 0.00329481865674 
9 34 0 8 0.00322035974175 
76 89 0 8 0.00317247790571 
76 93 0 8 0.00308101181276 
75 87 0 8 0.00299374344314 
74 89 0 8 0.00291631218139 
48 73 0 8 0.00291115724428 
31 46 0 8 0.00285725588352 
13 30 0 8 0.00280700934741 
49 72 0 8 0.00271638552016 
74 88 0 8 0.00270149719605 
28 46 0 8 0.00267352467068 
77 89 0 8 0.00267232785237 
13 34 0 8 0.00266030478938 
9 37 0 8 0.00263296513787 
10 26 0 8 0.00262976868369 
51 72 0 8 0.0025615952875 
74 90 0 8 0.00254200191334 
6 24 0 8 0.00252735029082 
48 71 0 8 0.00250455598494 
49 74 0 8 0.00250330428089 
6 26 0 8 0.00248822288205 
49 73 0 8 0.00247902256495 
48 74 0 8 0.00247443693389 
10 24 0 8 0.00246546869246 
75 90 0 8 0.00246503250968 
84 100 0 8 0.00246215900307 
10 30 0 8 0.00245874144253 
50 70 0 8 0.00245734468536 
76 90 0 8 0.00245613231644 
47 73 0 8 0.00242457623555 
47 74 0 8 0.00241115083644 
85 100 0 8 0.00240468926462 
46 58 0 8 0.00240370325119 
73 93 0 8 0.00239693212516 
52 70 0 8 0.0023917077946 
47 75 0 8 0.00238393314479 
48 72 0 8 0.00237884122348 
34 46 0 8 0.00237280026281 
6 34 0 8 0.00236825241657 
24 48 0 8 0.00236096388895 
44 56 0 8 0.00235291137665 
76 92 0 8 0.00234292195785 
73 89 0 8 0.00234221238408 
50 72 0 8 0.00233747094637 
75 92 0 8 0.00233236879445 
84 97 0 8 0.00232176524911 
25 46 0 8 0.0023204235388 
16 30 0 8 0.00231807563438 
25 45 0 8 0.00231065114665 
31 45 0 8 0.00230517395304 
53 70 0 8 0.00230426911881 
53 71 0 8 0.00229962293154 
47 76 0 8 0.00229656581715 
52 69 0 8 0.00228703166961 
73 88 0 8 0.00227875502498 
53 75 0 8 0.00226822994256 
49 75 0 8 0.00226756566619 
28 45 0 8 0.00226496239897 
26 46 0 8 0.00225995534453 
51 71 0 8 0.00225883500278 
9 26 0 8 0.0022568582163 
46 76 0 8 0.00225266346161 
9 30 0 8 0.00224531612869 
10 34 0 8 0.00223574137035 
53 72 0 8 0.00222683853704 
12 69 0 8 0.00222418810796 
26 47 0 8 0.00221142450764 
15 30 0 8 0.00220307565037 
9 33 0 8 0.00219561563093 
7 24 0 8 0.00219051899751 
73 90 0 8 0.0021903269826 
54 74 0 8 0.00218813416553 
13 33 0 8 0.00218326428939 
73 92 0 8 0.0021827643041 
17 48 0 8 0.00217928423404 
50 74 0 8 0.00217755194888 
79 93 0 8 0.00217620145623 
24 49 0 8 0.00217573304679 
25 47 0 8 0.0021733745847 
28 47 0 8 0.00217173326355 
52 73 0 8 0.00217165504449 
21 73 0 8 0.00216622329747 
50 63 0 8 0.00216439753217 
51 75 0 8 0.00216114335178 
53 74 0 8 0.0021570034673 
25 48 0 8 0.0021564269336 
46 78 0 8 0.00215559334775 
51 70 0 8 0.0021548639282 
50 71 0 8 0.0021537217195 
15 27 0 8 0.00215206277875 
55 72 0 8 0.00213331501704 
87 104 0 8 0.00212732965248 
28 48 0 8 0.00212652418962 
51 74 0 8 0.0021203358007 
13 27 0 8 0.0021147317807 
50 73 0 8 0.00210958732749 
17 30 0 8 0.00210258887507 
77 90 0 8 0.00210071642979 
13 26 0 8 0.00209895410561 
77 93 0 8 0.00209816371122 
48 75 0 8 0.00209718715301 
6 27 0 8 0.002093438641 
31 47 0 8 0.00208922157459 
84 102 0 8 0.00208581764617 
22 99 0 8 0.00208423198505 
83 102 0 8 0.00208227471489 
6 18 0 8 0.00208112517722 
21 44 0 8 0.00208086073463 
47 100 0 8 0.00207772917882 
84 104 0 8 0.00207553480306 
86 106 0 8 0.0020728286134 
25 49 0 8 0.00207267639734 
32 44 0 8 0.00205874957422 
55 74 0 8 0.00205846429706 
23 44 0 8 0.00204981663445 
43 58 0 8 0.00204712691316 
47 68 0 8 0.00204650037369 
51 73 0 8 0.00204619072929 
16 31 0 8 0.00204616749188 
44 58 0 8 0.00204341308254 
31 48 0 8 0.00203849407237 
5 37 0 8 0.00203555224787 
49 71 0 8 0.00203460335751 
24 47 0 8 0.00203339378686 
55 75 0 8 0.00202820019839 
83 100 0 8 0.0020281264182 
5 34 0 8 0.00202731650794 
44 57 0 8 0.00202701845296 
78 93 0 8 0.00201493037873 
73 96 0 8 0.00201044227074 
23 47 0 8 0.00200116987386 
46 60 0 8 0.00199845518456 
45 77 0 8 0.00199838876454 
53 76 0 8 0.00199563341252 
20 71 0 8 0.00198387656561 
48 63 0 8 0.0019827499111 
58 73 0 8 0.00197817868465 
47 67 0 8 0.00197562357573 
43 69 0 8 0.00196852068447 
74 92 0 8 0.00196715872387 
49 77 0 8 0.00196698831972 
84 96 0 8 0.00196537284909 
20 72 0 8 0.00196526766864 
48 76 0 8 0.00196486296792 
9 38 0 8 0.00196228158385 
42 58 0 8 0.00196176399972 
47 71 0 8 0.00195428644251 
18 34 0 8 0.00195123680731 
55 68 0 8 0.00195074429661 
58 72 0 8 0.00194922682735 
47 97 0 8 0.00194806831938 
23 72 0 8 0.00194750328203 
58 74 0 8 0.00194746760682 
76 96 0 8 0.00194698085576 
31 43 0 8 0.0019457274707 
71 96 0 8 0.00194266617031 
82 102 0 8 0.0019397611086 
16 46 0 8 0.00193931085828 
52 72 0 8 0.00193673229838 
48 62 0 8 0.00193415732948 
51 76 0 8 0.00193311830303 
14 30 0 8 0.00193240067758 
20 74 0 8 0.00193063308653 
21 72 0 8 0.00193053894412 
82 106 0 8 0.00192868014455 
46 63 0 8 0.00192718504912 
55 71 0 8 0.00192344618292 
46 73 0 8 0.00191799237446 
45 69 0 8 0.00191175619793 
72 89 0 8 0.00190575301778 
52 77 0 8 0.00190539457099 
47 70 0 8 0.00190333373549 
19 48 0 8 0.00189840784024 
13 68 0 8 0.00189640508225 
32 46 0 8 0.0018957611401 
31 44 0 8 0.00189539063682 
49 76 0 8 0.00189265349547 
56 74 0 8 0.00189249215579 
18 48 0 8 0.00189009942631 
32 45 0 8 0.00188929966088 
6 25 0 8 0.00188777270435 
41 58 0 8 0.00188515855557 
20 73 0 8 0.00188507412012 
13 37 0 8 0.00187895751234 
23 45 0 8 0.00187535329541 
26 48 0 8 0.00187379628171 
24 72 0 8 0.00187314450999 
50 75 0 8 0.00187253371017 
45 62 0 8 0.00187016199131 
51 77 0 8 0.00186807471638 
82 104 0 8 0.00186791755065 
17 49 0 8 0.00186678279248 
17 73 0 8 0.00186564231406 
20 45 0 8 0.0018624043177 
24 45 0 8 0.00186174408397 
52 75 0 8 0.00185997077967 
53 68 0 8 0.00185675755344 
47 96 0 8 0.00185598909059 
46 75 0 8 0.00185492664418 
5 38 0 8 0.00185245102711 
22 68 0 8 0.00185199487903 
71 88 0 8 0.00185106235098 
49 66 0 8 0.00185105873377 
26 45 0 8 0.00185008104982 
58 90 0 8 0.00184799228034 
23 70 0 8 0.00184379963119 
13 71 0 8 0.00184379273331 
45 68 0 8 0.00184128727122 
45 75 0 8 0.00184103144852 
57 72 0 8 0.00184000371901 
45 76 0 8 0.00183874646691 
17 46 0 8 0.00183692203833 
34 47 0 8 0.00183488345298 
90 106 0 8 0.0018332366781 
48 65 0 8 0.00183200619942 
50 76 0 8 0.00182785848362 
53 73 0 8 0.00182759272256 
24 63 0 8 0.00182620423182 
53 77 0 8 0.00182575856565 
6 20 0 8 0.00182564872313 
54 75 0 8 0.00182332384884 
21 91 0 8 0.0018232445849 
24 70 0 8 0.00181780739418 
45 58 0 8 0.00181574153652 
48 97 0 8 0.00181350394658 
19 65 0 8 0.00181337323606 
53 69 0 8 0.0018089652887 
55 70 0 8 0.00180754526856 
84 106 0 8 0.00180699397904 
18 31 0 8 0.0018053041409 
18 30 0 8 0.00180317912083 
20 75 0 8 0.00180192944878 
24 68 0 8 0.00180099571528 
21 76 0 8 0.00179988264705 
27 47 0 8 0.00179878960929 
45 78 0 8 0.00179722942652 
52 76 0 8 0.00179645377113 
72 90 0 8 0.00179642969618 
24 46 0 8 0.00179332044065 
24 65 0 8 0.00179331534942 
83 105 0 8 0.00179327206386 
9 25 0 8 0.0017924002109 
49 70 0 8 0.00178888888238 
46 74 0 8 0.00178830138186 
9 35 0 8 0.00178758012239 
85 101 0 8 0.00178636330556 
18 73 0 8 0.00178596127585 
13 46 0 8 0.00178373009933 
44 79 0 8 0.00178268023164 
58 87 0 8 0.0017821715195 
12 71 0 8 0.00178133670454 
46 61 0 8 0.00178088888042 
49 61 0 8 0.00178053693469 
51 63 0 8 0.00177984448054 
18 49 0 8 0.00177905456248 
9 47 0 8 0.00177686501627 
54 77 0 8 0.00177581848677 
46 71 0 8 0.00177400620683 
16 28 0 8 0.00177219781609 
20 48 0 8 0.0017721902056 
54 69 0 8 0.0017713810266 
49 65 0 8 0.00177019131846 
13 47 0 8 0.00176977646125 
53 78 0 8 0.00176877974205 
23 71 0 8 0.00176606322872 
26 62 0 8 0.00176316887964 
23 46 0 8 0.00176172923309 
47 78 0 8 0.00175984978683 
46 68 0 8 0.00175783174019 
28 44 0 8 0.00175470247208 
22 67 0 8 0.00175439817507 
18 69 0 8 0.00175281925303 
86 104 0 8 0.00175203223136 
10 25 0 8 0.00175140001715 
31 63 0 8 0.00174979593846 
26 63 0 8 0.00174924516626 
46 65 0 8 0.00174873369663 
46 66 0 8 0.00174683325245 
20 76 0 8 0.00174655378575 
28 60 0 8 0.0017460425036 
43 71 0 8 0.00174601110538 
85 97 0 8 0.00174533010842 
82 105 0 8 0.00174474065279 
19 47 0 8 0.00174234746112 
58 71 0 8 0.00173832936324 
49 63 0 8 0.00173635392583 
20 43 0 8 0.00173624543956 
18 65 0 8 0.00173607068882 
21 74 0 8 0.00173511372659 
48 61 0 8 0.00173471820615 
28 49 0 8 0.00173422274983 
59 90 0 8 0.00173273705888 
24 44 0 8 0.0017315687129 
48 60 0 8 0.00173146984835 
23 99 0 8 0.0017310884752 
22 69 0 8 0.00173035749994 
82 100 0 8 0.00172464842992 
13 69 0 8 0.00172175517889 
17 84 0 8 0.00172145134931 
57 75 0 8 0.00172094533895 
9 71 0 8 0.00171968202669 
49 96 0 8 0.00171961267829 
38 59 0 8 0.00171805620875 
60 90 0 8 0.00171354037672 
55 73 0 8 0.00171180945019 
78 90 0 8 0.00171158218129 
19 46 0 8 0.00171075497363 
9 46 0 8 0.00170651438306 
21 95 0 8 0.00170401152287 
39 58 0 8 0.00170167476526 
16 45 0 8 0.00169902953329 
60 92 0 8 0.00169505299006 
90 104 0 8 0.00169374059851 
18 76 0 8 0.00169290065581 
17 63 0 8 0.00169282424411 
15 45 0 8 0.00169210706565 
60 91 0 8 0.00169177060838 
12 38 0 8 0.00169158873624 
23 69 0 8 0.0016898404672 
6 31 0 8 0.00168499419979 
18 74 0 8 0.00168423968809 
52 105 0 8 0.00168351454787 
17 31 0 8 0.00168252266374 
16 47 0 8 0.00168169259205 
6 52 0 8 0.00168092474749 
47 66 0 8 0.00167405885471 
83 106 0 8 0.00167313528854 
45 100 0 8 0.00167260198712 
49 100 0 8 0.00167189093474 
24 71 0 8 0.00167022559009 
12 45 0 8 0.00166845823112 
45 70 0 8 0.00166783057661 
34 48 0 8 0.00166412815687 
28 58 0 8 0.0016619886909 
19 49 0 8 0.00166111114653 
31 58 0 8 0.00165809887949 
18 68 0 8 0.00165423356635 
30 47 0 8 0.00165390470265 
58 75 0 8 0.00165193763352 
29 62 0 8 0.00165098659167 
81 106 0 8 0.00165027274562 
26 61 0 8 0.00164664509943 
39 77 0 8 0.00164508929081 
23 50 0 8 0.00164423250567 
61 90 0 8 0.00164358187949 
14 69 0 8 0.00164318164752 
47 93 0 8 0.0016412173736 
20 91 0 8 0.00164075164139 
55 77 0 8 0.00164055570688 
57 74 0 8 0.0016397520515 
48 70 0 8 0.00163549336313 
37 77 0 8 0.00163442072811 
19 68 0 8 0.00163369576237 
16 29 0 8 0.0016329329239 
50 67 0 8 0.00162863808614 
12 37 0 8 0.001627729448 
59 71 0 8 0.00162738297656 
46 69 0 8 0.00162462158687 
27 49 0 8 0.00162267661319 
18 70 0 8 0.00161853833803 
18 66 0 8 0.00161812985687 
85 99 0 8 0.00161753281118 
44 73 0 8 0.00161247921493 
49 78 0 8 0.00161140648183 
25 72 0 8 0.00161130900749 
10 48 0 8 0.00161070294135 
3 84 0 8 0.00160987605166 
87 106 0 8 0.00160941648547 
61 91 0 8 0.00160775803788 
40 58 0 8 0.00160763700564 
50 93 0 8 0.0016063952498 
61 89 0 8 0.00160624534523 
10 47 0 8 0.00159988140715 
20 65 0 8 0.00159979484391 
13 44 0 8 0.00159957133727 
5 71 0 8 0.00159579682317 
6 37 0 8 0.00159005708431 
55 67 0 8 0.00158512212961 
40 105 0 8 0.00158485067851 
52 68 0 8 0.00158408860598 
86 105 0 8 0.00158302158877 
38 58 0 8 0.00158095477648 
15 82 0 8 0.0015807499931 
10 35 0 8 0.00157935974588 
85 106 0 8 0.00157777544689 
71 100 0 8 0.00157671517624 
17 50 0 8 0.00157669874484 
21 93 0 8 0.00157647243073 
39 60 0 8 0.00157574486583 
16 63 0 8 0.00157541403386 
17 52 0 8 0.00157426790535 
50 78 0 8 0.00157142268746 
61 74 0 8 0.00156836419037 
52 65 0 8 0.00156805899094 
7 19 0 8 0.00156784028362 
24 43 0 8 0.0015667275796 
54 78 0 8 0.0015648745848 
28 65 0 8 0.00156241827629 
21 50 0 8 0.00156193990216 
52 99 0 8 0.00156142879163 
52 83 0 8 0.00156110041388 
17 65 0 8 0.00156088689852 
16 72 0 8 0.00155796751288 
15 29 0 8 0.00155756462551 
28 63 0 8 0.00155154378603 
38 77 0 8 0.00155042914174 
62 91 0 8 0.00154895260631 
44 78 0 8 0.00154842026062 
31 64 0 8 0.00154642211448 
22 64 0 8 0.00154412253704 
50 66 0 8 0.00154411109501 
59 92 0 8 0.00154203350305 
22 50 0 8 0.00154004912391 
15 70 0 8 0.00153874310982 
49 62 0 8 0.00153753308674 
38 71 0 8 0.00153672283634 
59 72 0 8 0.00153542111495 
39 59 0 8 0.00153517906866 
11 70 0 8 0.00153391765493 
28 64 0 8 0.00153313624198 
25 63 0 8 0.00153267870874 
40 57 0 8 0.0015316623356 
6 46 0 8 0.00152610838799 
17 47 0 8 0.0015258828026 
58 88 0 8 0.00152480012662 
37 103 0 8 0.00152456092344 
59 73 0 8 0.00152436867317 
24 87 0 8 0.00152070847972 
18 38 0 8 0.00152054659481 
43 77 0 8 0.00152000388153 
42 103 0 8 0.00151980036591 
68 89 0 8 0.00151769948189 
6 47 0 8 0.00151715490836 
55 69 0 8 0.00151590582238 
48 87 0 8 0.00151571069154 
40 77 0 8 0.00151514098482 
26 72 0 8 0.00151295869994 
18 63 0 8 0.00151193927265 
31 49 0 8 0.00150708475906 
17 79 0 8 0.00150604498034 
50 92 0 8 0.00150467993825 
25 73 0 8 0.00150438307275 
12 76 0 8 0.00150385095229 
19 64 0 8 0.00150244417158 
13 67 0 8 0.00149951794809 
17 77 0 8 0.00149605193916 
12 72 0 8 0.00149361528356 
42 100 0 8 0.00149195147367 
52 106 0 8 0.00149106514821 
45 57 0 8 0.00148812504147 
13 80 0 8 0.00148571646171 
2 84 0 8 0.00148455353949 
20 64 0 8 0.00148428525803 
38 60 0 8 0.00148185204486 
60 72 0 8 0.00148176502951 
35 48 0 8 0.00148094116732 
12 43 0 8 0.00148040974646 
31 60 0 8 0.00147863515652 
29 59 0 8 0.00147777419178 
26 73 0 8 0.00147590181873 
70 88 0 8 0.00147277876274 
6 48 0 8 0.00146629018218 
44 93 0 8 0.00146545470445 
37 105 0 8 0.00146413023053 
10 80 0 8 0.00146259453866 
70 100 0 8 0.00146175021292 
57 70 0 8 0.00146049019224 
44 67 0 8 0.00145455201814 
29 60 0 8 0.00145178362314 
3 17 0 8 0.00144981524394 
54 105 0 8 0.00144228493806 
18 62 0 8 0.001439594031 
16 50 0 8 0.0014366022423 
3 86 0 8 0.00143642680849 
35 77 0 8 0.00143434659268 
16 51 0 8 0.00143430645724 
20 101 0 8 0.00143146589666 
30 85 0 8 0.00143142738092 
49 87 0 8 0.00143031651465 
68 88 0 8 0.00142581481265 
21 42 0 8 0.00142481580449 
58 76 0 8 0.00142479419281 
21 79 0 8 0.00142330849849 
22 105 0 8 0.00142096800441 
28 71 0 8 0.00141769007183 
43 62 0 8 0.00141440803025 
30 63 0 8 0.00141183440883 
28 74 0 8 0.00141050907596 
16 44 0 8 0.00140998993848 
16 35 0 8 0.00140961848364 
94 106 0 8 0.00140645741951 
2 17 0 8 0.00140593377929 
26 74 0 8 0.00139996684874 
11 43 0 8 0.00139896716781 
6 73 0 8 0.00139815650644 
15 84 0 8 0.00139668304991 
38 78 0 8 0.00139636769457 
36 77 0 8 0.00138891847298 
32 58 0 8 0.00138626141934 
93 106 0 8 0.00138602461159 
20 86 0 8 0.0013855614056 
37 102 0 8 0.0013815663812 
70 101 0 8 0.00138066814076 
26 90 0 8 0.00137928239783 
29 68 0 8 0.00137663838609 
27 73 0 8 0.00137435602861 
17 87 0 8 0.00137427878426 
57 86 0 8 0.0013738865117 
18 42 0 8 0.00137277951446 
28 75 0 8 0.00137017927104 
58 96 0 8 0.00136359451319 
21 57 0 8 0.00136296588098 
13 65 0 8 0.00135943967888 
37 75 0 8 0.00135733682338 
38 76 0 8 0.00135579309643 
6 43 0 8 0.00135533173958 
68 86 0 8 0.00135521615016 
43 82 0 8 0.00135347330668 
32 65 0 8 0.00134791150189 
5 46 0 8 0.00134255829487 
38 73 0 8 0.00134252338188 
4 63 0 8 0.00133374626133 
51 90 0 8 0.0013265739445 
30 50 0 8 0.0013200219747 
46 88 0 8 0.00131772334962 
30 66 0 8 0.00131376937076 
54 80 0 8 0.00131211021133 
20 57 0 8 0.0013073298473 
30 59 0 8 0.00130314149603 
71 99 0 8 0.00129578379489 
58 78 0 8 0.00129037764138 
69 82 0 8 0.00128959795608 
41 106 0 8 0.00128880471401 
20 34 0 8 0.00128526874526 
4 59 0 8 0.00126414538292 
27 100 0 8 0.00126340458729 
34 78 0 8 0.00126295251348 
3 57 0 8 0.00125937319286 
12 82 0 8 0.00125388864038 
28 55 0 8 0.00125104208315 
4 66 0 8 0.00122729272294 
6 67 0 8 0.00122094526911 
46 106 0 8 0.00117013802797 
4 30 0 8 0.00115230725696 
34 87 0 8 0.00114317976068 
62 100 0 8 0.00113816676803 
4 50 0 8 0.00113450154142 
43 85 0 8 0.00112228326911 
16 56 0 8 0.00109308044337 
2 73 0 8 0.00107844969531 
58 106 0 8 0.00106616215614 
2 97 0 8 0.0009062120663 
