14 28 0 8 0.00818477641048 
7 43 0 8 0.00787482109745 
13 25 0 8 0.00761143576687 
14 26 0 8 0.00757058257228 
13 27 0 8 0.00745061555074 
7 36 0 8 0.00727735674927 
5 43 0 8 0.00711954540018 
14 43 0 8 0.00703972573288 
13 26 0 8 0.00701622054604 
7 41 0 8 0.0069531816569 
14 27 0 8 0.00683804647196 
5 42 0 8 0.0068259268504 
12 29 0 8 0.00675892260255 
12 28 0 8 0.00670248580372 
7 28 0 8 0.00663442649746 
13 28 0 8 0.0065290005482 
14 31 0 8 0.00646839912124 
12 27 0 8 0.00641831306778 
9 36 0 8 0.00637053713697 
6 40 0 8 0.00635614122695 
6 41 0 8 0.00633124736624 
7 31 0 8 0.00629945860366 
9 33 0 8 0.00628182145007 
5 17 0 8 0.00623518925414 
6 43 0 8 0.00619914614963 
9 37 0 8 0.00618373868637 
6 42 0 8 0.00617341892173 
7 42 0 8 0.00612325085652 
26 45 0 8 0.00600030309193 
9 39 0 8 0.00592398642343 
9 34 0 8 0.0059135551179 
8 41 0 8 0.00571625956648 
14 45 0 8 0.00561508918893 
13 31 0 8 0.00550257170385 
7 40 0 8 0.00547815284308 
9 31 0 8 0.0054743338071 
28 45 0 8 0.00546021594325 
5 44 0 8 0.00541746415226 
16 45 0 8 0.00540690733209 
9 38 0 8 0.0054001050572 
7 39 0 8 0.005363744759 
7 35 0 8 0.00534526879131 
9 41 0 8 0.00531603614701 
12 31 0 8 0.00525103487602 
7 33 0 8 0.00524505242276 
6 39 0 8 0.00522809967242 
9 32 0 8 0.00521285882633 
8 40 0 8 0.00519845911243 
12 33 0 8 0.00514893228712 
14 36 0 8 0.00511552360325 
16 43 0 8 0.00507076728484 
8 39 0 8 0.00501543320305 
10 39 0 8 0.00496406289767 
8 33 0 8 0.00496403380453 
28 43 0 8 0.00494383931838 
8 36 0 8 0.00488045717656 
5 23 0 8 0.00479769146289 
7 37 0 8 0.00477005754777 
8 25 0 8 0.00469245112054 
8 37 0 8 0.00468761362753 
8 38 0 8 0.00468189629624 
11 25 0 8 0.00461685755366 
10 38 0 8 0.00461434126691 
12 34 0 8 0.00455026521213 
5 41 0 8 0.0045411038902 
5 40 0 8 0.00453759904158 
14 35 0 8 0.00450234882947 
12 32 0 8 0.00448362615937 
5 45 0 8 0.00444579759393 
8 31 0 8 0.00442879189311 
11 31 0 8 0.00442386762239 
7 38 0 8 0.00441718864765 
16 35 0 8 0.00440560319166 
12 30 0 8 0.00436525187636 
31 43 0 8 0.00435357243407 
11 27 0 8 0.00433017255762 
16 44 0 8 0.004313498184 
7 32 0 8 0.00427407373676 
30 45 0 8 0.00426446997836 
13 29 0 8 0.00424775763589 
26 47 0 8 0.00423714680494 
7 34 0 8 0.00421404312301 
28 46 0 8 0.00420628487351 
28 47 0 8 0.00412339975854 
15 43 0 8 0.00408845621265 
7 45 0 8 0.00405387730717 
13 32 0 8 0.00400702716046 
28 50 0 8 0.00400669917074 
10 37 0 8 0.00400011838743 
31 45 0 8 0.00399360566187 
30 50 0 8 0.00395754622165 
11 39 0 8 0.00394261829908 
7 30 0 8 0.00394038737589 
14 41 0 8 0.00394004292077 
10 33 0 8 0.00391656882676 
8 34 0 8 0.00390469915081 
16 42 0 8 0.00389669649801 
6 38 0 8 0.00388410788302 
19 47 0 8 0.0038829710228 
14 32 0 8 0.00385967115918 
16 40 0 8 0.00383678775109 
6 37 0 8 0.00382995470871 
8 32 0 8 0.00382639190254 
9 29 0 8 0.00381388990374 
10 34 0 8 0.00377039801607 
9 40 0 8 0.00372876606657 
6 45 0 8 0.00368210588148 
10 36 0 8 0.00364658312116 
26 50 0 8 0.00361091256814 
16 41 0 8 0.00360781941415 
15 42 0 8 0.00359522520122 
14 44 0 8 0.00359411610901 
5 37 0 8 0.00355155238261 
12 40 0 8 0.00354432111118 
5 39 0 8 0.00353720901191 
6 34 0 8 0.00353566266987 
29 50 0 8 0.00351304200733 
6 35 0 8 0.00348715376126 
16 47 0 8 0.00347885598727 
9 35 0 8 0.00343607729654 
7 44 0 8 0.0034337142503 
29 45 0 8 0.00343164543932 
6 36 0 8 0.00343160150821 
10 32 0 8 0.00342748039389 
27 50 0 8 0.0033986690654 
26 43 0 8 0.00338424782928 
10 35 0 8 0.00338191678786 
29 47 0 8 0.00337891484542 
16 36 0 8 0.00336858942315 
17 47 0 8 0.00335369554549 
30 46 0 8 0.0033510745798 
27 43 0 8 0.00327965835375 
27 47 0 8 0.00327134130603 
10 31 0 8 0.00326842774191 
28 42 0 8 0.0032454347978 
5 36 0 8 0.00322462965785 
28 41 0 8 0.00321347708872 
27 41 0 8 0.00319726051444 
10 27 0 8 0.00317166942686 
14 37 0 8 0.00316959575799 
6 25 0 8 0.00315978483658 
27 42 0 8 0.0031435987705 
10 29 0 8 0.00313203788873 
4 44 0 8 0.00308349662323 
9 23 0 8 0.00307781554631 
12 41 0 8 0.00306334870589 
9 27 0 8 0.00306174476737 
5 22 0 8 0.00306005439743 
12 35 0 8 0.003048721236 
5 26 0 8 0.00301498961159 
6 31 0 8 0.00300119051872 
11 40 0 8 0.00297757365711 
32 47 0 8 0.00297402486591 
18 47 0 8 0.00296598467743 
6 22 0 8 0.0029607728047 
18 40 0 8 0.00295160229345 
30 49 0 8 0.0029504671029 
30 47 0 8 0.00294441752192 
12 46 0 8 0.00292465852705 
17 32 0 8 0.00291168233513 
27 45 0 8 0.00290875420282 
6 32 0 8 0.00290623747008 
17 40 0 8 0.00288674176032 
27 51 0 8 0.00284419816568 
3 29 0 8 0.00283538807502 
5 46 0 8 0.00283133976168 
23 51 0 8 0.00282448201395 
24 45 0 8 0.00280010043913 
27 48 0 8 0.00277420817086 
29 51 0 8 0.00276251283511 
9 25 0 8 0.00274810693507 
26 48 0 8 0.0027453099727 
26 44 0 8 0.0027446113674 
6 24 0 8 0.00273174628387 
12 43 0 8 0.00272508413598 
30 42 0 8 0.00272143320027 
16 49 0 8 0.0027169381877 
3 17 0 8 0.00271391028811 
10 23 0 8 0.00270579353515 
26 41 0 8 0.00269147588241 
13 37 0 8 0.00267169445509 
15 29 0 8 0.00267133720631 
6 30 0 8 0.00266891426655 
11 42 0 8 0.00266407443928 
24 47 0 8 0.00266211093268 
3 22 0 8 0.00264851488087 
10 51 0 8 0.00263905204637 
9 46 0 8 0.00262948680331 
15 47 0 8 0.00262551453034 
19 40 0 8 0.00262119925457 
18 48 0 8 0.00261872159796 
20 45 0 8 0.00260977316688 
29 42 0 8 0.00260145455139 
27 49 0 8 0.00258568922425 
15 31 0 8 0.00258480289954 
32 45 0 8 0.00258089665106 
10 44 0 8 0.00257660243873 
26 42 0 8 0.00257418295314 
6 50 0 8 0.00253841744897 
19 39 0 8 0.00253054410053 
10 47 0 8 0.0025254289935 
4 22 0 8 0.00250660773159 
16 48 0 8 0.00250512370007 
2 41 0 8 0.00250033259002 
19 38 0 8 0.00249600872953 
19 48 0 8 0.00249046097756 
3 24 0 8 0.00248149408434 
17 29 0 8 0.00247493382693 
12 50 0 8 0.00246493284312 
24 50 0 8 0.00246399487135 
21 40 0 8 0.00246236738103 
12 49 0 8 0.00246146519444 
3 19 0 8 0.00246014484353 
31 51 0 8 0.00245068331914 
3 23 0 8 0.00244481376518 
32 50 0 8 0.00244107863153 
10 49 0 8 0.00243509536803 
3 46 0 8 0.00242955061221 
3 15 0 8 0.00242630382661 
19 32 0 8 0.00241338479173 
25 50 0 8 0.00240747808454 
36 54 0 8 0.00240649495543 
22 44 0 8 0.00239919554956 
9 49 0 8 0.00239907752984 
18 35 0 8 0.00238747923767 
20 48 0 8 0.0023866904916 
5 29 0 8 0.00238536311918 
4 16 0 8 0.00237481871627 
6 20 0 8 0.00237094540033 
10 22 0 8 0.00236517906203 
22 50 0 8 0.00233377103302 
8 48 0 8 0.00232348375722 
2 43 0 8 0.00231757604682 
20 44 0 8 0.00229803146383 
26 40 0 8 0.0022747427233 
13 49 0 8 0.00226869927792 
33 45 0 8 0.00225508540401 
2 25 0 8 0.00225370442977 
1 19 0 8 0.00223646471152 
22 42 0 8 0.00222106027824 
2 40 0 8 0.00220881487267 
1 26 0 8 0.00219883274567 
1 42 0 8 0.00217194485123 
5 50 0 8 0.0021629916481 
18 49 0 8 0.00215732977828 
2 37 0 8 0.00215355338517 
23 39 0 8 0.00215177031147 
1 20 0 8 0.00214962433747 
18 31 0 8 0.00214803381665 
34 46 0 8 0.00214105080526 
9 51 0 8 0.00211670008121 
38 51 0 8 0.0021106290861 
2 16 0 8 0.00210964847643 
1 24 0 8 0.00210536455314 
12 54 0 8 0.00209952523554 
2 36 0 8 0.00209885407156 
35 49 0 8 0.00207595985533 
30 52 0 8 0.00206401758732 
8 51 0 8 0.00205614673985 
36 52 0 8 0.00203300061564 
33 52 0 8 0.00202192356138 
39 54 0 8 0.00196220003018 
20 52 0 8 0.00192290207443 
26 39 0 8 0.00190781527355 
1 36 0 8 0.00190358224634 
1 16 0 8 0.00189288935801 
20 33 0 8 0.00187008228515 
20 53 0 8 0.00186012936453 
17 51 0 8 0.00184073622806 
30 54 0 8 0.00180100144737 
1 48 0 8 0.00175722091604 
4 53 0 8 0.001694757316 
4 55 0 8 0.00160781119846 
41 55 0 8 0.00147147165762 
1 53 0 8 0.00143079874363 
