26 54 0 8 0.009974040178 
22 57 0 8 0.00710431618244 
52 65 0 8 0.00678597977877 
23 56 0 8 0.00619348812192 
50 65 0 8 0.00603144409338 
25 54 0 8 0.00550150460712 
25 56 0 8 0.00538179188898 
50 67 0 8 0.00519666367267 
27 53 0 8 0.00492851186758 
28 52 0 8 0.00480130742984 
28 45 0 8 0.00448934243648 
4 23 0 8 0.00440871737682 
27 51 0 8 0.0044045423643 
28 51 0 8 0.00437252032313 
8 20 0 8 0.00431871971201 
18 55 0 8 0.00430917936739 
19 57 0 8 0.00424932905378 
49 68 0 8 0.00412097924796 
51 68 0 8 0.00410768100665 
47 69 0 8 0.0039597838676 
18 53 0 8 0.00395183703471 
45 68 0 8 0.00393139590053 
25 61 0 8 0.00389653992465 
25 55 0 8 0.00381305188401 
24 55 0 8 0.00378884993865 
5 24 0 8 0.00378290170199 
22 55 0 8 0.00376992183815 
53 66 0 8 0.00372142585581 
47 70 0 8 0.00372087944613 
24 53 0 8 0.00369527370163 
29 52 0 8 0.00367767187392 
7 20 0 8 0.00366432498893 
5 18 0 8 0.00363967119989 
6 20 0 8 0.0036289547543 
50 68 0 8 0.00362558014906 
2 23 0 8 0.00358144496978 
27 45 0 8 0.00357162667485 
23 57 0 8 0.00355019890843 
15 69 0 8 0.00353817453439 
51 66 0 8 0.0033753509448 
6 35 0 8 0.0032969685277 
26 53 0 8 0.00329216574512 
48 67 0 8 0.00326899935387 
18 64 0 8 0.00325524043703 
14 66 0 8 0.00313373236834 
48 68 0 8 0.00312757223996 
29 54 0 8 0.00310395793141 
50 66 0 8 0.0031010173439 
23 55 0 8 0.00309573223808 
28 41 0 8 0.00309238726747 
27 52 0 8 0.00308280077084 
17 64 0 8 0.00306165956204 
5 22 0 8 0.00303358335412 
4 21 0 8 0.00302066439536 
16 66 0 8 0.00301231353198 
13 66 0 8 0.00300057513197 
27 41 0 8 0.00299445931026 
24 56 0 8 0.00298638726025 
47 68 0 8 0.00297672664783 
28 53 0 8 0.00297089556708 
5 21 0 8 0.00296451775806 
51 65 0 8 0.00295434862216 
5 20 0 8 0.00294972456358 
27 54 0 8 0.00290712768144 
52 66 0 8 0.0028585312704 
3 38 0 8 0.00281160142875 
49 67 0 8 0.00279399924189 
51 67 0 8 0.00279364439678 
6 21 0 8 0.00278450430178 
3 35 0 8 0.00278263238335 
22 62 0 8 0.00277850915644 
3 24 0 8 0.00275910855142 
24 54 0 8 0.00274877422108 
43 71 0 8 0.00273756168815 
19 58 0 8 0.00272789019895 
26 52 0 8 0.00272412758134 
3 23 0 8 0.00272023328154 
48 69 0 8 0.00271811366712 
46 68 0 8 0.00271404372019 
27 42 0 8 0.00269117770991 
22 56 0 8 0.00267478763653 
53 65 0 8 0.00264553309483 
16 64 0 8 0.00263116725105 
68 80 0 8 0.0026215631296 
52 64 0 8 0.00261551788841 
24 38 0 8 0.00260511089367 
24 57 0 8 0.00260097182128 
18 66 0 8 0.00256577325382 
13 69 0 8 0.00254941218836 
68 81 0 8 0.00252435285097 
21 58 0 8 0.00251298561269 
66 82 0 8 0.00251025016608 
6 39 0 8 0.00249850945009 
5 23 0 8 0.00249725803652 
4 20 0 8 0.00246526006312 
21 56 0 8 0.00246186320227 
22 58 0 8 0.00245402367658 
3 32 0 8 0.00243052152959 
20 58 0 8 0.00242475662416 
26 61 0 8 0.00241964794354 
26 63 0 8 0.00241244324509 
21 59 0 8 0.00239824642893 
19 55 0 8 0.00239771305853 
46 70 0 8 0.00238845778449 
18 57 0 8 0.00238553530298 
50 69 0 8 0.00237529203324 
13 68 0 8 0.00237478544198 
48 70 0 8 0.00236543362392 
9 39 0 8 0.00235146937431 
6 23 0 8 0.00233431349304 
28 54 0 8 0.00232827406642 
7 35 0 8 0.00231984938658 
1 33 0 8 0.00231930628613 
4 35 0 8 0.00230412270094 
66 81 0 8 0.00230291378021 
14 53 0 8 0.00229615480127 
44 68 0 8 0.00229461909689 
26 51 0 8 0.00229364370031 
66 80 0 8 0.00228967865854 
52 67 0 8 0.00228673086225 
23 59 0 8 0.00227305906771 
78 90 0 8 0.00226703886838 
29 63 0 8 0.0022660800301 
49 69 0 8 0.00226118206013 
1 31 0 8 0.00225499821863 
67 83 0 8 0.00224465473677 
13 51 0 8 0.00224331465999 
3 34 0 8 0.00224079793701 
46 71 0 8 0.00223216170487 
13 48 0 8 0.00223190186755 
5 38 0 8 0.0022241443914 
21 60 0 8 0.002222597438 
7 19 0 8 0.00221490585204 
69 81 0 8 0.0022134400028 
47 67 0 8 0.00221280446772 
73 85 0 8 0.00220647859391 
19 65 0 8 0.00220341915091 
67 80 0 8 0.00220310470862 
5 35 0 8 0.00220195325268 
17 66 0 8 0.00220066610235 
67 81 0 8 0.00219059465666 
19 59 0 8 0.00218868988668 
75 88 0 8 0.00218133618421 
9 83 0 8 0.00217913132955 
45 70 0 8 0.00217716606319 
7 83 0 8 0.00217242983569 
19 60 0 8 0.00217144216716 
47 71 0 8 0.00215538400691 
6 24 0 8 0.00215406876354 
42 68 0 8 0.00215324275061 
6 34 0 8 0.00215195262037 
6 43 0 8 0.00214713633663 
64 83 0 8 0.00214685796437 
3 39 0 8 0.00214035424566 
5 19 0 8 0.0021374056615 
5 34 0 8 0.00213338330812 
18 62 0 8 0.00213178119404 
13 47 0 8 0.00212927098331 
75 89 0 8 0.00212688318386 
6 38 0 8 0.00212612855915 
42 66 0 8 0.00211384190753 
30 48 0 8 0.00211019715075 
75 87 0 8 0.00210542349215 
1 35 0 8 0.00210511729441 
66 83 0 8 0.00210288082409 
44 70 0 8 0.00210084405589 
16 65 0 8 0.00209902058872 
7 21 0 8 0.00209832156223 
19 64 0 8 0.00209616997743 
12 69 0 8 0.00209586938751 
7 39 0 8 0.00209027256982 
3 42 0 8 0.00208282368977 
16 50 0 8 0.00207478263071 
74 89 0 8 0.00207407781395 
14 64 0 8 0.00207379726193 
13 42 0 8 0.00207301004857 
9 43 0 8 0.00206982297502 
23 35 0 8 0.00206913786234 
39 71 0 8 0.00206798528616 
16 67 0 8 0.00206581288321 
77 89 0 8 0.00206278522955 
2 78 0 8 0.00206208486361 
65 83 0 8 0.00205871861967 
43 68 0 8 0.00205871502329 
6 36 0 8 0.00205337869924 
7 22 0 8 0.00205098307655 
76 90 0 8 0.00204745517808 
30 50 0 8 0.00204266628207 
74 88 0 8 0.00204219017041 
44 71 0 8 0.0020407893917 
72 91 0 8 0.0020389412465 
6 42 0 8 0.00203610977964 
72 85 0 8 0.00203505660325 
64 84 0 8 0.00203261314579 
12 80 0 8 0.00203216747416 
13 67 0 8 0.00203181126625 
74 87 0 8 0.0020316596105 
17 55 0 8 0.00203005627483 
8 39 0 8 0.00202994545606 
27 44 0 8 0.00202574028285 
9 80 0 8 0.00201977282645 
9 79 0 8 0.00201617345847 
2 24 0 8 0.00201593839219 
13 53 0 8 0.0020142254823 
49 65 0 8 0.00201268660359 
14 42 0 8 0.00200599812193 
12 47 0 8 0.00199692780862 
40 71 0 8 0.00199063530316 
28 48 0 8 0.00198936099956 
7 81 0 8 0.00198890442146 
12 42 0 8 0.00198758999574 
75 90 0 8 0.00198436778729 
1 89 0 8 0.00198418086198 
39 79 0 8 0.00198184083928 
73 88 0 8 0.00198123096261 
5 42 0 8 0.00197742685423 
64 82 0 8 0.00197616973583 
31 61 0 8 0.00197176785333 
30 44 0 8 0.00197043313403 
5 25 0 8 0.00196893767772 
16 43 0 8 0.00196705257255 
11 47 0 8 0.00196494275711 
77 90 0 8 0.00196039689497 
17 62 0 8 0.00195968095319 
8 42 0 8 0.00195934580372 
65 84 0 8 0.00195675748107 
9 45 0 8 0.00195147456391 
21 52 0 8 0.00195022321082 
71 91 0 8 0.00194939742336 
67 82 0 8 0.00194841206065 
73 89 0 8 0.0019436035056 
30 61 0 8 0.0019425258748 
16 42 0 8 0.00193723665415 
74 90 0 8 0.00193592266422 
72 89 0 8 0.00192985427681 
7 42 0 8 0.00192803334161 
4 43 0 8 0.0019233151952 
6 32 0 8 0.00192073872566 
21 40 0 8 0.00191742172052 
22 37 0 8 0.00191308060007 
8 82 0 8 0.00190760295869 
20 40 0 8 0.00190291901562 
9 35 0 8 0.00190051643327 
9 46 0 8 0.00190005736685 
38 53 0 8 0.00189976897498 
31 59 0 8 0.00189519215367 
1 39 0 8 0.00189055562996 
2 25 0 8 0.00189014817784 
15 52 0 8 0.00188820318998 
27 68 0 8 0.00188764516135 
76 88 0 8 0.0018863702478 
65 82 0 8 0.00188522795524 
13 49 0 8 0.00187811950117 
17 57 0 8 0.00187603170635 
1 73 0 8 0.00187383633426 
12 43 0 8 0.00187243779783 
1 83 0 8 0.00186913015355 
16 53 0 8 0.00186886265765 
9 71 0 8 0.00186884360687 
40 75 0 8 0.0018677850876 
12 39 0 8 0.00186650864495 
13 46 0 8 0.00186457369022 
14 45 0 8 0.00186171841437 
72 88 0 8 0.00185855371587 
70 84 0 8 0.00185757122437 
30 60 0 8 0.00185709512787 
36 91 0 8 0.0018568493327 
40 70 0 8 0.00185552395343 
73 87 0 8 0.0018553811193 
3 86 0 8 0.00185463922775 
20 65 0 8 0.00185345118775 
5 32 0 8 0.00185072847609 
9 82 0 8 0.00185045186353 
18 42 0 8 0.00184634070129 
2 87 0 8 0.00184010382499 
40 72 0 8 0.00183757084005 
11 46 0 8 0.00183695705157 
78 91 0 8 0.00183608302297 
23 47 0 8 0.00183177586772 
13 50 0 8 0.00182902459348 
36 75 0 8 0.00182701722957 
15 44 0 8 0.0018263131647 
14 47 0 8 0.00182452090119 
31 50 0 8 0.0018233972088 
76 89 0 8 0.00181654958569 
9 36 0 8 0.00181526803655 
71 87 0 8 0.00181248251964 
13 44 0 8 0.00181123894241 
46 73 0 8 0.00180939594567 
71 86 0 8 0.00180939325373 
74 91 0 8 0.00180858232488 
76 91 0 8 0.00180779901768 
2 89 0 8 0.0018045844959 
63 84 0 8 0.00180391465852 
21 47 0 8 0.00180008153292 
14 55 0 8 0.00179815414613 
9 40 0 8 0.00179662230104 
7 34 0 8 0.0017951238457 
70 85 0 8 0.00179475385727 
9 72 0 8 0.00179380111701 
2 82 0 8 0.00179157136279 
21 39 0 8 0.00178777349384 
2 33 0 8 0.00178723263889 
3 27 0 8 0.00178414996315 
3 40 0 8 0.00178106267053 
10 79 0 8 0.00177717517707 
79 91 0 8 0.00177464842918 
1 23 0 8 0.00177298019464 
73 91 0 8 0.00177241381003 
3 37 0 8 0.00176952762624 
20 43 0 8 0.00176777884408 
20 35 0 8 0.00176557993344 
12 79 0 8 0.00176510948795 
2 86 0 8 0.00176506812585 
1 90 0 8 0.00176201461785 
3 78 0 8 0.00176128819939 
4 40 0 8 0.0017606690771 
19 67 0 8 0.00175939511746 
30 56 0 8 0.00175483060117 
21 37 0 8 0.00175315455719 
75 91 0 8 0.00175102475092 
40 77 0 8 0.00175094527567 
29 59 0 8 0.00174673604938 
2 32 0 8 0.00174503703597 
63 85 0 8 0.00174497469245 
72 84 0 8 0.00174432538998 
1 91 0 8 0.0017425024587 
24 37 0 8 0.00174208578228 
12 53 0 8 0.00174040388776 
72 90 0 8 0.00173880307854 
70 86 0 8 0.00173707190772 
9 73 0 8 0.00172942909838 
15 48 0 8 0.00172789404254 
2 34 0 8 0.00172288438582 
5 55 0 8 0.00172098910944 
2 77 0 8 0.00172054162917 
31 56 0 8 0.00172051394608 
7 86 0 8 0.00171887053707 
36 90 0 8 0.00171862288232 
71 83 0 8 0.00171820035876 
1 81 0 8 0.00171745093602 
14 38 0 8 0.00171614175797 
1 84 0 8 0.00171441170939 
19 43 0 8 0.00171295670168 
69 88 0 8 0.00171222607455 
16 47 0 8 0.00171179487206 
64 85 0 8 0.00171137243525 
24 42 0 8 0.00170947859706 
65 85 0 8 0.00170856656234 
70 88 0 8 0.00170753875339 
70 89 0 8 0.00170336339754 
15 60 0 8 0.00170054705296 
13 32 0 8 0.00169968288193 
1 79 0 8 0.00169947124448 
2 76 0 8 0.00169362347242 
12 71 0 8 0.00169194667429 
32 51 0 8 0.0016896631553 
21 36 0 8 0.00168857734316 
77 91 0 8 0.00168609677412 
2 80 0 8 0.00168307380642 
36 72 0 8 0.00168302096302 
14 80 0 8 0.00168108131748 
1 88 0 8 0.00167799769839 
6 80 0 8 0.00167729478486 
1 76 0 8 0.00167571546363 
15 58 0 8 0.00167034048825 
62 84 0 8 0.00166732068071 
2 90 0 8 0.0016665431752 
1 85 0 8 0.0016652016208 
69 86 0 8 0.0016642973862 
5 53 0 8 0.0016638225097 
1 75 0 8 0.00166330923691 
50 63 0 8 0.0016623361566 
17 82 0 8 0.00165402604816 
13 58 0 8 0.00164755963212 
10 58 0 8 0.00164482803275 
5 51 0 8 0.0016428328638 
7 56 0 8 0.00163877627915 
12 81 0 8 0.00163703858559 
10 59 0 8 0.00163690756356 
1 43 0 8 0.00163332462711 
15 40 0 8 0.00162870384922 
2 73 0 8 0.00162759290433 
10 31 0 8 0.0016260028078 
34 57 0 8 0.00161929767499 
18 82 0 8 0.00161894258057 
41 76 0 8 0.00161650462482 
18 38 0 8 0.00161216941899 
7 31 0 8 0.00161205015791 
5 76 0 8 0.00161178479493 
12 38 0 8 0.00160836826495 
9 66 0 8 0.00160668315512 
12 78 0 8 0.00160041888538 
5 27 0 8 0.00159698828761 
63 86 0 8 0.00159528807193 
11 62 0 8 0.00159427813623 
47 78 0 8 0.00156697748611 
13 36 0 8 0.00156657713501 
58 73 0 8 0.00156428427614 
10 76 0 8 0.00155465278851 
6 47 0 8 0.00155226182263 
8 66 0 8 0.00153682757493 
32 53 0 8 0.00153510482559 
38 55 0 8 0.00153013530312 
28 68 0 8 0.00152567482353 
34 72 0 8 0.00152466948523 
2 91 0 8 0.0015239167179 
69 83 0 8 0.0015200259336 
2 19 0 8 0.00151026053644 
10 22 0 8 0.00150861993558 
17 36 0 8 0.00150650941421 
7 57 0 8 0.0015060903545 
32 79 0 8 0.00149691978692 
29 67 0 8 0.0014925398301 
35 82 0 8 0.00148326741746 
18 84 0 8 0.0014829931318 
7 88 0 8 0.00146910108369 
49 73 0 8 0.00146836494738 
47 77 0 8 0.00146804737036 
36 78 0 8 0.00145794639085 
21 69 0 8 0.00145473796005 
4 70 0 8 0.00145418740074 
42 77 0 8 0.00144919953205 
34 91 0 8 0.00144764247031 
11 85 0 8 0.00144536684344 
59 73 0 8 0.00144114079585 
12 34 0 8 0.0014297853912 
24 80 0 8 0.00142794572255 
34 71 0 8 0.00142763652891 
18 80 0 8 0.0014135696493 
24 71 0 8 0.00141287377222 
21 71 0 8 0.00140169030328 
1 70 0 8 0.00137469848841 
33 76 0 8 0.00137003667992 
33 83 0 8 0.00136853471596 
36 48 0 8 0.00135882903768 
38 66 0 8 0.00134137479161 
24 82 0 8 0.0013375357319 
12 24 0 8 0.00133036735062 
3 48 0 8 0.00131848693389 
61 73 0 8 0.001317569893 
3 51 0 8 0.00131153699595 
4 56 0 8 0.00130840548816 
56 73 0 8 0.00130093969736 
6 91 0 8 0.00129043594679 
5 64 0 8 0.00125785018686 
66 78 0 8 0.00125364676417 
15 87 0 8 0.00124902925314 
61 75 0 8 0.00124209443714 
31 43 0 8 0.00123865664051 
2 14 0 8 0.00123127495382 
39 56 0 8 0.00121101242224 
15 29 0 8 0.0012001222141 
44 58 0 8 0.0011413729026 
46 87 0 8 0.00107599670061 
