16 69 0 8 0.00339352061944 
49 62 0 8 0.00330484200674 
81 104 0 8 0.00329755165469 
81 106 0 8 0.00325371328869 
82 102 0 8 0.00314037262911 
42 69 0 8 0.00311048980445 
17 73 0 8 0.00308596763652 
23 45 0 8 0.00308357901365 
46 66 0 8 0.00308037912812 
42 81 0 8 0.00297924421435 
20 70 0 8 0.00295097324185 
82 105 0 8 0.00292003301503 
81 105 0 8 0.00285193362842 
20 66 0 8 0.00281168911194 
69 81 0 8 0.00280529047801 
42 70 0 8 0.00276794449532 
45 69 0 8 0.00274483024041 
20 45 0 8 0.00272921377361 
83 105 0 8 0.00271713987499 
45 81 0 8 0.00268053997121 
45 66 0 8 0.00266982983158 
50 62 0 8 0.00266767774258 
20 69 0 8 0.00263634275642 
81 103 0 8 0.00263285075328 
49 66 0 8 0.00263191364162 
17 69 0 8 0.0026023522052 
42 73 0 8 0.00258819158371 
80 106 0 8 0.00258733704683 
27 41 0 8 0.0025579418445 
49 65 0 8 0.00254958378691 
38 79 0 8 0.00253569042662 
17 72 0 8 0.00252466996865 
45 65 0 8 0.00252039360453 
20 41 0 8 0.0024757188313 
45 83 0 8 0.00247504177121 
38 82 0 8 0.00246994453283 
42 79 0 8 0.00245962314508 
80 104 0 8 0.00244533882217 
46 69 0 8 0.0024428661998 
19 105 0 8 0.00244107537138 
21 73 0 8 0.00243844780129 
23 106 0 8 0.00243108095883 
24 45 0 8 0.00239194666231 
13 72 0 8 0.00238927026153 
66 83 0 8 0.00238312894311 
65 83 0 8 0.00237716218518 
82 103 0 8 0.00237653792233 
23 41 0 8 0.00237201512266 
41 69 0 8 0.00237152696429 
83 106 0 8 0.00236455315117 
48 66 0 8 0.00236400238629 
79 105 0 8 0.0023546548005 
21 69 0 8 0.00235209406196 
79 106 0 8 0.00235067818459 
83 104 0 8 0.00234646806023 
48 62 0 8 0.00231139336899 
10 72 0 8 0.00230109397161 
24 41 0 8 0.0022931541188 
19 49 0 8 0.00229289180603 
44 69 0 8 0.00227937610251 
16 66 0 8 0.00227350178709 
13 69 0 8 0.00226433972754 
13 77 0 8 0.00226016033975 
80 103 0 8 0.00225694485075 
16 70 0 8 0.00223255825159 
17 70 0 8 0.00222110783611 
68 81 0 8 0.00220319412435 
9 65 0 8 0.00220070168736 
20 73 0 8 0.00219224008459 
42 66 0 8 0.00218526305393 
38 81 0 8 0.00218356177929 
82 106 0 8 0.00217203043283 
23 44 0 8 0.00217145487364 
82 101 0 8 0.00217072951738 
85 105 0 8 0.00216608755433 
86 105 0 8 0.00214572381405 
85 104 0 8 0.00214496147846 
46 81 0 8 0.00214433554647 
74 104 0 8 0.00214429705041 
12 65 0 8 0.00214356606008 
84 103 0 8 0.00214068676762 
46 65 0 8 0.00213955929915 
62 83 0 8 0.00213753220207 
12 62 0 8 0.00213712159755 
63 83 0 8 0.00213689428159 
21 105 0 8 0.0021365040839 
46 70 0 8 0.00212826329831 
21 79 0 8 0.00212597177702 
24 42 0 8 0.0021254197248 
89 104 0 8 0.00212369033856 
46 83 0 8 0.0021222569593 
66 81 0 8 0.00211631155819 
13 68 0 8 0.002113877335 
73 104 0 8 0.00210753246301 
80 107 0 8 0.00210082624941 
17 68 0 8 0.0020943458671 
42 106 0 8 0.0020915058724 
19 48 0 8 0.00207431040504 
20 81 0 8 0.00207039375567 
44 65 0 8 0.00205801846703 
41 81 0 8 0.00203927866084 
38 73 0 8 0.00203501402516 
83 103 0 8 0.0020293154349 
13 65 0 8 0.00202900383411 
20 105 0 8 0.00202456268083 
48 65 0 8 0.00201722097202 
45 108 0 8 0.00201432788866 
69 105 0 8 0.00201340281413 
20 49 0 8 0.00200574955224 
19 44 0 8 0.0020039104948 
45 106 0 8 0.00200195252706 
50 66 0 8 0.00200028719388 
80 108 0 8 0.00199639807098 
46 107 0 8 0.00199461947521 
39 102 0 8 0.00199261198915 
69 83 0 8 0.00199221753685 
24 81 0 8 0.001992173954 
17 105 0 8 0.00199153262298 
81 101 0 8 0.00198778291537 
80 105 0 8 0.00198628582427 
48 104 0 8 0.00198519703526 
6 81 0 8 0.00198417675056 
83 101 0 8 0.00197544504716 
78 107 0 8 0.00197168631542 
45 62 0 8 0.00197073041528 
24 69 0 8 0.00197072679859 
20 106 0 8 0.00196465621147 
77 108 0 8 0.00196293154341 
46 63 0 8 0.00196282955489 
50 69 0 8 0.00196190429357 
86 103 0 8 0.0019509090286 
23 48 0 8 0.0019466136438 
13 73 0 8 0.00193856224812 
18 105 0 8 0.00193480593933 
24 105 0 8 0.00193394509084 
20 68 0 8 0.00193209596712 
79 104 0 8 0.00192492154963 
70 104 0 8 0.0019205949739 
24 75 0 8 0.00191722964328 
45 70 0 8 0.00191510755358 
39 84 0 8 0.00191260785505 
84 105 0 8 0.00191169815037 
24 73 0 8 0.00191071274735 
73 106 0 8 0.00190602798702 
24 79 0 8 0.00190470129857 
85 102 0 8 0.00190035285478 
10 69 0 8 0.00190015131723 
43 66 0 8 0.00189954025678 
21 78 0 8 0.00189688499597 
16 65 0 8 0.00189502985183 
7 103 0 8 0.00189500939173 
18 69 0 8 0.00188949982693 
31 96 0 8 0.0018867971715 
85 103 0 8 0.00188473792789 
83 102 0 8 0.00188467917143 
43 83 0 8 0.00188088207824 
37 101 0 8 0.00187914606194 
77 107 0 8 0.00187312730547 
79 109 0 8 0.00187290735597 
71 103 0 8 0.00186971455496 
20 80 0 8 0.00186909328277 
41 65 0 8 0.00186689055855 
21 72 0 8 0.00186047959435 
8 24 0 8 0.00185931114337 
9 92 0 8 0.00185831179465 
14 73 0 8 0.00185594281086 
44 66 0 8 0.00185193572316 
31 90 0 8 0.00185193042547 
67 105 0 8 0.00185131165639 
49 83 0 8 0.00185122975612 
17 75 0 8 0.00185031915441 
15 49 0 8 0.0018465289713 
86 106 0 8 0.00184514248305 
13 42 0 8 0.00184468401671 
8 79 0 8 0.00184465557297 
39 83 0 8 0.00184433036074 
70 83 0 8 0.00184329099409 
30 94 0 8 0.00184299628173 
71 104 0 8 0.00184290685044 
17 104 0 8 0.00183885201734 
10 68 0 8 0.00183797870491 
20 79 0 8 0.00183753198155 
17 65 0 8 0.00183327840915 
24 106 0 8 0.00182986006869 
23 42 0 8 0.00182778663952 
77 106 0 8 0.00182758189148 
16 105 0 8 0.00182711851552 
66 105 0 8 0.00182481742605 
38 80 0 8 0.00182351327435 
27 45 0 8 0.00182058106822 
88 105 0 8 0.00181866586775 
72 104 0 8 0.00181775448874 
81 110 0 8 0.0018175850397 
46 62 0 8 0.00181724052114 
78 108 0 8 0.00181711708467 
72 105 0 8 0.00181692762993 
65 81 0 8 0.00180958600428 
20 104 0 8 0.0018079533639 
65 84 0 8 0.00180542620961 
43 63 0 8 0.00180522581858 
41 106 0 8 0.00180509170745 
70 102 0 8 0.00180406413192 
20 83 0 8 0.00180072593324 
39 82 0 8 0.00180017734737 
20 103 0 8 0.00179842885363 
45 68 0 8 0.00179781884097 
66 104 0 8 0.00179681329553 
68 103 0 8 0.00179566507418 
21 77 0 8 0.00179539032033 
21 106 0 8 0.00179443174737 
74 103 0 8 0.00179199169971 
23 105 0 8 0.00179031479415 
75 102 0 8 0.00178956764811 
78 109 0 8 0.00178944287097 
86 104 0 8 0.00178924421068 
27 71 0 8 0.00178802548912 
41 104 0 8 0.00178688324873 
47 62 0 8 0.00178625487495 
41 103 0 8 0.00178408345579 
45 73 0 8 0.00178349829561 
20 86 0 8 0.00177808849348 
50 63 0 8 0.00177684566978 
45 104 0 8 0.00177565126808 
10 77 0 8 0.00177558752452 
74 102 0 8 0.00177311809492 
9 24 0 8 0.00177311033257 
32 98 0 8 0.00177308904691 
14 72 0 8 0.00176012904059 
17 106 0 8 0.00175944139169 
79 107 0 8 0.00175887783004 
21 81 0 8 0.0017588274696 
75 104 0 8 0.0017578962831 
23 49 0 8 0.00175459301679 
13 45 0 8 0.00175180463419 
10 65 0 8 0.00175131879171 
17 77 0 8 0.00175003709366 
24 78 0 8 0.00174996262827 
6 61 0 8 0.00174662131158 
21 80 0 8 0.00174407832151 
39 101 0 8 0.00174118918514 
48 83 0 8 0.00173885829917 
88 103 0 8 0.00173827285836 
5 48 0 8 0.00173220272949 
9 28 0 8 0.00173207352772 
22 105 0 8 0.00173125059528 
31 98 0 8 0.00173085467927 
77 109 0 8 0.0017306074912 
34 91 0 8 0.00172874395479 
67 103 0 8 0.00172802129927 
41 72 0 8 0.00172525942134 
44 104 0 8 0.00172452978144 
45 80 0 8 0.00172390738158 
8 80 0 8 0.00172385494707 
38 78 0 8 0.00172246449153 
20 46 0 8 0.00172160367709 
16 103 0 8 0.00171897182841 
20 77 0 8 0.00171888701653 
20 75 0 8 0.00171393191507 
20 84 0 8 0.00171340241164 
6 97 0 8 0.00171192762426 
30 95 0 8 0.00171161619547 
8 103 0 8 0.00171157325186 
88 104 0 8 0.00170759238625 
67 88 0 8 0.0017071856676 
6 103 0 8 0.00170654399308 
24 86 0 8 0.0017047315028 
45 82 0 8 0.00170281225558 
9 101 0 8 0.00170266827524 
8 68 0 8 0.00170235770487 
46 106 0 8 0.00170032817625 
20 91 0 8 0.00170029853473 
87 105 0 8 0.0016972154772 
46 84 0 8 0.00169708334988 
19 52 0 8 0.00169496820908 
67 87 0 8 0.00169445468577 
34 94 0 8 0.00169329305561 
53 66 0 8 0.00169322715241 
31 89 0 8 0.00169273658976 
47 65 0 8 0.00169212421786 
90 102 0 8 0.00168632479031 
23 83 0 8 0.00168555318389 
76 107 0 8 0.0016833116072 
80 102 0 8 0.00168313629954 
84 101 0 8 0.00168091253526 
19 69 0 8 0.00167965098459 
47 59 0 8 0.00167875506888 
13 79 0 8 0.00167338071226 
67 83 0 8 0.00167281623929 
10 103 0 8 0.00167266527656 
67 102 0 8 0.00167061909064 
34 87 0 8 0.00166947473178 
28 98 0 8 0.00166931029388 
16 92 0 8 0.00166803598113 
79 110 0 8 0.00166759799541 
64 100 0 8 0.00166695302061 
87 102 0 8 0.00166317269553 
49 63 0 8 0.00166075175989 
21 70 0 8 0.00166028925808 
12 68 0 8 0.00165927645241 
19 104 0 8 0.00165711228837 
27 44 0 8 0.00165519640535 
32 96 0 8 0.00165073007185 
7 104 0 8 0.00164895800614 
9 76 0 8 0.00164699899523 
18 70 0 8 0.00164591742229 
65 87 0 8 0.00164525482339 
67 86 0 8 0.00164460673325 
53 69 0 8 0.00164387991579 
61 87 0 8 0.00164260222645 
83 107 0 8 0.00164228130661 
27 87 0 8 0.00164117063794 
48 63 0 8 0.0016386310526 
65 103 0 8 0.00163705519827 
68 82 0 8 0.00163511001544 
32 92 0 8 0.00163387074294 
38 103 0 8 0.00163350402595 
31 97 0 8 0.00163342096068 
74 95 0 8 0.00163285928073 
75 101 0 8 0.00163194050802 
25 42 0 8 0.00163078032405 
21 74 0 8 0.00162868275848 
8 101 0 8 0.00162663480257 
26 43 0 8 0.00162174017011 
40 103 0 8 0.00162097772506 
6 64 0 8 0.00162000402932 
52 66 0 8 0.00161921122299 
23 88 0 8 0.00161685076712 
89 101 0 8 0.00161608003637 
10 75 0 8 0.00161130657637 
46 68 0 8 0.00161084456396 
83 108 0 8 0.00161022129057 
24 80 0 8 0.00161018125595 
24 38 0 8 0.00160983989145 
11 52 0 8 0.00160923773141 
24 88 0 8 0.0016084874285 
49 72 0 8 0.00160442653059 
27 68 0 8 0.00160331887802 
23 86 0 8 0.00160253564798 
8 23 0 8 0.00160195696604 
63 87 0 8 0.0016015113841 
8 104 0 8 0.00160148718886 
27 42 0 8 0.00159719551537 
86 101 0 8 0.00159645202042 
20 92 0 8 0.00159624110376 
47 60 0 8 0.00159583147491 
14 68 0 8 0.0015949048701 
27 80 0 8 0.00159461220057 
28 41 0 8 0.001594395049 
27 105 0 8 0.00159159479196 
17 85 0 8 0.00159048171125 
27 88 0 8 0.00159013689291 
16 83 0 8 0.00158925850466 
81 109 0 8 0.00158748321321 
88 101 0 8 0.00158731194255 
46 72 0 8 0.00158722535117 
12 79 0 8 0.00158673560684 
55 69 0 8 0.00158613934784 
24 83 0 8 0.00158472227116 
9 72 0 8 0.00158445686468 
27 82 0 8 0.0015843751815 
37 72 0 8 0.00158288844209 
84 107 0 8 0.00158181157419 
6 55 0 8 0.00158104598474 
37 73 0 8 0.00158094341839 
8 89 0 8 0.00157967793808 
19 47 0 8 0.00157921769318 
38 72 0 8 0.00157795238587 
6 104 0 8 0.00157577848789 
27 83 0 8 0.00157453352282 
6 63 0 8 0.00157006179836 
64 98 0 8 0.00156860841896 
18 48 0 8 0.00156848417672 
23 71 0 8 0.00156589237551 
67 90 0 8 0.00156540519877 
56 79 0 8 0.00156526242184 
87 106 0 8 0.00156266902146 
61 86 0 8 0.00156128127993 
8 64 0 8 0.00156118431413 
88 102 0 8 0.00155767687493 
85 107 0 8 0.00155675281706 
15 42 0 8 0.00155665359991 
71 94 0 8 0.00155578482541 
5 49 0 8 0.00155439214851 
16 61 0 8 0.00155418454576 
17 38 0 8 0.00155366445918 
43 67 0 8 0.00155351181927 
1 93 0 8 0.00155279604984 
17 84 0 8 0.00155031761497 
81 97 0 8 0.00154748669321 
11 35 0 8 0.0015469517668 
8 84 0 8 0.00154262590219 
16 88 0 8 0.00154188315311 
19 102 0 8 0.0015415910918 
48 85 0 8 0.00154078449522 
85 98 0 8 0.00153533189269 
16 90 0 8 0.00153494328362 
64 103 0 8 0.00153442078941 
2 93 0 8 0.00153422431469 
72 102 0 8 0.001532625078 
8 86 0 8 0.0015298890854 
4 96 0 8 0.00152738450673 
70 90 0 8 0.00152692208857 
41 87 0 8 0.00152557526502 
17 82 0 8 0.00152477557028 
7 93 0 8 0.0015247464559 
7 36 0 8 0.00151793392241 
19 88 0 8 0.00151750094644 
8 76 0 8 0.00151689166992 
86 107 0 8 0.00151477873732 
37 84 0 8 0.00151264452254 
40 84 0 8 0.00151168131544 
6 68 0 8 0.00150807543994 
12 71 0 8 0.00150343923177 
44 58 0 8 0.00150119794449 
84 99 0 8 0.00150114617425 
10 101 0 8 0.00150059050686 
44 108 0 8 0.00150057197499 
6 65 0 8 0.00149972679893 
14 38 0 8 0.00149639227813 
74 93 0 8 0.00149588234528 
88 106 0 8 0.00149550758098 
27 107 0 8 0.00149326487629 
10 59 0 8 0.0014914637398 
70 84 0 8 0.00149008185498 
78 102 0 8 0.00148904209947 
12 74 0 8 0.00148890205016 
90 103 0 8 0.00148886256471 
26 40 0 8 0.00148644086269 
44 59 0 8 0.00148542156278 
3 30 0 8 0.00148185181609 
7 88 0 8 0.00148155542588 
7 61 0 8 0.00147910716737 
64 99 0 8 0.00147901647086 
3 98 0 8 0.00147874219812 
30 68 0 8 0.00147857607506 
23 37 0 8 0.00147428243346 
39 86 0 8 0.0014738424996 
34 102 0 8 0.00147337881371 
37 86 0 8 0.00147135337313 
8 71 0 8 0.00147033312275 
1 97 0 8 0.00146707280014 
71 99 0 8 0.00146582244053 
47 85 0 8 0.00146405579041 
28 104 0 8 0.00146371255017 
9 52 0 8 0.00145623675567 
40 100 0 8 0.00145447941917 
39 105 0 8 0.00145419181694 
22 73 0 8 0.00145294013591 
40 73 0 8 0.00145205790223 
1 98 0 8 0.00145093774248 
5 60 0 8 0.00145086371136 
20 64 0 8 0.00145008044053 
35 78 0 8 0.00144879332504 
13 44 0 8 0.00144822495397 
50 74 0 8 0.00144336394808 
19 85 0 8 0.00144251218281 
5 89 0 8 0.0014404252122 
10 56 0 8 0.00143928621603 
86 98 0 8 0.00143889819706 
10 46 0 8 0.00143841741371 
5 58 0 8 0.00143837567766 
22 78 0 8 0.00143736020265 
8 83 0 8 0.00143659533843 
7 43 0 8 0.00143195381525 
36 73 0 8 0.00143095504182 
23 108 0 8 0.00142906282031 
2 40 0 8 0.00142816727514 
6 54 0 8 0.00142784180244 
43 60 0 8 0.00142784058974 
44 102 0 8 0.00142544296939 
60 88 0 8 0.00142385222252 
6 99 0 8 0.00142077348801 
7 51 0 8 0.00142016264034 
24 96 0 8 0.00141928399268 
58 77 0 8 0.00141891687074 
25 79 0 8 0.00141860509345 
15 107 0 8 0.00141692676159 
39 63 0 8 0.00141557819803 
6 72 0 8 0.0014143126417 
33 98 0 8 0.0014131276135 
52 65 0 8 0.00141272796067 
25 75 0 8 0.0014121245024 
82 96 0 8 0.00141201483624 
6 82 0 8 0.00141031346811 
6 87 0 8 0.00141002744988 
24 94 0 8 0.00140912424132 
5 105 0 8 0.00140534528853 
15 51 0 8 0.00140477508991 
13 90 0 8 0.00140400432152 
70 108 0 8 0.00140006465707 
91 103 0 8 0.00139948152389 
5 62 0 8 0.00139838154374 
67 96 0 8 0.00138734282869 
14 85 0 8 0.00138607751356 
26 99 0 8 0.0013844427729 
1 40 0 8 0.00138283802998 
75 99 0 8 0.00138250774337 
28 86 0 8 0.00138211548961 
65 80 0 8 0.00138051231431 
41 89 0 8 0.00137775253522 
18 66 0 8 0.00137575366015 
28 72 0 8 0.0013733573878 
23 67 0 8 0.00137323254919 
15 74 0 8 0.00137306331406 
7 79 0 8 0.00137091718169 
5 92 0 8 0.00136935157097 
6 83 0 8 0.00136219201962 
8 45 0 8 0.00135910308153 
63 77 0 8 0.00135602882453 
55 77 0 8 0.0013540624137 
52 74 0 8 0.00135393029504 
48 75 0 8 0.00135305069652 
22 83 0 8 0.00135001458747 
26 89 0 8 0.00134948868662 
27 79 0 8 0.00134843524099 
58 89 0 8 0.00134740801433 
31 68 0 8 0.00134648981971 
23 36 0 8 0.00134284536924 
53 76 0 8 0.00133599119893 
25 39 0 8 0.00132785845882 
25 38 0 8 0.00132597238936 
82 111 0 8 0.00132184217965 
1 31 0 8 0.0013205721182 
74 90 0 8 0.0013202285262 
47 87 0 8 0.00131197350797 
4 57 0 8 0.00131159678406 
24 111 0 8 0.00130816635415 
50 84 0 8 0.00130718540605 
15 40 0 8 0.00129878401048 
2 52 0 8 0.00129201088663 
50 108 0 8 0.00128616833445 
47 78 0 8 0.00128464164714 
84 97 0 8 0.00128068735261 
16 56 0 8 0.00127964936298 
72 95 0 8 0.00127136019719 
61 100 0 8 0.00126638161373 
82 95 0 8 0.00126508667929 
64 94 0 8 0.00126501714286 
30 64 0 8 0.00126488654663 
2 26 0 8 0.00125723693329 
62 75 0 8 0.00125596049894 
59 103 0 8 0.00124932480538 
22 91 0 8 0.00124436755329 
52 105 0 8 0.00123900931417 
71 110 0 8 0.00123267579178 
35 106 0 8 0.00123000841549 
15 99 0 8 0.00122573086777 
35 71 0 8 0.00122054354216 
6 74 0 8 0.00122007073091 
78 113 0 8 0.00121684382705 
62 108 0 8 0.00121233344431 
25 112 0 8 0.0012098824424 
57 93 0 8 0.0011995277594 
60 73 0 8 0.00119897219578 
61 74 0 8 0.00119336026003 
39 96 0 8 0.00119271739647 
25 49 0 8 0.00118130235336 
40 57 0 8 0.00117420496785 
26 111 0 8 0.0011645014248 
21 113 0 8 0.00115086277934 
13 28 0 8 0.00114929615486 
2 68 0 8 0.00113317456087 
77 92 0 8 0.00113146158435 
86 111 0 8 0.00112850148991 
38 59 0 8 0.00111477383646 
24 52 0 8 0.00111019809637 
54 100 0 8 0.00106689274105 
56 109 0 8 0.00103920824842 
66 112 0 8 0.00103484747491 
11 113 0 8 0.000974798014511 
