7 20 0 8 0.00494922672096 
22 46 0 8 0.00471652046983 
8 30 0 8 0.00470142533476 
28 41 0 8 0.0045826736126 
8 20 0 8 0.00450522186247 
7 49 0 8 0.00431167627898 
8 38 0 8 0.00414483330896 
8 46 0 8 0.00409555835007 
8 24 0 8 0.00407611446486 
27 49 0 8 0.00398108722825 
28 50 0 8 0.00396160154271 
23 42 0 8 0.00394678843484 
26 42 0 8 0.00393263483722 
11 45 0 8 0.00390198382395 
15 50 0 8 0.00389966554963 
7 50 0 8 0.00389651242103 
15 53 0 8 0.00384584390677 
8 21 0 8 0.00384090317408 
11 46 0 8 0.00383184992731 
11 24 0 8 0.00381926464539 
11 42 0 8 0.00378180859996 
7 29 0 8 0.00368588864331 
4 21 0 8 0.00365714923961 
20 42 0 8 0.00365700853622 
3 18 0 8 0.00365680564265 
8 31 0 8 0.00364084857369 
2 19 0 8 0.00362075034411 
10 49 0 8 0.00359694458457 
7 21 0 8 0.00357560005992 
33 66 0 8 0.00357046130513 
7 45 0 8 0.00356526461698 
22 44 0 8 0.00354755806559 
14 45 0 8 0.003528021013 
3 17 0 8 0.00352307069044 
19 42 0 8 0.00349536660811 
47 64 0 8 0.0034944504502 
7 42 0 8 0.0034856220158 
8 34 0 8 0.00347042961138 
14 48 0 8 0.00346733090524 
14 52 0 8 0.00346611138123 
11 35 0 8 0.00345583993389 
11 38 0 8 0.00345454185441 
7 35 0 8 0.00344724855905 
8 49 0 8 0.00344707955816 
15 48 0 8 0.00344156291719 
18 58 0 8 0.00343842474311 
19 38 0 8 0.00343770939252 
7 30 0 8 0.00343531589504 
50 66 0 8 0.00341849355063 
47 61 0 8 0.00338522250969 
7 24 0 8 0.00338452494196 
3 20 0 8 0.00338105214559 
10 45 0 8 0.00338035568635 
8 42 0 8 0.00337929011621 
10 42 0 8 0.00337837832525 
4 19 0 8 0.00337680459031 
26 45 0 8 0.00336636481562 
10 38 0 8 0.00336487343245 
6 42 0 8 0.00336391278682 
7 28 0 8 0.00336261746798 
20 38 0 8 0.00335745437951 
8 23 0 8 0.00335246903241 
27 60 0 8 0.00332346576469 
29 46 0 8 0.00331373136275 
2 20 0 8 0.00330914515567 
32 50 0 8 0.00329858404801 
6 45 0 8 0.00329318750006 
32 46 0 8 0.00328742980622 
7 23 0 8 0.00328307721996 
14 34 0 8 0.00327035070809 
36 52 0 8 0.00326847527422 
19 56 0 8 0.00326353379013 
32 49 0 8 0.00326208066848 
35 54 0 8 0.00326099486867 
22 45 0 8 0.00325897555497 
26 46 0 8 0.00324782802756 
7 41 0 8 0.00324370669566 
24 55 0 8 0.00324279177087 
28 46 0 8 0.0032376113614 
31 48 0 8 0.00323418509493 
7 38 0 8 0.00323249640628 
23 39 0 8 0.0032275651477 
11 34 0 8 0.00322514556121 
44 60 0 8 0.00322245747896 
7 46 0 8 0.00322075324349 
26 43 0 8 0.00322031359153 
18 45 0 8 0.00320701907241 
4 20 0 8 0.00320586982769 
11 26 0 8 0.00320507447408 
24 57 0 8 0.00320200447724 
33 48 0 8 0.00320178686043 
18 52 0 8 0.00320006624151 
21 57 0 8 0.00319240934798 
7 39 0 8 0.00318699169295 
2 18 0 8 0.00318646046132 
8 28 0 8 0.00318432663287 
7 34 0 8 0.00318098613112 
11 41 0 8 0.00317985314667 
12 42 0 8 0.00317508765585 
24 53 0 8 0.00317280496737 
8 45 0 8 0.00317152327241 
5 20 0 8 0.00316896461603 
34 66 0 8 0.00316235613737 
28 60 0 8 0.00316135811443 
33 63 0 8 0.0031510314887 
18 44 0 8 0.00313164485121 
28 51 0 8 0.00312733295451 
5 32 0 8 0.00312032900022 
28 55 0 8 0.00311788339205 
5 19 0 8 0.00311692025403 
10 46 0 8 0.00311243315064 
19 41 0 8 0.00310655176191 
14 30 0 8 0.003095520187 
22 51 0 8 0.00308832489085 
10 57 0 8 0.0030840675354 
10 61 0 8 0.00308158389033 
52 64 0 8 0.0030785277373 
43 66 0 8 0.00307612692674 
28 44 0 8 0.00306811282923 
11 23 0 8 0.0030664651709 
15 41 0 8 0.00306644573618 
31 44 0 8 0.00306457973488 
29 49 0 8 0.00305448828026 
17 45 0 8 0.00305428194545 
43 65 0 8 0.00303994404548 
22 48 0 8 0.00303396434241 
27 42 0 8 0.00303104163335 
40 66 0 8 0.0030298100998 
26 49 0 8 0.00302809306572 
23 53 0 8 0.00302390270752 
5 29 0 8 0.00302382248192 
25 57 0 8 0.00301568382508 
23 46 0 8 0.00301522993081 
3 19 0 8 0.00301250528956 
18 42 0 8 0.00301013836444 
10 52 0 8 0.00300736937856 
26 44 0 8 0.00300669530475 
11 25 0 8 0.00299910896981 
4 17 0 8 0.00299515684923 
30 54 0 8 0.00299442645474 
35 53 0 8 0.00299287927566 
16 47 0 8 0.00297851632295 
33 67 0 8 0.00297825618322 
6 20 0 8 0.00297020404874 
8 29 0 8 0.00296890988979 
16 49 0 8 0.00296842101757 
2 17 0 8 0.00296539026798 
8 32 0 8 0.00295916034401 
35 50 0 8 0.00295631160925 
43 60 0 8 0.0029559627185 
28 45 0 8 0.00295274220955 
22 41 0 8 0.00295236191629 
6 21 0 8 0.00295023507405 
46 63 0 8 0.00294925791591 
30 53 0 8 0.00294836391417 
12 45 0 8 0.00294755656716 
29 44 0 8 0.00294639282257 
23 48 0 8 0.00294595329913 
24 54 0 8 0.00294296861027 
39 66 0 8 0.002938692009 
34 49 0 8 0.00293745085192 
25 49 0 8 0.00293597738704 
32 48 0 8 0.00293570481528 
20 52 0 8 0.00292748185781 
10 50 0 8 0.00292659229307 
34 60 0 8 0.00292431344796 
8 35 0 8 0.00291434853827 
8 41 0 8 0.00290364458232 
13 45 0 8 0.00290188330578 
42 54 0 8 0.00290182594954 
33 59 0 8 0.00290015971944 
32 45 0 8 0.00289813143466 
38 66 0 8 0.00289196609567 
23 38 0 8 0.00288728259442 
3 42 0 8 0.00288685431328 
6 18 0 8 0.00288592759078 
7 19 0 8 0.00288408598858 
36 48 0 8 0.00288367208448 
17 58 0 8 0.00288254478155 
9 23 0 8 0.00288033815135 
40 60 0 8 0.0028799695472 
37 51 0 8 0.00287615255454 
29 42 0 8 0.00287607120684 
43 56 0 8 0.00286795521112 
7 52 0 8 0.00286309609538 
14 32 0 8 0.00285569946132 
15 38 0 8 0.00285415294364 
10 55 0 8 0.00285163609817 
15 34 0 8 0.0028508380335 
6 53 0 8 0.00284739263314 
6 23 0 8 0.00284557294656 
27 54 0 8 0.00284375869322 
31 45 0 8 0.0028435419129 
13 58 0 8 0.00284054494041 
24 42 0 8 0.00284014292147 
12 51 0 8 0.00283931488323 
34 50 0 8 0.00283860824216 
15 40 0 8 0.00283673813224 
10 41 0 8 0.00283455257276 
23 50 0 8 0.00282607949229 
10 62 0 8 0.00282599744575 
30 52 0 8 0.00282599625653 
14 54 0 8 0.00282478837901 
15 54 0 8 0.00282437913163 
47 67 0 8 0.0028172081818 
35 60 0 8 0.00281712557058 
23 44 0 8 0.00281067234842 
4 18 0 8 0.00280681693626 
17 46 0 8 0.00280372456332 
21 45 0 8 0.00280297659142 
6 49 0 8 0.00280153260928 
6 29 0 8 0.00280029482883 
38 51 0 8 0.00280029428582 
49 66 0 8 0.00279972669258 
13 49 0 8 0.00279685149416 
32 52 0 8 0.00279677161312 
12 61 0 8 0.00279479331749 
6 19 0 8 0.00278562260124 
16 61 0 8 0.00278546550661 
27 48 0 8 0.00278349447136 
5 30 0 8 0.00278312617441 
8 52 0 8 0.00278201292361 
47 65 0 8 0.00277768756949 
22 50 0 8 0.00277671728867 
18 49 0 8 0.00277330804842 
50 67 0 8 0.00276824952254 
25 41 0 8 0.00276797536426 
34 48 0 8 0.00276309311177 
5 28 0 8 0.00276041135771 
6 46 0 8 0.00276030199421 
10 59 0 8 0.00276002829643 
6 35 0 8 0.00275984450443 
14 43 0 8 0.00275528349267 
5 17 0 8 0.00275250367386 
51 66 0 8 0.00275149490763 
31 55 0 8 0.0027493558399 
10 51 0 8 0.00274732309522 
22 39 0 8 0.00274113630162 
5 45 0 8 0.00273995796202 
40 56 0 8 0.00273851081545 
34 51 0 8 0.00273641783814 
29 41 0 8 0.00273637674506 
24 38 0 8 0.00273571935428 
23 57 0 8 0.00273517764469 
17 52 0 8 0.00273339013211 
52 66 0 8 0.00273227496543 
18 56 0 8 0.00272111703369 
4 30 0 8 0.00271465260759 
4 16 0 8 0.00271340220822 
8 53 0 8 0.00270853122029 
36 66 0 8 0.00270520231441 
47 59 0 8 0.00269834567335 
37 58 0 8 0.00269694251828 
27 43 0 8 0.0026959059341 
24 39 0 8 0.0026883134111 
26 51 0 8 0.00268438147122 
30 43 0 8 0.00268330591521 
17 64 0 8 0.00268183913163 
6 38 0 8 0.00268062702581 
2 16 0 8 0.00267831007881 
17 47 0 8 0.00266928592164 
33 58 0 8 0.00266606475976 
25 62 0 8 0.00266458479945 
11 61 0 8 0.00266380923944 
50 62 0 8 0.00266315572382 
38 50 0 8 0.0026606086219 
10 24 0 8 0.00265788834156 
36 60 0 8 0.00265532562289 
8 22 0 8 0.00264639853883 
40 65 0 8 0.00264332098616 
6 62 0 8 0.00264216729467 
25 63 0 8 0.00263945600464 
3 57 0 8 0.00263653725774 
31 60 0 8 0.002631127017 
32 44 0 8 0.00262724739798 
24 63 0 8 0.00262101969411 
1 20 0 8 0.00261624756359 
1 19 0 8 0.00261304028472 
33 56 0 8 0.0026127565799 
3 22 0 8 0.00259871858675 
12 47 0 8 0.00259416455048 
20 63 0 8 0.00258902943484 
33 50 0 8 0.00258694261016 
14 36 0 8 0.00258613980577 
6 27 0 8 0.00258579693916 
18 38 0 8 0.00258318735316 
27 41 0 8 0.00258106421587 
26 38 0 8 0.00257819154463 
39 53 0 8 0.00257005770453 
8 48 0 8 0.00257000284012 
3 15 0 8 0.0025644964021 
23 35 0 8 0.0025588151828 
6 39 0 8 0.00255322342438 
7 36 0 8 0.00254645688372 
39 54 0 8 0.00254580679266 
12 25 0 8 0.00254055515111 
1 40 0 8 0.00253690274639 
38 62 0 8 0.00253457555272 
45 60 0 8 0.00253122823057 
1 21 0 8 0.00252715446282 
1 36 0 8 0.00252487342957 
12 52 0 8 0.0025146609581 
13 56 0 8 0.00251463538531 
4 37 0 8 0.00251344897654 
9 66 0 8 0.00250964431817 
1 13 0 8 0.00248947249185 
21 47 0 8 0.00248513576068 
26 40 0 8 0.00248196311431 
22 34 0 8 0.00247754704915 
3 63 0 8 0.00247550747619 
14 59 0 8 0.0024745152223 
13 47 0 8 0.00244293947115 
17 63 0 8 0.00240131813485 
45 58 0 8 0.00239791156727 
15 29 0 8 0.00239502095825 
3 59 0 8 0.00238213702132 
37 49 0 8 0.00237711759956 
13 64 0 8 0.00236432075808 
1 35 0 8 0.00233548195921 
35 67 0 8 0.00230379606268 
3 52 0 8 0.00228515647424 
8 66 0 8 0.00227979349758 
1 38 0 8 0.00227845406812 
25 37 0 8 0.00226329298826 
23 36 0 8 0.00225691285306 
15 27 0 8 0.00224696749392 
2 58 0 8 0.00218068794908 
24 36 0 8 0.00217497049479 
55 67 0 8 0.0021497387329 
16 32 0 8 0.0021122635892 
29 65 0 8 0.00210031778037 
27 67 0 8 0.00204678301123 
1 30 0 8 0.00201756838278 
24 65 0 8 0.00200899054274 
1 60 0 8 0.00194068664041 
