17 36 0 8 0.0079673270085 
13 40 0 8 0.00666321641717 
20 50 0 8 0.00601261952654 
37 71 0 8 0.00563192619664 
60 76 0 8 0.00549636712527 
54 74 0 8 0.00548280197875 
41 75 0 8 0.00537962765026 
61 73 0 8 0.00517021091337 
10 46 0 8 0.00498433570784 
24 54 0 8 0.00494257146214 
53 78 0 8 0.00485572205919 
41 78 0 8 0.0048430325494 
37 75 0 8 0.0046826492596 
57 74 0 8 0.00459523920611 
57 77 0 8 0.00458520731293 
20 38 0 8 0.00457584147374 
30 68 0 8 0.00450934569542 
27 54 0 8 0.00449745065066 
23 51 0 8 0.00444315434711 
17 39 0 8 0.00437299259554 
13 36 0 8 0.00433931187909 
30 70 0 8 0.00413438476816 
27 69 0 8 0.00405310567615 
31 68 0 8 0.00404366005733 
42 78 0 8 0.00397922929398 
56 77 0 8 0.0039580051581 
17 35 0 8 0.0039365281359 
13 39 0 8 0.00389459435334 
56 80 0 8 0.00387639650066 
34 71 0 8 0.00385524663591 
53 77 0 8 0.00384291491516 
16 39 0 8 0.003839649986 
19 47 0 8 0.0038046906458 
60 73 0 8 0.00377414560629 
52 81 0 8 0.00364339797909 
60 77 0 8 0.00364006603191 
20 35 0 8 0.00358039632531 
60 80 0 8 0.00357572110335 
53 81 0 8 0.00350467883464 
32 71 0 8 0.00348484719446 
57 73 0 8 0.00342190834697 
21 35 0 8 0.00336375430368 
23 50 0 8 0.00334261945838 
23 47 0 8 0.00333210419271 
20 39 0 8 0.00330645884064 
38 50 0 8 0.00330460244217 
58 77 0 8 0.00328770313392 
64 76 0 8 0.00327851861115 
4 56 0 8 0.00323961866372 
33 71 0 8 0.00322629382264 
5 46 0 8 0.00320814519103 
38 53 0 8 0.0031685975541 
56 81 0 8 0.00316181234582 
32 70 0 8 0.00313760042975 
20 42 0 8 0.00313598248792 
38 74 0 8 0.00312060695366 
14 36 0 8 0.00310781437091 
57 69 0 8 0.00303239507688 
28 68 0 8 0.00303231966832 
3 55 0 8 0.00302822308199 
3 48 0 8 0.00300655468672 
20 53 0 8 0.00300152810832 
52 77 0 8 0.00299306453843 
27 55 0 8 0.0029854218308 
49 81 0 8 0.00296625661531 
29 69 0 8 0.00296312935378 
41 79 0 8 0.00294108493316 
27 51 0 8 0.00292290132285 
45 83 0 8 0.00290797138087 
37 74 0 8 0.00290643728452 
57 76 0 8 0.00290265823844 
38 71 0 8 0.00286311581331 
49 84 0 8 0.00280847811089 
16 42 0 8 0.00280072467646 
29 54 0 8 0.00275782063941 
53 74 0 8 0.00275235613378 
24 74 0 8 0.00274720494527 
16 44 0 8 0.00274167350482 
32 68 0 8 0.00274154043349 
24 50 0 8 0.00274083828632 
21 36 0 8 0.00270660632438 
17 40 0 8 0.00269679883664 
54 77 0 8 0.00267685988275 
35 50 0 8 0.00267274528357 
45 81 0 8 0.00266898464304 
19 50 0 8 0.00265337946972 
22 47 0 8 0.00264558533223 
60 72 0 8 0.00264438462664 
27 58 0 8 0.00264270160036 
30 69 0 8 0.00262072394751 
37 78 0 8 0.00261639536825 
17 34 0 8 0.00260209778362 
31 70 0 8 0.00259846657702 
5 43 0 8 0.0025982637345 
55 77 0 8 0.00257714140368 
22 51 0 8 0.00256378639389 
19 39 0 8 0.00255975411306 
4 59 0 8 0.00255265141416 
38 78 0 8 0.00254867923708 
35 54 0 8 0.00254520778234 
56 76 0 8 0.00253769135705 
53 80 0 8 0.00253218289104 
41 71 0 8 0.00252511724774 
45 85 0 8 0.00252413022138 
45 82 0 8 0.00252185963309 
5 49 0 8 0.00250714121461 
43 78 0 8 0.00250326659899 
20 47 0 8 0.00248733489102 
23 52 0 8 0.00246584038272 
8 51 0 8 0.00245981093441 
4 55 0 8 0.00245643430685 
5 48 0 8 0.00245596333096 
9 46 0 8 0.00243621387197 
23 55 0 8 0.00243620523314 
8 46 0 8 0.00242902230995 
1 16 0 8 0.00241935919201 
23 46 0 8 0.00241462501472 
16 43 0 8 0.00240665742544 
13 43 0 8 0.00240655704621 
26 51 0 8 0.00240569414851 
58 73 0 8 0.00239937090237 
8 55 0 8 0.00239049840484 
34 74 0 8 0.00238915486013 
5 44 0 8 0.00238761267664 
28 65 0 8 0.00238538798017 
6 52 0 8 0.00238132251425 
28 55 0 8 0.00238064042065 
32 69 0 8 0.00238014795678 
27 48 0 8 0.0023738866657 
23 48 0 8 0.00236076498787 
61 77 0 8 0.00235751124912 
20 36 0 8 0.00235328975895 
41 74 0 8 0.00235301983174 
58 81 0 8 0.0023496012165 
9 45 0 8 0.00234919611331 
2 55 0 8 0.00234913988833 
33 69 0 8 0.00234633955695 
9 44 0 8 0.00233866604017 
50 81 0 8 0.0023356095903 
45 78 0 8 0.00233239508216 
38 75 0 8 0.00233094395842 
4 19 0 8 0.00232427363131 
46 85 0 8 0.00231749463189 
10 85 0 8 0.00231245033068 
23 49 0 8 0.00230869793055 
59 77 0 8 0.00230204677415 
6 23 0 8 0.00228697583208 
18 44 0 8 0.00228496311189 
30 72 0 8 0.00228299863391 
7 43 0 8 0.00227974066134 
29 68 0 8 0.00227866810239 
28 67 0 8 0.00227387661261 
10 45 0 8 0.00227273241937 
3 52 0 8 0.00226570903872 
4 23 0 8 0.00226352316899 
8 52 0 8 0.0022551929392 
31 72 0 8 0.00225517528945 
28 71 0 8 0.00225070004682 
4 52 0 8 0.00224600819602 
21 39 0 8 0.00224456929202 
29 74 0 8 0.00224194288793 
7 85 0 8 0.00224173084432 
16 50 0 8 0.00223343852085 
23 42 0 8 0.00223069031704 
23 39 0 8 0.00222956535717 
8 45 0 8 0.0022269585995 
28 58 0 8 0.00221099795697 
60 74 0 8 0.00220881142524 
32 72 0 8 0.00220411583562 
33 74 0 8 0.00219948488104 
19 45 0 8 0.00219417930313 
3 19 0 8 0.00219185391306 
22 50 0 8 0.00218700809913 
16 47 0 8 0.00218156023295 
29 70 0 8 0.00217942488236 
27 67 0 8 0.00217458843865 
18 36 0 8 0.00216663710392 
32 67 0 8 0.00216400216958 
33 68 0 8 0.00216245610618 
50 74 0 8 0.00215932397518 
28 70 0 8 0.0021440199606 
43 81 0 8 0.00214236160307 
37 79 0 8 0.00214192514391 
6 22 0 8 0.00214190352153 
13 79 0 8 0.00213965956207 
10 44 0 8 0.00213712103389 
8 56 0 8 0.00213289611871 
42 81 0 8 0.00213279967293 
3 23 0 8 0.00213065553949 
28 54 0 8 0.00212790575271 
45 62 0 8 0.00212634863727 
6 51 0 8 0.00212178397439 
37 70 0 8 0.00211385504441 
27 74 0 8 0.00211257789091 
15 44 0 8 0.00211232992086 
61 74 0 8 0.00210930555232 
60 79 0 8 0.00210693835884 
37 72 0 8 0.00210630944785 
22 56 0 8 0.00210191653107 
19 48 0 8 0.00210115039872 
2 15 0 8 0.00210109048653 
14 75 0 8 0.00210034292915 
44 85 0 8 0.0020986525733 
28 51 0 8 0.00209858567699 
19 44 0 8 0.00209428115574 
17 33 0 8 0.00209192235345 
8 47 0 8 0.00208862917172 
12 39 0 8 0.00208819655205 
36 70 0 8 0.00208762876256 
14 76 0 8 0.00208406611794 
38 54 0 8 0.0020786025546 
53 83 0 8 0.00207467558819 
32 75 0 8 0.002074590314 
7 45 0 8 0.00207290543825 
5 22 0 8 0.00207244992365 
7 46 0 8 0.00206957319151 
16 45 0 8 0.0020694379135 
8 43 0 8 0.00206843049853 
14 37 0 8 0.00206581671714 
2 16 0 8 0.0020637765111 
24 42 0 8 0.0020635632217 
49 83 0 8 0.00206322568839 
7 49 0 8 0.00206153015669 
5 19 0 8 0.00206095822738 
4 58 0 8 0.00205823029585 
37 76 0 8 0.00205774134795 
34 69 0 8 0.00205638247441 
35 71 0 8 0.00205544133293 
26 68 0 8 0.002052992912 
49 85 0 8 0.00205295727988 
18 33 0 8 0.00205016043508 
18 40 0 8 0.002048785076 
10 83 0 8 0.00204870642296 
33 54 0 8 0.0020448467801 
21 40 0 8 0.0020445168127 
29 51 0 8 0.00203854254775 
40 79 0 8 0.00202834255217 
23 58 0 8 0.00202782347071 
23 35 0 8 0.00202756859482 
11 44 0 8 0.00202610536447 
45 84 0 8 0.00202602576346 
35 51 0 8 0.00202109246417 
25 47 0 8 0.00201929701831 
60 75 0 8 0.00201206824855 
23 38 0 8 0.00201010106767 
26 48 0 8 0.00200682914295 
24 52 0 8 0.00200543304744 
58 82 0 8 0.00200388882815 
5 56 0 8 0.0020027628937 
38 57 0 8 0.00200077840433 
43 82 0 8 0.00200016776315 
6 19 0 8 0.00199988519905 
4 54 0 8 0.0019939252445 
43 79 0 8 0.00198301267757 
10 78 0 8 0.00198060341292 
48 61 0 8 0.00198030629376 
1 19 0 8 0.00197763061458 
27 50 0 8 0.00197425996371 
21 34 0 8 0.00197248444461 
46 84 0 8 0.0019716069178 
2 23 0 8 0.00196765230433 
10 40 0 8 0.00196488514769 
5 63 0 8 0.00196256865473 
31 57 0 8 0.00195537857906 
11 39 0 8 0.00195337347283 
33 76 0 8 0.00195287923942 
13 78 0 8 0.00194805428139 
6 82 0 8 0.00194484302863 
2 51 0 8 0.00194100993342 
7 54 0 8 0.00193978427171 
9 85 0 8 0.00193834569295 
10 82 0 8 0.00193671460859 
22 55 0 8 0.00193495328592 
9 78 0 8 0.00193370552884 
61 82 0 8 0.00192961859629 
5 53 0 8 0.00192783595989 
9 86 0 8 0.00192632409406 
6 62 0 8 0.00192605097124 
3 59 0 8 0.00192328520462 
25 68 0 8 0.00192293759638 
65 85 0 8 0.00192152864347 
6 58 0 8 0.00192140541892 
9 79 0 8 0.00191395817052 
28 61 0 8 0.00191260721002 
28 59 0 8 0.00190967686559 
4 63 0 8 0.00190907884832 
41 83 0 8 0.00190163472483 
54 69 0 8 0.00190148046814 
13 76 0 8 0.00190132409616 
55 82 0 8 0.0018940896493 
7 82 0 8 0.00189284550181 
46 86 0 8 0.00189127178424 
5 62 0 8 0.0018905649239 
22 60 0 8 0.00188922079894 
14 72 0 8 0.00188830420802 
27 63 0 8 0.00188808001084 
3 56 0 8 0.00187826010099 
48 64 0 8 0.00187190333076 
22 59 0 8 0.00186586243775 
3 22 0 8 0.00186338766684 
27 59 0 8 0.0018615536567 
62 81 0 8 0.00185972120484 
1 15 0 8 0.00185911011905 
38 81 0 8 0.00185612493623 
28 63 0 8 0.00185455612111 
3 24 0 8 0.00185273860897 
28 43 0 8 0.00185093069492 
17 72 0 8 0.00185051156074 
41 80 0 8 0.00184776148928 
33 53 0 8 0.00184643178957 
6 42 0 8 0.00184476795328 
43 62 0 8 0.00183700958143 
41 53 0 8 0.00183531245824 
18 50 0 8 0.00183025885451 
22 62 0 8 0.00182359834056 
1 47 0 8 0.00182109687555 
41 85 0 8 0.00182025391701 
20 58 0 8 0.00181825796337 
5 60 0 8 0.00181689983929 
65 79 0 8 0.00181378161718 
6 81 0 8 0.00181194286713 
13 72 0 8 0.00181025906798 
2 48 0 8 0.00180875781255 
3 16 0 8 0.00180468949836 
33 57 0 8 0.0018043370212 
37 67 0 8 0.00180305253592 
49 86 0 8 0.00180030047009 
21 72 0 8 0.00179699445911 
28 60 0 8 0.00179576544892 
4 25 0 8 0.00179289097018 
1 48 0 8 0.00179269858483 
25 40 0 8 0.00178767651101 
41 65 0 8 0.00178695987025 
8 58 0 8 0.00178181888781 
15 52 0 8 0.00178021907908 
2 58 0 8 0.00177451734689 
14 71 0 8 0.00177439527206 
22 49 0 8 0.00177259282422 
28 52 0 8 0.00176958303303 
34 76 0 8 0.00176857140165 
19 56 0 8 0.00176664932586 
22 61 0 8 0.00176210115853 
22 65 0 8 0.00175797925156 
44 63 0 8 0.0017574327801 
65 83 0 8 0.00174858913897 
25 63 0 8 0.00174553331991 
40 76 0 8 0.00174529945066 
71 86 0 8 0.00174474184238 
24 61 0 8 0.00174076107793 
38 82 0 8 0.00173790555375 
11 50 0 8 0.00173541858255 
35 47 0 8 0.00173525018499 
65 84 0 8 0.00173045322542 
55 79 0 8 0.00172983219772 
33 58 0 8 0.0017292536596 
67 86 0 8 0.0017281647561 
31 76 0 8 0.00172580005375 
7 26 0 8 0.00172398613378 
36 66 0 8 0.00172309344382 
41 62 0 8 0.00172226966372 
52 67 0 8 0.00171980946977 
22 63 0 8 0.00171544837007 
38 56 0 8 0.00171314870872 
51 75 0 8 0.00171258168714 
7 62 0 8 0.00170642466423 
14 80 0 8 0.00170219046485 
10 86 0 8 0.00170043516037 
34 63 0 8 0.00169929111788 
8 27 0 8 0.00169441725994 
68 86 0 8 0.00169375426043 
26 40 0 8 0.00169227996732 
18 76 0 8 0.00169149955907 
7 77 0 8 0.00168790768149 
16 57 0 8 0.00168698535945 
44 86 0 8 0.00168690985348 
21 60 0 8 0.00167702305545 
4 43 0 8 0.00167151774516 
39 70 0 8 0.00166837069885 
14 67 0 8 0.00166195539951 
19 81 0 8 0.00166012981674 
3 18 0 8 0.00165716608734 
7 71 0 8 0.0016541058814 
44 65 0 8 0.00165324972212 
7 25 0 8 0.00165101162997 
46 74 0 8 0.00164603961454 
25 72 0 8 0.0016443629153 
64 85 0 8 0.00164350091003 
7 20 0 8 0.00164159782333 
49 69 0 8 0.00163306143985 
15 34 0 8 0.0016261951117 
47 80 0 8 0.00162596888178 
4 27 0 8 0.00161489024023 
43 86 0 8 0.00161219984519 
43 68 0 8 0.00160479028541 
18 31 0 8 0.00160176288826 
37 83 0 8 0.00159925326045 
67 79 0 8 0.00158946382133 
34 47 0 8 0.00158340867263 
44 59 0 8 0.00158157597013 
18 60 0 8 0.00158154369979 
9 60 0 8 0.00156921109474 
14 66 0 8 0.00156863478698 
1 46 0 8 0.00156249462409 
3 26 0 8 0.00156151518034 
26 41 0 8 0.0015463497522 
6 28 0 8 0.00154518434569 
5 79 0 8 0.00154387063662 
71 85 0 8 0.00152844931121 
49 62 0 8 0.00152731918674 
20 69 0 8 0.00151737000099 
29 42 0 8 0.00151538755345 
10 60 0 8 0.001512504448 
39 57 0 8 0.00150554747364 
28 76 0 8 0.00150026473899 
4 81 0 8 0.00149601568834 
52 86 0 8 0.00149547880411 
11 24 0 8 0.00148042835377 
7 67 0 8 0.00147332449811 
31 44 0 8 0.00146768209443 
62 86 0 8 0.00145078419913 
12 25 0 8 0.00144170896682 
10 70 0 8 0.00142934884027 
4 69 0 8 0.0014161928026 
39 52 0 8 0.00137124932883 
51 63 0 8 0.00135807522495 
3 86 0 8 0.00132249717654 
2 39 0 8 0.00129792947767 
15 27 0 8 0.00126596347788 
74 86 0 8 0.00126375746138 
26 85 0 8 0.00121249412952 
