47 63 0 8 0.0044858799696 
65 81 0 8 0.00384276973674 
47 61 0 8 0.00366808186477 
43 81 0 8 0.00363252932231 
63 87 0 8 0.00354495489386 
47 72 0 8 0.00350775576229 
43 76 0 8 0.00342767640086 
43 63 0 8 0.00328415149984 
24 37 0 8 0.00323307637779 
64 90 0 8 0.00321937484433 
65 87 0 8 0.00314280623195 
23 37 0 8 0.00314107347238 
28 56 0 8 0.00313053429322 
22 37 0 8 0.00308718728244 
35 50 0 8 0.00306762674513 
23 36 0 8 0.00306445202391 
9 24 0 8 0.00305015743355 
8 25 0 8 0.00302311759821 
39 77 0 8 0.00301259844708 
24 36 0 8 0.00298923231227 
62 90 0 8 0.00298776418093 
22 36 0 8 0.00298667753238 
26 62 0 8 0.00298615507661 
8 24 0 8 0.00297327012875 
63 88 0 8 0.00296025019261 
26 89 0 8 0.00286109569544 
66 88 0 8 0.00285436582438 
62 89 0 8 0.00283314699808 
35 62 0 8 0.00281598751708 
61 89 0 8 0.00281175029731 
7 25 0 8 0.00281008579509 
63 89 0 8 0.00279969437341 
24 64 0 8 0.00276978565322 
23 38 0 8 0.00276857291226 
8 23 0 8 0.00275839450965 
21 38 0 8 0.00275075962272 
35 53 0 8 0.00274066826639 
37 76 0 8 0.00272214721931 
8 26 0 8 0.00270521829409 
7 24 0 8 0.00269434936007 
63 81 0 8 0.00268939314688 
28 54 0 8 0.0026869048702 
64 88 0 8 0.00268404064296 
43 79 0 8 0.00267923315327 
61 88 0 8 0.00267649109057 
7 26 0 8 0.00266787293641 
10 24 0 8 0.00266260555513 
20 39 0 8 0.00265338055542 
63 90 0 8 0.00264706715039 
66 87 0 8 0.00263455851727 
50 63 0 8 0.0026276716858 
66 85 0 8 0.00262202671315 
61 90 0 8 0.00261076853447 
9 23 0 8 0.00260492649411 
65 86 0 8 0.00258865688389 
28 90 0 8 0.00258822483243 
24 89 0 8 0.0025881434391 
35 61 0 8 0.00258436827736 
63 76 0 8 0.00258158502497 
21 37 0 8 0.00257991981382 
35 86 0 8 0.00257701721983 
37 85 0 8 0.00257594571594 
64 89 0 8 0.00257534404881 
43 75 0 8 0.0025702090708 
62 88 0 8 0.00256976592468 
9 25 0 8 0.00256836590039 
34 88 0 8 0.00256791977013 
22 39 0 8 0.00255976824155 
35 49 0 8 0.00255867803645 
9 22 0 8 0.0025557566351 
26 63 0 8 0.00253965233037 
28 62 0 8 0.00252056249491 
22 38 0 8 0.0025201226599 
65 84 0 8 0.00251910008949 
26 61 0 8 0.00250766148013 
23 35 0 8 0.00249472027622 
35 87 0 8 0.00249185467988 
35 63 0 8 0.00248825457242 
7 27 0 8 0.00248217432252 
33 53 0 8 0.00247355849918 
65 88 0 8 0.00247111222331 
37 63 0 8 0.0024672468215 
6 26 0 8 0.00246524914665 
25 62 0 8 0.00246341438253 
33 62 0 8 0.00245929726665 
44 77 0 8 0.0024494352274 
21 39 0 8 0.00244649211998 
24 87 0 8 0.00244315400071 
50 89 0 8 0.00243980489571 
27 62 0 8 0.00243679845741 
33 50 0 8 0.00243149628502 
8 22 0 8 0.00243093168543 
28 60 0 8 0.00243049769964 
7 28 0 8 0.00242968232769 
9 35 0 8 0.00242798992485 
64 87 0 8 0.00242792168027 
65 79 0 8 0.00242385453266 
26 90 0 8 0.00242338372851 
33 54 0 8 0.00241762677516 
23 39 0 8 0.00241481920527 
31 60 0 8 0.00239977320526 
27 86 0 8 0.00239903548291 
8 62 0 8 0.00239834181061 
25 86 0 8 0.00239543367661 
25 64 0 8 0.00239075898954 
24 65 0 8 0.00238604234666 
9 26 0 8 0.00238428790135 
23 89 0 8 0.00238395462615 
50 90 0 8 0.00237890373144 
7 36 0 8 0.00237815779675 
62 87 0 8 0.00236549307117 
44 75 0 8 0.00236347204781 
9 21 0 8 0.00235937316187 
8 64 0 8 0.0023550952892 
10 22 0 8 0.00235306027837 
35 64 0 8 0.0023506926561 
42 75 0 8 0.00234747144504 
26 50 0 8 0.00234598764258 
20 40 0 8 0.00233767475618 
32 62 0 8 0.00233735716978 
25 37 0 8 0.00233524820917 
34 64 0 8 0.00233505608791 
60 90 0 8 0.00233362232698 
24 38 0 8 0.00233204617682 
30 60 0 8 0.00232876862529 
32 90 0 8 0.00232831930846 
33 63 0 8 0.00232746187252 
30 56 0 8 0.00232702657966 
44 73 0 8 0.00232165358677 
43 77 0 8 0.00231949410046 
7 37 0 8 0.00231447178265 
34 86 0 8 0.0023141257247 
66 86 0 8 0.00231030921226 
65 85 0 8 0.00230437292465 
6 27 0 8 0.00229180633088 
8 90 0 8 0.00228951643978 
6 25 0 8 0.00228581718736 
29 60 0 8 0.00228515156546 
70 87 0 8 0.00228267574503 
26 87 0 8 0.00227967183065 
33 55 0 8 0.00227254595485 
24 90 0 8 0.00227010598981 
46 63 0 8 0.00226621576288 
32 61 0 8 0.00226386930587 
40 77 0 8 0.00226244603359 
36 67 0 8 0.00226186179071 
8 63 0 8 0.00225900148415 
9 64 0 8 0.00225653535124 
39 81 0 8 0.00225580131843 
36 66 0 8 0.00225468562529 
35 89 0 8 0.00225440956068 
34 87 0 8 0.00225192855099 
10 23 0 8 0.00225185581442 
24 66 0 8 0.00225168480779 
35 90 0 8 0.00225080986628 
25 63 0 8 0.00224924222389 
66 80 0 8 0.00224729280502 
23 64 0 8 0.00224499482544 
24 63 0 8 0.00223791949854 
39 65 0 8 0.00223469007875 
23 88 0 8 0.00223212394461 
37 84 0 8 0.00222997796136 
44 76 0 8 0.00222816644419 
33 61 0 8 0.00222794945111 
36 89 0 8 0.00222620330119 
24 88 0 8 0.00222391989758 
43 65 0 8 0.00222201745456 
21 36 0 8 0.00222149718779 
29 54 0 8 0.00221963972379 
47 76 0 8 0.0022171980843 
26 64 0 8 0.00221665072365 
46 76 0 8 0.0022157267902 
7 23 0 8 0.00221429197882 
36 87 0 8 0.00220641055059 
9 63 0 8 0.00220378526959 
28 61 0 8 0.00219938618523 
36 50 0 8 0.00219714186171 
37 81 0 8 0.00219298741205 
32 64 0 8 0.00219291693742 
58 72 0 8 0.00219133578915 
42 77 0 8 0.00219045559461 
62 92 0 8 0.00218955169571 
30 90 0 8 0.00218700992604 
34 62 0 8 0.00218363041262 
33 88 0 8 0.00218257288649 
28 50 0 8 0.00217367428846 
61 91 0 8 0.00217145260432 
34 54 0 8 0.0021679984793 
64 84 0 8 0.00216370458503 
66 82 0 8 0.00216111721457 
34 90 0 8 0.00215763209506 
8 88 0 8 0.00215732364599 
8 27 0 8 0.00215685500632 
8 37 0 8 0.00215642497282 
35 88 0 8 0.00215173352825 
29 62 0 8 0.00214750414962 
26 54 0 8 0.00214604706009 
37 86 0 8 0.00213799169395 
66 83 0 8 0.0021268482743 
8 28 0 8 0.00212599467868 
38 88 0 8 0.00212562871713 
46 87 0 8 0.00212488436103 
65 83 0 8 0.00212322928953 
5 28 0 8 0.00212223895684 
29 55 0 8 0.00212160682426 
59 74 0 8 0.00212150437645 
31 54 0 8 0.00211963744451 
27 64 0 8 0.00211950004535 
44 80 0 8 0.00211483402484 
25 89 0 8 0.00211370275865 
36 49 0 8 0.00211010328814 
30 55 0 8 0.00210709808649 
23 65 0 8 0.00210215588027 
8 36 0 8 0.00210111749815 
75 89 0 8 0.00209733524825 
26 88 0 8 0.00209653660874 
43 72 0 8 0.00209530177105 
37 83 0 8 0.00209464087528 
26 46 0 8 0.00209378484668 
34 63 0 8 0.0020929796581 
22 87 0 8 0.00209018468397 
24 46 0 8 0.00209016312022 
37 87 0 8 0.00208594311489 
8 89 0 8 0.00208508761355 
22 45 0 8 0.00208236524107 
44 78 0 8 0.00208228229514 
37 64 0 8 0.00208118103667 
32 89 0 8 0.00208115414745 
29 90 0 8 0.00208056916816 
22 40 0 8 0.00207905459894 
63 83 0 8 0.00207697447936 
24 86 0 8 0.00207284509052 
9 36 0 8 0.00207025186922 
25 90 0 8 0.00206771377075 
10 26 0 8 0.00206744725307 
27 61 0 8 0.00206717832403 
23 90 0 8 0.00206664572334 
9 62 0 8 0.00206544018197 
65 89 0 8 0.00206311001507 
27 90 0 8 0.002062297316 
39 86 0 8 0.00206067244941 
7 90 0 8 0.00205811557105 
28 55 0 8 0.00205795077854 
25 66 0 8 0.00205654290616 
59 75 0 8 0.00205571798978 
37 88 0 8 0.00205054229287 
27 56 0 8 0.00204904794172 
7 64 0 8 0.00204450552644 
7 35 0 8 0.00204220648717 
44 72 0 8 0.00203694820295 
10 25 0 8 0.00203516526255 
10 35 0 8 0.00203194501465 
37 49 0 8 0.00203162530822 
22 63 0 8 0.00203039465511 
23 41 0 8 0.00202879239782 
75 87 0 8 0.00202855216934 
34 84 0 8 0.00202696938318 
63 79 0 8 0.00201915795599 
26 53 0 8 0.00201867107864 
40 78 0 8 0.00201797505899 
47 88 0 8 0.00201628147426 
25 65 0 8 0.0020158414626 
58 73 0 8 0.00201198045494 
61 87 0 8 0.00200568122393 
22 89 0 8 0.00200352662479 
22 88 0 8 0.00200244621766 
30 53 0 8 0.00199977143491 
9 37 0 8 0.00199771393404 
33 87 0 8 0.00199764698645 
21 65 0 8 0.00199757522404 
7 62 0 8 0.00199665923841 
43 88 0 8 0.00199097330622 
26 47 0 8 0.00198770160016 
22 44 0 8 0.00198694820375 
24 62 0 8 0.0019864546838 
34 50 0 8 0.00198553818583 
28 64 0 8 0.00198414599426 
9 88 0 8 0.00198136349666 
29 86 0 8 0.00197277525034 
38 83 0 8 0.00197262334541 
44 74 0 8 0.00197038782952 
33 85 0 8 0.00196509854936 
38 85 0 8 0.00196505475982 
22 84 0 8 0.00196424972512 
32 63 0 8 0.00195567358805 
22 41 0 8 0.00195458029314 
34 53 0 8 0.00195426818684 
10 63 0 8 0.00195322609681 
22 65 0 8 0.00195046213969 
39 79 0 8 0.00195007655014 
31 90 0 8 0.00194815484477 
22 64 0 8 0.00194461669037 
59 73 0 8 0.00194304295769 
42 80 0 8 0.00194192493105 
9 34 0 8 0.00193892700364 
44 61 0 8 0.00193701316655 
68 86 0 8 0.00193180860507 
7 63 0 8 0.00193129142145 
43 70 0 8 0.00193081455586 
33 69 0 8 0.00192619370595 
47 87 0 8 0.00192531760181 
60 72 0 8 0.00192523355146 
43 66 0 8 0.00192319833307 
26 56 0 8 0.00192133563992 
38 65 0 8 0.00191926751448 
29 50 0 8 0.0019175646003 
46 88 0 8 0.00191678687592 
8 34 0 8 0.00191462253976 
34 69 0 8 0.00190801557976 
8 21 0 8 0.00190600241492 
37 90 0 8 0.00190402116188 
47 79 0 8 0.00189411569185 
42 73 0 8 0.00189201838486 
8 60 0 8 0.00188963238514 
7 88 0 8 0.00188909778471 
28 89 0 8 0.0018829334853 
9 90 0 8 0.00187987908355 
47 64 0 8 0.0018789327132 
43 68 0 8 0.00187806384719 
50 70 0 8 0.00187680448126 
5 26 0 8 0.00187645929999 
26 51 0 8 0.00187499308218 
36 64 0 8 0.00187290775142 
40 72 0 8 0.00187001336904 
5 27 0 8 0.00186836626126 
68 83 0 8 0.00186360913872 
32 92 0 8 0.00186323802925 
68 81 0 8 0.00186157433676 
68 82 0 8 0.00185942179825 
39 76 0 8 0.00185721721403 
28 88 0 8 0.00185665669537 
8 61 0 8 0.00184932115818 
37 65 0 8 0.00184921925499 
46 89 0 8 0.00184766682607 
19 39 0 8 0.00184499208492 
59 72 0 8 0.00184316607572 
32 50 0 8 0.00183746297607 
6 28 0 8 0.0018369959143 
38 66 0 8 0.00183552919839 
31 70 0 8 0.00183205014774 
62 81 0 8 0.00183070841685 
61 92 0 8 0.00182994476127 
22 86 0 8 0.00182720411325 
10 27 0 8 0.00182717877725 
46 79 0 8 0.00182669937044 
36 81 0 8 0.00182658855968 
21 87 0 8 0.00182477679799 
25 85 0 8 0.00182263632387 
50 88 0 8 0.00182256312116 
20 84 0 8 0.00181868635484 
28 52 0 8 0.00181673918841 
22 82 0 8 0.00181562473999 
33 51 0 8 0.00181530591043 
24 42 0 8 0.00181051873655 
59 89 0 8 0.00180891368182 
45 73 0 8 0.00180810487502 
22 85 0 8 0.00180514699729 
9 28 0 8 0.00180354248561 
39 89 0 8 0.00180337060654 
6 37 0 8 0.00180232980929 
50 79 0 8 0.00179936549825 
59 86 0 8 0.0017939922765 
59 76 0 8 0.00179276065104 
59 78 0 8 0.00179004033969 
10 90 0 8 0.00178826330665 
7 34 0 8 0.00178509523314 
51 89 0 8 0.00178406932596 
24 50 0 8 0.00178395784239 
11 35 0 8 0.00177842850505 
21 49 0 8 0.00176975905191 
50 72 0 8 0.00176855580753 
20 45 0 8 0.00176824458052 
20 88 0 8 0.00176694011923 
36 53 0 8 0.00176443717582 
7 32 0 8 0.00176102611682 
39 60 0 8 0.00175725436432 
10 64 0 8 0.0017556165582 
5 25 0 8 0.0017544586345 
24 61 0 8 0.00175371042005 
27 67 0 8 0.001752932073 
39 88 0 8 0.00174601745684 
26 43 0 8 0.00174255384451 
21 84 0 8 0.00173815065909 
33 52 0 8 0.00173731133349 
44 86 0 8 0.0017357418323 
18 40 0 8 0.00173384422672 
37 61 0 8 0.00172842276259 
6 36 0 8 0.00172612297546 
35 70 0 8 0.00172474678691 
7 39 0 8 0.0017239186661 
58 76 0 8 0.0017225892757 
56 90 0 8 0.00172115744144 
28 91 0 8 0.00171833967925 
46 64 0 8 0.00171716237341 
20 86 0 8 0.00171526261217 
39 70 0 8 0.00171419388683 
29 70 0 8 0.00171305816666 
74 90 0 8 0.00171261005172 
11 33 0 8 0.00170966490754 
12 33 0 8 0.00170129896852 
41 85 0 8 0.00169848913347 
50 85 0 8 0.00169291845289 
68 80 0 8 0.00169154145759 
29 82 0 8 0.00168752622024 
20 48 0 8 0.0016863613512 
35 51 0 8 0.00167985266663 
23 66 0 8 0.00167938382825 
36 55 0 8 0.00167537200921 
27 46 0 8 0.00167505584632 
67 91 0 8 0.00167207034534 
40 53 0 8 0.00166377879755 
31 68 0 8 0.00166094188332 
39 90 0 8 0.00165990626438 
8 86 0 8 0.00165620507454 
72 90 0 8 0.00164799420775 
33 82 0 8 0.00164437418238 
17 40 0 8 0.00163452056368 
25 54 0 8 0.00163134477581 
5 39 0 8 0.00162297601467 
37 50 0 8 0.00161798557815 
64 76 0 8 0.00161413262526 
19 84 0 8 0.00160312750492 
22 49 0 8 0.00160272726417 
55 74 0 8 0.00160150171792 
10 28 0 8 0.00160124236341 
32 48 0 8 0.00160093811411 
35 92 0 8 0.00160047736254 
15 86 0 8 0.00159711066601 
7 21 0 8 0.00159386899716 
55 73 0 8 0.00159256908803 
21 47 0 8 0.00158993412249 
37 70 0 8 0.0015761708844 
8 32 0 8 0.00157548995148 
5 58 0 8 0.0015738609119 
12 90 0 8 0.00156072048779 
10 65 0 8 0.00155555665021 
54 69 0 8 0.00153317484842 
35 79 0 8 0.00153120986797 
69 89 0 8 0.00152904311607 
52 88 0 8 0.00152766165778 
22 81 0 8 0.00151773675402 
52 74 0 8 0.0015176609497 
6 32 0 8 0.00151497035692 
7 42 0 8 0.00151479611014 
56 83 0 8 0.00150370092333 
41 53 0 8 0.00149687994228 
42 58 0 8 0.00149447876671 
11 38 0 8 0.00148904755554 
53 68 0 8 0.0014829062676 
32 45 0 8 0.00148202741245 
53 67 0 8 0.00147645490415 
34 79 0 8 0.00147600971039 
20 62 0 8 0.00145587815492 
5 57 0 8 0.00144713483754 
12 39 0 8 0.00144326909276 
49 83 0 8 0.00142811506984 
26 81 0 8 0.00141969623977 
3 17 0 8 0.00140520768005 
12 55 0 8 0.00139580599816 
4 20 0 8 0.00139106967623 
30 72 0 8 0.00139050655219 
12 52 0 8 0.00138832494861 
25 69 0 8 0.00136335178639 
14 68 0 8 0.0013459595854 
33 95 0 8 0.00134590023003 
1 17 0 8 0.00134498891833 
21 57 0 8 0.00133577650343 
4 16 0 8 0.00132762704856 
7 46 0 8 0.00131923203472 
21 33 0 8 0.0013028808563 
75 95 0 8 0.00126920972503 
50 94 0 8 0.00126450847855 
21 77 0 8 0.0011687986868 
13 73 0 8 0.00115058761312 
83 95 0 8 0.00111191337164 
