105 124 0 8 0.00311018088471 
106 123 0 8 0.00310478837871 
107 122 0 8 0.00305990161685 
108 121 0 8 0.00301872375146 
107 121 0 8 0.0029550559454 
107 123 0 8 0.00292440393954 
109 122 0 8 0.00291753068795 
106 122 0 8 0.00281384629681 
106 121 0 8 0.00280181831548 
108 120 0 8 0.00276410300618 
104 123 0 8 0.00272209754788 
104 124 0 8 0.00259463735925 
47 59 0 8 0.0025394509418 
104 125 0 8 0.00252032217258 
105 123 0 8 0.00250184744757 
16 40 0 8 0.00245101381851 
105 125 0 8 0.00244404769513 
23 36 0 8 0.00242069148953 
108 122 0 8 0.00240279034478 
106 124 0 8 0.00239528808676 
63 122 0 8 0.00238443060731 
20 36 0 8 0.0023457439909 
12 40 0 8 0.00231706021343 
62 106 0 8 0.00228418691852 
19 40 0 8 0.00227258870584 
44 104 0 8 0.00227228994777 
65 122 0 8 0.00226365615745 
15 40 0 8 0.00223458332316 
12 44 0 8 0.00221691211167 
107 124 0 8 0.00221221506432 
109 121 0 8 0.00220074087991 
64 123 0 8 0.00220057817558 
63 125 0 8 0.00216758919447 
15 43 0 8 0.00215195601411 
105 122 0 8 0.0021490633792 
66 85 0 8 0.00214193362652 
63 123 0 8 0.0021292637925 
19 39 0 8 0.00212439101521 
47 60 0 8 0.0021155520317 
12 41 0 8 0.00210684472965 
44 59 0 8 0.00210385878997 
47 62 0 8 0.00210203637432 
16 37 0 8 0.00209608503518 
103 125 0 8 0.00208821891967 
11 57 0 8 0.0020766887626 
105 126 0 8 0.00205674678765 
103 124 0 8 0.00204375058472 
12 37 0 8 0.00204231813815 
64 90 0 8 0.00203918252481 
64 104 0 8 0.00202925404963 
63 124 0 8 0.00202870036315 
20 33 0 8 0.00202042014524 
62 104 0 8 0.00201748825446 
103 126 0 8 0.00201727851353 
62 123 0 8 0.00201655235395 
65 123 0 8 0.00201555903343 
11 59 0 8 0.00201304783982 
23 106 0 8 0.00201177014475 
107 119 0 8 0.00199563777131 
63 107 0 8 0.00199004913144 
65 103 0 8 0.00198962143901 
44 62 0 8 0.00198204806679 
64 106 0 8 0.00197504070012 
43 123 0 8 0.00197246472602 
64 121 0 8 0.00197018262135 
61 124 0 8 0.00196933695983 
19 36 0 8 0.00196668417229 
20 37 0 8 0.00195796049146 
22 39 0 8 0.00194746462698 
86 103 0 8 0.00193392635067 
63 109 0 8 0.00192669446458 
106 120 0 8 0.00192573857206 
47 61 0 8 0.00191769440424 
26 106 0 8 0.00191692016821 
67 104 0 8 0.00191589532584 
59 119 0 8 0.00191559978873 
58 119 0 8 0.001913328459 
8 44 0 8 0.00190870897181 
61 107 0 8 0.00190736428226 
71 85 0 8 0.00190726270758 
65 105 0 8 0.00190677243492 
93 108 0 8 0.00189566749194 
64 122 0 8 0.0018931721948 
93 105 0 8 0.00188419025799 
33 66 0 8 0.00188316947782 
62 121 0 8 0.00188188181366 
51 63 0 8 0.00187603981426 
41 104 0 8 0.00187562676877 
11 44 0 8 0.00186733645007 
15 44 0 8 0.00185809090661 
64 89 0 8 0.0018561917954 
8 48 0 8 0.00184828833532 
26 74 0 8 0.00184620413789 
101 125 0 8 0.00183313411815 
16 33 0 8 0.00182618250689 
107 125 0 8 0.00181655366061 
64 105 0 8 0.00181383001642 
63 121 0 8 0.00181375994126 
16 36 0 8 0.00181276300272 
107 120 0 8 0.00180976142921 
48 61 0 8 0.00180810495203 
64 124 0 8 0.00180467898056 
63 103 0 8 0.00180180267162 
49 61 0 8 0.00180084604958 
23 40 0 8 0.00180035331941 
61 122 0 8 0.00179924225593 
8 45 0 8 0.00179618958977 
105 127 0 8 0.00179570163781 
11 86 0 8 0.0017911251529 
44 93 0 8 0.00178756099965 
16 41 0 8 0.00178742896178 
68 85 0 8 0.00178630391454 
40 89 0 8 0.00178274343058 
66 105 0 8 0.00177660973921 
19 37 0 8 0.0017737074434 
64 103 0 8 0.0017671891326 
50 63 0 8 0.00176652002432 
82 108 0 8 0.00176392600524 
101 123 0 8 0.00176358151585 
65 107 0 8 0.00176000944522 
66 104 0 8 0.00175938160569 
89 123 0 8 0.00175742282791 
62 124 0 8 0.00175635480394 
66 88 0 8 0.00175569575406 
60 106 0 8 0.00175314882829 
86 104 0 8 0.00175246499974 
36 64 0 8 0.00174804170991 
90 103 0 8 0.00174439584384 
104 121 0 8 0.00174340444855 
23 39 0 8 0.00174214348046 
26 92 0 8 0.00174087242879 
106 125 0 8 0.0017387159949 
44 101 0 8 0.00173841558865 
43 102 0 8 0.00172792926748 
65 89 0 8 0.00171586276019 
22 106 0 8 0.00171584446334 
43 64 0 8 0.00171582942201 
92 125 0 8 0.00171432856464 
23 117 0 8 0.00171288191675 
18 39 0 8 0.00171264243374 
9 41 0 8 0.00171125413034 
22 36 0 8 0.00170531226518 
104 122 0 8 0.00170239204439 
19 33 0 8 0.00170207032085 
61 123 0 8 0.00170190794632 
19 119 0 8 0.00170099179299 
66 124 0 8 0.00170055040981 
63 104 0 8 0.00169605645874 
26 71 0 8 0.00169589689601 
15 61 0 8 0.00169075283177 
82 107 0 8 0.00168996662853 
48 60 0 8 0.00168670382127 
86 105 0 8 0.00168515829877 
66 89 0 8 0.00168263341283 
63 108 0 8 0.00168229410755 
64 92 0 8 0.00168068764994 
67 121 0 8 0.0016772104778 
62 108 0 8 0.0016768427943 
47 124 0 8 0.00167332761815 
65 124 0 8 0.00167236511876 
63 106 0 8 0.00166958909415 
61 109 0 8 0.00166788251792 
64 107 0 8 0.0016674077496 
65 102 0 8 0.00166711571619 
65 86 0 8 0.00166495671585 
65 125 0 8 0.00166231957009 
62 89 0 8 0.00166101537408 
26 66 0 8 0.00165834582029 
104 126 0 8 0.00165682465034 
14 90 0 8 0.00165652360601 
40 106 0 8 0.00165629795859 
49 62 0 8 0.00165381639293 
62 103 0 8 0.00165368039129 
7 59 0 8 0.00165347359739 
67 105 0 8 0.00165331115423 
62 107 0 8 0.0016529517498 
101 119 0 8 0.00165240836985 
15 108 0 8 0.00164989723055 
66 106 0 8 0.001648458358 
86 106 0 8 0.0016452203183 
82 106 0 8 0.0016443742356 
65 104 0 8 0.00164296204795 
45 98 0 8 0.00163280209316 
61 121 0 8 0.00163116410463 
67 85 0 8 0.0016286980139 
64 125 0 8 0.00162840697472 
16 43 0 8 0.00162537059064 
43 103 0 8 0.00162438744454 
60 108 0 8 0.00162113836994 
16 42 0 8 0.00161887049528 
63 120 0 8 0.00161681739864 
82 105 0 8 0.0016157786586 
21 33 0 8 0.00161570100061 
85 108 0 8 0.00161515331499 
20 40 0 8 0.00161368769011 
103 127 0 8 0.00161298436417 
49 63 0 8 0.00161074175548 
8 57 0 8 0.00160981494978 
11 48 0 8 0.00160930704469 
61 108 0 8 0.00160200169702 
74 88 0 8 0.0016018552701 
89 125 0 8 0.00160154990953 
11 43 0 8 0.00160145312543 
62 93 0 8 0.00160141376386 
59 108 0 8 0.00160107627174 
60 122 0 8 0.00159941282031 
40 62 0 8 0.00159908913816 
44 106 0 8 0.00159755993283 
27 74 0 8 0.00159615432613 
7 57 0 8 0.00159493788312 
14 119 0 8 0.00159471194423 
16 34 0 8 0.0015932181932 
90 102 0 8 0.00159232931568 
44 105 0 8 0.00159131783746 
101 127 0 8 0.00158874711762 
60 120 0 8 0.00158824179952 
70 85 0 8 0.00158789099023 
15 90 0 8 0.0015875188853 
11 89 0 8 0.0015874526035 
66 86 0 8 0.001587278434 
47 64 0 8 0.00158699775024 
13 109 0 8 0.00158370627976 
40 65 0 8 0.0015816472183 
11 47 0 8 0.00157889203263 
89 105 0 8 0.00157717131874 
28 125 0 8 0.00157560369237 
37 89 0 8 0.00157500995968 
23 92 0 8 0.00157278971439 
44 58 0 8 0.00157185240122 
11 58 0 8 0.00157168974857 
40 104 0 8 0.00156891072191 
68 122 0 8 0.00156853962436 
64 86 0 8 0.00156844501459 
65 120 0 8 0.00156825375441 
19 108 0 8 0.00156605597583 
63 102 0 8 0.00156516556757 
17 41 0 8 0.00156408869025 
28 118 0 8 0.0015611555772 
61 119 0 8 0.00156012906429 
62 109 0 8 0.00156002323404 
43 101 0 8 0.00155934886537 
43 60 0 8 0.00155904826989 
60 107 0 8 0.00155409102761 
59 121 0 8 0.00155250732419 
64 88 0 8 0.00155097197879 
58 107 0 8 0.00155048783865 
61 110 0 8 0.00154552341193 
73 85 0 8 0.00154368907826 
11 40 0 8 0.00154165205431 
21 36 0 8 0.00153738729389 
63 105 0 8 0.00153357813738 
66 82 0 8 0.00153268952616 
18 36 0 8 0.00153129908058 
48 62 0 8 0.00153122123564 
101 122 0 8 0.00153074768127 
22 64 0 8 0.00153027521871 
45 92 0 8 0.00152866010711 
26 88 0 8 0.00152641881557 
18 119 0 8 0.00152600732807 
61 104 0 8 0.00152432136024 
13 54 0 8 0.00152157968469 
62 127 0 8 0.00151846149729 
78 109 0 8 0.00151729830415 
86 110 0 8 0.00151651789584 
15 63 0 8 0.0015158543609 
8 59 0 8 0.00151280158482 
18 61 0 8 0.00150990023089 
106 119 0 8 0.00150885277743 
23 119 0 8 0.00150846752271 
15 33 0 8 0.00150823309354 
26 64 0 8 0.00150592284125 
82 103 0 8 0.00150278071885 
67 86 0 8 0.00150219633027 
14 87 0 8 0.00150167534405 
61 125 0 8 0.00150033376989 
90 108 0 8 0.00149911448452 
99 119 0 8 0.00149745514057 
90 104 0 8 0.00149736504755 
67 124 0 8 0.0014959334223 
22 66 0 8 0.00149497266741 
64 87 0 8 0.00149339314758 
15 57 0 8 0.00149213062644 
89 107 0 8 0.00149076044816 
14 89 0 8 0.00149019081756 
49 125 0 8 0.00149018931368 
15 125 0 8 0.00148941315851 
68 121 0 8 0.00148581944869 
33 67 0 8 0.00148257521002 
60 123 0 8 0.00148125811646 
96 108 0 8 0.00148039450061 
62 96 0 8 0.00147973061677 
61 126 0 8 0.00147541411415 
39 65 0 8 0.00147502434914 
31 71 0 8 0.00147437594975 
20 119 0 8 0.00147364818412 
68 124 0 8 0.00147229976451 
90 105 0 8 0.00147015874558 
30 104 0 8 0.00146962985353 
42 82 0 8 0.0014692402984 
14 59 0 8 0.00146848384145 
65 126 0 8 0.00146756746754 
101 126 0 8 0.00146625542822 
14 61 0 8 0.00146621520493 
7 55 0 8 0.00146563860075 
67 103 0 8 0.00146515430536 
15 59 0 8 0.00146493641141 
18 108 0 8 0.0014642853702 
7 58 0 8 0.00146291070306 
60 121 0 8 0.00145958446755 
28 74 0 8 0.00145921823842 
12 42 0 8 0.00145379210773 
102 117 0 8 0.00145231445372 
48 65 0 8 0.00145215707067 
60 105 0 8 0.00145157942728 
49 103 0 8 0.0014511109674 
47 101 0 8 0.00145044780274 
30 120 0 8 0.00144862511961 
74 108 0 8 0.00144818015394 
15 121 0 8 0.0014481432464 
22 96 0 8 0.00144514525732 
15 46 0 8 0.00144466876733 
60 119 0 8 0.00144450859739 
60 98 0 8 0.00144125197191 
64 101 0 8 0.00144124390406 
11 60 0 8 0.00144094216883 
23 35 0 8 0.00143878453365 
27 106 0 8 0.00143791633769 
57 120 0 8 0.00143733588319 
30 103 0 8 0.00143523743768 
23 71 0 8 0.00143458458011 
48 105 0 8 0.00143342173124 
43 57 0 8 0.00143032841308 
8 50 0 8 0.00143026027993 
38 96 0 8 0.00143016173268 
27 117 0 8 0.00142942746591 
59 106 0 8 0.00142942493961 
14 91 0 8 0.00142925086521 
38 82 0 8 0.00142732638207 
11 125 0 8 0.00142663575451 
24 116 0 8 0.00142488328119 
37 121 0 8 0.0014241586239 
55 92 0 8 0.00142378324085 
64 82 0 8 0.00142273902513 
52 99 0 8 0.00142223665027 
47 123 0 8 0.00142157386034 
66 119 0 8 0.00142091469241 
49 64 0 8 0.00142000064048 
20 34 0 8 0.00141668451043 
41 96 0 8 0.00141639818036 
68 88 0 8 0.00141440674847 
14 88 0 8 0.00141331390143 
99 118 0 8 0.00141292692915 
39 89 0 8 0.00141175147677 
48 103 0 8 0.00141152248345 
13 121 0 8 0.00141117138315 
21 81 0 8 0.00140991552815 
15 64 0 8 0.00140816858342 
30 122 0 8 0.00140691646364 
19 38 0 8 0.00140574416303 
12 34 0 8 0.00140533078962 
89 103 0 8 0.00140364331497 
60 104 0 8 0.00140333865333 
47 125 0 8 0.001402837887 
14 60 0 8 0.00140143786173 
8 56 0 8 0.00140121189519 
62 120 0 8 0.00140105036226 
22 40 0 8 0.00139948612486 
63 90 0 8 0.00139841647616 
29 118 0 8 0.00139755860405 
30 118 0 8 0.00139716898592 
61 101 0 8 0.00139559198362 
51 101 0 8 0.00139502582148 
37 85 0 8 0.00139214387877 
71 110 0 8 0.00139089734957 
42 95 0 8 0.0013897559076 
23 123 0 8 0.00138960958053 
68 107 0 8 0.00138941063343 
44 98 0 8 0.00138891670196 
60 96 0 8 0.00138842587599 
69 86 0 8 0.00138835608601 
47 106 0 8 0.00138782072783 
40 123 0 8 0.00138741774197 
18 64 0 8 0.00138618972201 
68 104 0 8 0.00138577642772 
65 111 0 8 0.00138559329058 
57 101 0 8 0.00138532360787 
62 90 0 8 0.00138476001945 
50 101 0 8 0.00138436185378 
64 102 0 8 0.00138374639553 
45 96 0 8 0.00138126994002 
27 89 0 8 0.00138055496063 
8 52 0 8 0.00137870204173 
44 108 0 8 0.00137785991482 
19 64 0 8 0.00137722665394 
58 117 0 8 0.00137699794028 
92 109 0 8 0.00137651533574 
89 127 0 8 0.00137651281589 
42 119 0 8 0.0013763278935 
66 103 0 8 0.00137595333771 
74 86 0 8 0.00137301882442 
30 126 0 8 0.00137181616887 
98 120 0 8 0.00137138770029 
40 59 0 8 0.00137032694323 
49 121 0 8 0.00137021802616 
100 126 0 8 0.00136916151757 
22 63 0 8 0.00136905248066 
89 121 0 8 0.00136884392632 
85 119 0 8 0.00136862927428 
65 91 0 8 0.00136805367717 
70 88 0 8 0.0013667393745 
43 117 0 8 0.00136536664078 
60 102 0 8 0.00136403281474 
42 91 0 8 0.00136366532562 
23 64 0 8 0.00136349611323 
15 101 0 8 0.00136219451484 
19 104 0 8 0.00136135599716 
49 127 0 8 0.00136063280083 
68 105 0 8 0.00136008861811 
67 92 0 8 0.00135940183495 
37 92 0 8 0.00135794249754 
27 85 0 8 0.00135598933806 
67 82 0 8 0.0013559758483 
7 56 0 8 0.00135456645062 
63 110 0 8 0.00135426012821 
59 96 0 8 0.0013541197098 
47 107 0 8 0.00135389623039 
11 50 0 8 0.00135372805604 
9 48 0 8 0.00135317805245 
57 119 0 8 0.00135161611516 
55 96 0 8 0.00135148491674 
56 101 0 8 0.00135116348381 
10 109 0 8 0.00135029693603 
78 107 0 8 0.00134992455945 
84 106 0 8 0.00134859422449 
86 116 0 8 0.00134818640072 
58 108 0 8 0.0013472621066 
31 68 0 8 0.0013453471907 
53 100 0 8 0.00134405569922 
50 121 0 8 0.00134390539641 
65 92 0 8 0.00134314056713 
32 121 0 8 0.00134236470901 
58 121 0 8 0.00134221813322 
27 116 0 8 0.00134127488551 
35 85 0 8 0.00134088797285 
92 126 0 8 0.00134030525735 
18 90 0 8 0.00134024260337 
16 50 0 8 0.00133935117487 
66 108 0 8 0.00133849997027 
61 118 0 8 0.00133796522385 
11 123 0 8 0.00133724766665 
71 84 0 8 0.00133674286602 
25 66 0 8 0.00133571292653 
71 104 0 8 0.00133394464062 
52 95 0 8 0.00133391319084 
47 122 0 8 0.00133387825961 
46 59 0 8 0.0013334924978 
15 127 0 8 0.00133330183524 
67 102 0 8 0.00133266246037 
8 36 0 8 0.00133178335402 
17 33 0 8 0.00133145693901 
14 41 0 8 0.00133111442325 
28 126 0 8 0.00133109951248 
31 66 0 8 0.00132846457502 
44 89 0 8 0.00132237323759 
7 90 0 8 0.00132187947859 
68 103 0 8 0.00132084616573 
27 104 0 8 0.00132053767441 
60 127 0 8 0.00131980732936 
61 111 0 8 0.00131813398273 
84 108 0 8 0.00131792508196 
21 84 0 8 0.00131616099294 
18 104 0 8 0.00131613540441 
24 36 0 8 0.00131484299395 
22 80 0 8 0.00131409318907 
57 92 0 8 0.00131357235169 
35 120 0 8 0.0013134908075 
99 126 0 8 0.00131306060814 
24 123 0 8 0.00130907407726 
69 82 0 8 0.00130839533398 
20 82 0 8 0.00130796235237 
39 86 0 8 0.0013072071026 
64 110 0 8 0.00130716367215 
58 109 0 8 0.00130698210228 
19 86 0 8 0.00130609540492 
52 119 0 8 0.00130373982348 
59 124 0 8 0.00130358896196 
52 66 0 8 0.00130298230541 
37 119 0 8 0.00129995145981 
26 108 0 8 0.00129953700281 
85 117 0 8 0.00129567137189 
26 39 0 8 0.00129301598546 
9 38 0 8 0.00129152396925 
47 108 0 8 0.00129064549303 
63 92 0 8 0.00128828864865 
73 88 0 8 0.00128738346343 
59 98 0 8 0.00128539175014 
97 110 0 8 0.00128478858782 
37 65 0 8 0.00128294137867 
42 97 0 8 0.00128016113581 
85 112 0 8 0.00127979199973 
7 83 0 8 0.00127959545467 
72 110 0 8 0.00127896805069 
71 126 0 8 0.00127825737578 
68 87 0 8 0.00127758918979 
88 126 0 8 0.00127748357559 
23 70 0 8 0.00127694956736 
55 108 0 8 0.00127520515535 
22 85 0 8 0.00127458877057 
15 120 0 8 0.00127321708386 
96 121 0 8 0.00127190051563 
63 82 0 8 0.0012718246846 
55 102 0 8 0.00127076565046 
7 51 0 8 0.00126848192021 
30 88 0 8 0.00126707740911 
5 56 0 8 0.00126545037351 
7 89 0 8 0.00126493678799 
15 32 0 8 0.00126479849582 
11 127 0 8 0.00126328613906 
61 99 0 8 0.00126168742789 
56 119 0 8 0.00126167924019 
62 98 0 8 0.00126119635397 
92 107 0 8 0.00126102247079 
65 127 0 8 0.00125976269623 
72 121 0 8 0.00125715136128 
58 114 0 8 0.00125652142502 
13 57 0 8 0.0012560494659 
7 48 0 8 0.00125551958332 
68 81 0 8 0.00125294597444 
63 117 0 8 0.00125248919408 
53 102 0 8 0.00125092156409 
43 109 0 8 0.00125019724364 
83 110 0 8 0.00125018264316 
63 100 0 8 0.00124935277618 
33 70 0 8 0.00124816704162 
89 115 0 8 0.00124570282573 
20 95 0 8 0.00124502957267 
25 80 0 8 0.00124452605425 
7 64 0 8 0.00124338496262 
83 116 0 8 0.00123900515644 
55 103 0 8 0.00123822508463 
39 71 0 8 0.00123818307754 
26 122 0 8 0.00123811853432 
10 26 0 8 0.00123761302337 
51 108 0 8 0.00123740838625 
25 71 0 8 0.00123677295653 
17 39 0 8 0.00123663099526 
57 125 0 8 0.00123388090703 
22 38 0 8 0.00123369101771 
19 91 0 8 0.00123317725246 
25 115 0 8 0.00123012189981 
78 112 0 8 0.00123009049253 
55 71 0 8 0.00122997871912 
58 115 0 8 0.00122897726982 
9 67 0 8 0.00122853028786 
14 103 0 8 0.00122735578669 
55 99 0 8 0.00122659978202 
28 49 0 8 0.00122600822502 
26 75 0 8 0.00122549415471 
21 111 0 8 0.00122102551317 
74 91 0 8 0.00121892946427 
6 112 0 8 0.00121394417014 
12 32 0 8 0.00121328187606 
57 104 0 8 0.0012126838156 
17 50 0 8 0.00121238188387 
20 97 0 8 0.00120603388578 
7 66 0 8 0.00120594628302 
67 114 0 8 0.00120135944381 
37 101 0 8 0.00119961198486 
94 118 0 8 0.00119727397656 
5 54 0 8 0.00119618697323 
20 107 0 8 0.00119478331181 
97 116 0 8 0.00119419449574 
36 97 0 8 0.00119189649519 
56 116 0 8 0.00119069512378 
38 103 0 8 0.00118988882451 
57 111 0 8 0.00118969840678 
75 109 0 8 0.00118914848621 
68 126 0 8 0.0011869491807 
16 31 0 8 0.00118626705096 
9 111 0 8 0.0011854704887 
104 131 0 8 0.00118528950435 
27 46 0 8 0.00118403219859 
68 110 0 8 0.00118324868385 
75 110 0 8 0.00118193965739 
74 104 0 8 0.0011806336908 
20 53 0 8 0.00117961395332 
20 48 0 8 0.00117917878512 
26 125 0 8 0.00117905438534 
25 111 0 8 0.00117883669154 
71 119 0 8 0.00117841123579 
13 122 0 8 0.00117404214473 
98 123 0 8 0.00117372925964 
25 79 0 8 0.00117320190394 
29 43 0 8 0.00117244575494 
81 117 0 8 0.00117218806752 
53 97 0 8 0.00117189154908 
10 120 0 8 0.00116944698797 
25 96 0 8 0.00116925942979 
69 129 0 8 0.00116435032247 
31 101 0 8 0.00116347699802 
56 74 0 8 0.00115930755239 
38 91 0 8 0.00115866896712 
28 113 0 8 0.00115387644181 
88 104 0 8 0.00115294077876 
16 98 0 8 0.00115240126688 
19 51 0 8 0.00115193166156 
8 68 0 8 0.0011512884542 
65 81 0 8 0.00115028358369 
54 110 0 8 0.00114794290287 
98 117 0 8 0.00114553850849 
72 105 0 8 0.00114514479711 
25 50 0 8 0.00114398988078 
96 110 0 8 0.00113676464798 
76 124 0 8 0.00113642743834 
38 108 0 8 0.00113636500186 
68 112 0 8 0.00112980134619 
5 51 0 8 0.00112867778823 
6 62 0 8 0.00112814932526 
36 55 0 8 0.00112128114172 
42 110 0 8 0.00111725129345 
67 94 0 8 0.00111359136366 
45 79 0 8 0.00111086638447 
62 83 0 8 0.00110286549292 
29 87 0 8 0.00110043102457 
16 82 0 8 0.00109633300177 
59 81 0 8 0.00109616985619 
87 123 0 8 0.0010762705828 
5 62 0 8 0.00107528117426 
33 60 0 8 0.00107253561129 
47 69 0 8 0.00106442470181 
11 115 0 8 0.00104838492724 
58 71 0 8 0.00104833963321 
8 79 0 8 0.00104690472385 
32 127 0 8 0.00104022717044 
13 128 0 8 0.00103986243271 
7 106 0 8 0.00103284473165 
83 130 0 8 0.00103244798238 
74 119 0 8 0.00102823014358 
33 57 0 8 0.0010237945918 
47 87 0 8 0.00102259214864 
21 58 0 8 0.00101858528028 
9 104 0 8 0.00100736742353 
54 88 0 8 0.0010003884638 
6 45 0 8 0.000999768619164 
46 76 0 8 0.000999250379851 
14 74 0 8 0.000999112765304 
77 131 0 8 0.000996817404871 
7 34 0 8 0.000990755283264 
86 100 0 8 0.000981374198211 
6 19 0 8 0.000981054628364 
49 114 0 8 0.000963858989382 
28 97 0 8 0.000959833243376 
10 131 0 8 0.000947939454081 
36 77 0 8 0.000941577812116 
6 35 0 8 0.000927142960976 
76 90 0 8 0.000924592119813 
56 130 0 8 0.00091656932523 
76 99 0 8 0.000907982327707 
32 48 0 8 0.000891753619273 
112 130 0 8 0.000837437560059 
