55 73 0 8 0.00455597365852 
10 70 0 8 0.00435493268736 
9 26 0 8 0.00419033623841 
55 69 0 8 0.00402064149536 
44 76 0 8 0.00401479349009 
6 31 0 8 0.00395571058903 
6 73 0 8 0.00391250834074 
51 76 0 8 0.00387824493304 
10 73 0 8 0.00384697213898 
9 27 0 8 0.00382816504061 
13 70 0 8 0.00380156921265 
51 72 0 8 0.00376675800796 
48 76 0 8 0.00371137272248 
9 25 0 8 0.00369908502629 
10 66 0 8 0.00367574092372 
6 70 0 8 0.00366893072224 
41 77 0 8 0.00363422626631 
13 25 0 8 0.00362804266732 
10 77 0 8 0.00357406053229 
10 27 0 8 0.0035536214926 
9 24 0 8 0.00353348191846 
31 45 0 8 0.00349245278947 
6 77 0 8 0.00347929594695 
13 73 0 8 0.00344520621837 
14 70 0 8 0.00343012747559 
40 77 0 8 0.00341789344663 
5 30 0 8 0.00341040019273 
28 52 0 8 0.00340153084847 
40 73 0 8 0.00334938504556 
6 28 0 8 0.00334105222185 
51 73 0 8 0.00333826902303 
14 66 0 8 0.003336462575 
52 73 0 8 0.00332074970979 
27 52 0 8 0.00329559987204 
48 73 0 8 0.00329377557232 
12 24 0 8 0.00328149063549 
48 69 0 8 0.00326179589026 
14 67 0 8 0.0032579749396 
17 67 0 8 0.00325135254321 
6 27 0 8 0.00323075666761 
55 70 0 8 0.00322717755276 
13 66 0 8 0.0032100533497 
51 69 0 8 0.00320551971582 
9 30 0 8 0.00320074220923 
55 72 0 8 0.00319030745997 
17 63 0 8 0.00316730773403 
17 60 0 8 0.00315604611251 
31 73 0 8 0.00313883395394 
13 27 0 8 0.00313418666508 
10 55 0 8 0.00312746944078 
41 73 0 8 0.00311977851434 
31 52 0 8 0.00311860691315 
55 76 0 8 0.00310480033082 
24 52 0 8 0.00309475345636 
9 23 0 8 0.00309124709881 
31 77 0 8 0.00308744467398 
7 77 0 8 0.00308398236944 
6 30 0 8 0.00307618688779 
52 69 0 8 0.00304073848236 
20 66 0 8 0.00303152459706 
51 75 0 8 0.00301872938474 
20 70 0 8 0.00301526574647 
45 77 0 8 0.00301238527945 
52 66 0 8 0.00297463068055 
10 52 0 8 0.0029745641601 
28 73 0 8 0.00297311986728 
47 72 0 8 0.0029502111852 
24 55 0 8 0.00294733171149 
44 73 0 8 0.00294450600101 
24 56 0 8 0.00294392856485 
13 64 0 8 0.00294256595405 
5 26 0 8 0.00294130970628 
51 70 0 8 0.00294019465173 
35 52 0 8 0.00293438110139 
52 72 0 8 0.00293313229992 
34 69 0 8 0.00293200959408 
10 25 0 8 0.00292965881538 
11 70 0 8 0.00291136014003 
13 63 0 8 0.00289855207967 
31 48 0 8 0.00289162538187 
7 74 0 8 0.00288945667115 
17 59 0 8 0.00288814259797 
13 67 0 8 0.00287532867796 
5 33 0 8 0.00287142316673 
52 70 0 8 0.00286790962963 
31 76 0 8 0.00285895370162 
35 77 0 8 0.0028374603673 
6 34 0 8 0.00283678645544 
52 76 0 8 0.00282747180893 
28 66 0 8 0.00281438277457 
6 66 0 8 0.00279976303444 
32 45 0 8 0.002795827492 
10 48 0 8 0.00278829700142 
17 66 0 8 0.00277623722516 
10 67 0 8 0.00277064438596 
27 73 0 8 0.00276709723765 
10 28 0 8 0.00275551536447 
9 28 0 8 0.00274427463363 
28 56 0 8 0.00274246024933 
31 55 0 8 0.00273896435048 
6 32 0 8 0.00273869265885 
28 45 0 8 0.0027333905775 
9 31 0 8 0.00272408369122 
24 48 0 8 0.00271037483943 
44 77 0 8 0.00270849207067 
7 73 0 8 0.0026999246861 
27 77 0 8 0.00269437718375 
24 73 0 8 0.00268411878897 
17 64 0 8 0.00268273514486 
10 71 0 8 0.00267933749968 
9 70 0 8 0.00267517344347 
48 72 0 8 0.00267134581894 
27 70 0 8 0.00266845261718 
24 69 0 8 0.00266403439687 
6 29 0 8 0.00266346876281 
11 74 0 8 0.00265699720876 
44 80 0 8 0.00265558250973 
28 70 0 8 0.00264981416706 
27 48 0 8 0.00263400273186 
44 66 0 8 0.00262987841296 
20 59 0 8 0.00262768321469 
24 70 0 8 0.00262303450499 
54 72 0 8 0.00262035370366 
6 74 0 8 0.0026195912008 
51 74 0 8 0.00260936959107 
12 27 0 8 0.00260810847444 
56 73 0 8 0.0026079825232 
5 27 0 8 0.00260637241605 
20 56 0 8 0.00260135119376 
13 59 0 8 0.00259793472426 
6 35 0 8 0.00259240010456 
14 63 0 8 0.00258895870285 
20 55 0 8 0.00258672270836 
47 76 0 8 0.00257470375182 
9 73 0 8 0.00257169168986 
31 56 0 8 0.00255878418647 
23 70 0 8 0.00255797135317 
13 77 0 8 0.00255613257447 
10 31 0 8 0.00255148223621 
10 24 0 8 0.00254054671871 
13 69 0 8 0.00253162798708 
9 35 0 8 0.00252937923734 
6 40 0 8 0.0025267441504 
35 76 0 8 0.00252443447858 
10 51 0 8 0.0025241727746 
13 26 0 8 0.00252362443725 
8 30 0 8 0.00252184717332 
21 56 0 8 0.00251774655734 
17 56 0 8 0.00251698357929 
27 59 0 8 0.00251322512112 
27 66 0 8 0.0025071872294 
28 49 0 8 0.00250285070596 
14 64 0 8 0.00250034639625 
20 73 0 8 0.00249514598829 
9 67 0 8 0.00248937916361 
48 77 0 8 0.00247443554693 
38 73 0 8 0.00247320954131 
6 69 0 8 0.002461175391 
10 23 0 8 0.00245947014985 
14 71 0 8 0.0024539385479 
13 72 0 8 0.00245129350731 
6 52 0 8 0.00243895529646 
32 56 0 8 0.00243814686842 
28 63 0 8 0.00243504949514 
14 68 0 8 0.00242556859907 
59 74 0 8 0.00242457149893 
44 65 0 8 0.00242359187457 
13 31 0 8 0.00242133507863 
24 59 0 8 0.0024203149705 
41 76 0 8 0.00241791755767 
23 73 0 8 0.00241609308061 
10 72 0 8 0.00241519252173 
51 66 0 8 0.0024148077569 
30 73 0 8 0.00240590651586 
44 69 0 8 0.00239947727553 
23 77 0 8 0.00239834751343 
14 52 0 8 0.00239466134505 
14 55 0 8 0.00239395651395 
31 44 0 8 0.00239292837675 
27 69 0 8 0.00238428340102 
32 63 0 8 0.00237610538279 
6 38 0 8 0.0023745047716 
34 76 0 8 0.00237043477365 
36 74 0 8 0.00236386330462 
10 35 0 8 0.00235848326258 
27 76 0 8 0.00235484253786 
27 44 0 8 0.00235448047058 
14 51 0 8 0.00234446065267 
8 29 0 8 0.00233986641894 
20 67 0 8 0.00233288164479 
32 66 0 8 0.00233132510522 
41 55 0 8 0.00233032071172 
35 59 0 8 0.00232996496231 
5 34 0 8 0.00232769476232 
17 65 0 8 0.00232719811381 
54 78 0 8 0.00232717135529 
12 25 0 8 0.00232427311586 
31 49 0 8 0.00231534324735 
29 73 0 8 0.00231486135557 
43 77 0 8 0.00231408649541 
54 69 0 8 0.00231333738702 
5 76 0 8 0.00231111271931 
23 74 0 8 0.00229538671103 
27 74 0 8 0.00229522723742 
31 66 0 8 0.00229513411756 
10 38 0 8 0.00228741963799 
8 33 0 8 0.00228394897278 
20 63 0 8 0.00228113988979 
13 56 0 8 0.00227223376555 
7 51 0 8 0.00227130609702 
54 75 0 8 0.00227018449797 
9 71 0 8 0.00226871384448 
17 71 0 8 0.00226743012572 
66 80 0 8 0.00226188820553 
32 59 0 8 0.00226139138827 
6 76 0 8 0.00226035859856 
25 63 0 8 0.00226031658031 
6 33 0 8 0.00225872346216 
13 68 0 8 0.00225299544706 
7 52 0 8 0.00225267267909 
27 45 0 8 0.00224909713468 
14 74 0 8 0.00224821473924 
9 66 0 8 0.00224668235126 
13 29 0 8 0.00224636958932 
13 60 0 8 0.0022456650781 
10 29 0 8 0.00224391995723 
32 77 0 8 0.00223754563787 
34 77 0 8 0.00223128172332 
31 59 0 8 0.00222536964873 
27 56 0 8 0.00222496362653 
39 73 0 8 0.00222192777245 
16 67 0 8 0.00221793931493 
54 74 0 8 0.00221380608025 
38 76 0 8 0.00221165952199 
7 35 0 8 0.0022099753329 
42 75 0 8 0.00220588833901 
29 59 0 8 0.00220555276903 
7 72 0 8 0.00219617692659 
3 77 0 8 0.00219536428063 
52 67 0 8 0.00219235109205 
5 37 0 8 0.00218989905488 
8 26 0 8 0.00218836704614 
31 69 0 8 0.00218808709339 
11 67 0 8 0.00218711613519 
28 55 0 8 0.00218197109835 
6 67 0 8 0.00218133337619 
6 47 0 8 0.00218066557851 
51 78 0 8 0.00217866162627 
33 73 0 8 0.00217686265318 
40 80 0 8 0.00217288651168 
16 72 0 8 0.00217227117232 
33 74 0 8 0.00217077596014 
55 77 0 8 0.0021671954028 
40 69 0 8 0.00216628838471 
27 63 0 8 0.00216352729104 
10 41 0 8 0.00216292900068 
37 72 0 8 0.00216238133514 
43 78 0 8 0.00216132473409 
38 77 0 8 0.00215613987623 
30 75 0 8 0.00215553805811 
7 47 0 8 0.00215219146605 
6 25 0 8 0.00215114324983 
26 43 0 8 0.00215071803906 
36 56 0 8 0.00214936819223 
46 78 0 8 0.00214891667134 
14 72 0 8 0.00214457705439 
7 67 0 8 0.00214390505341 
7 55 0 8 0.00213857364969 
10 44 0 8 0.00213802360229 
47 78 0 8 0.00213701049542 
36 59 0 8 0.00212330619136 
20 69 0 8 0.00212266937673 
29 63 0 8 0.00212160939737 
27 60 0 8 0.00212040238378 
10 64 0 8 0.00211483596397 
21 67 0 8 0.00211161047859 
8 73 0 8 0.00210767855178 
11 71 0 8 0.00210761220381 
9 65 0 8 0.00210018027676 
29 77 0 8 0.00209390836701 
39 70 0 8 0.00209148447225 
42 57 0 8 0.00208824655932 
27 72 0 8 0.002081808098 
7 27 0 8 0.00207682469815 
29 45 0 8 0.00207511441169 
6 68 0 8 0.00207331671682 
44 68 0 8 0.00206953648104 
14 56 0 8 0.00206617085375 
18 70 0 8 0.00206439878613 
57 78 0 8 0.00205509126916 
47 66 0 8 0.00204998326081 
9 22 0 8 0.00204685112178 
28 76 0 8 0.00204296384705 
32 72 0 8 0.0020381030317 
58 72 0 8 0.00203505849073 
36 71 0 8 0.00203408108828 
46 83 0 8 0.00203189634972 
15 64 0 8 0.00202191010353 
30 44 0 8 0.00202043288652 
42 78 0 8 0.00201841035929 
26 49 0 8 0.00201679870638 
1 76 0 8 0.00201481195665 
42 60 0 8 0.00201352129 
36 75 0 8 0.00200846366981 
14 53 0 8 0.00200818227941 
29 70 0 8 0.00200799184561 
35 66 0 8 0.00200725504249 
62 74 0 8 0.00200493511035 
11 51 0 8 0.00199997377489 
17 74 0 8 0.00199120320051 
3 74 0 8 0.0019851818114 
29 72 0 8 0.00198468658796 
63 81 0 8 0.00198326556523 
47 82 0 8 0.00198216332454 
5 50 0 8 0.0019812022266 
29 43 0 8 0.00197968663913 
17 42 0 8 0.00197957755559 
30 78 0 8 0.00197760485303 
38 52 0 8 0.00197752641246 
6 45 0 8 0.0019717470088 
42 61 0 8 0.00196822513707 
4 80 0 8 0.00196761531073 
9 50 0 8 0.00195939829117 
6 59 0 8 0.00195758965015 
7 45 0 8 0.00195660101627 
4 76 0 8 0.00195420000339 
17 49 0 8 0.0019539716101 
22 77 0 8 0.00195384720085 
55 67 0 8 0.00195085238054 
26 50 0 8 0.00195035001417 
6 39 0 8 0.00194480023982 
13 39 0 8 0.00194393729593 
31 80 0 8 0.0019384442529 
1 41 0 8 0.00193357579095 
1 45 0 8 0.00193342554721 
1 44 0 8 0.00193213880234 
22 73 0 8 0.00192960760596 
33 63 0 8 0.00192654461766 
18 42 0 8 0.00192594857123 
22 74 0 8 0.00192539313369 
1 43 0 8 0.00192194105609 
8 77 0 8 0.001918430728 
61 78 0 8 0.00191262589856 
38 70 0 8 0.0019109543963 
5 46 0 8 0.00189896175637 
41 81 0 8 0.00189138072956 
18 44 0 8 0.00188879224752 
19 41 0 8 0.00188584389876 
34 79 0 8 0.00188095846187 
32 71 0 8 0.00188002354987 
17 41 0 8 0.00187759165827 
27 78 0 8 0.00187655755965 
29 47 0 8 0.0018615360408 
26 59 0 8 0.00186121754381 
1 50 0 8 0.00185657979954 
40 65 0 8 0.00185141723409 
19 57 0 8 0.00184721404506 
19 72 0 8 0.00184335203569 
67 82 0 8 0.00183985211909 
46 65 0 8 0.0018311193206 
9 60 0 8 0.00182884768751 
2 76 0 8 0.00182418748625 
5 68 0 8 0.00182379835221 
53 78 0 8 0.00182326610109 
62 75 0 8 0.00181940470305 
49 64 0 8 0.00181154695234 
22 76 0 8 0.00180580394174 
49 61 0 8 0.00180518020541 
25 57 0 8 0.00180502738814 
19 77 0 8 0.00179068220668 
43 82 0 8 0.0017857691867 
4 51 0 8 0.00178262534754 
9 54 0 8 0.00178165176011 
21 82 0 8 0.00177852694028 
37 82 0 8 0.00177621794471 
1 80 0 8 0.001775680826 
17 36 0 8 0.00176488404557 
33 67 0 8 0.00175577093142 
27 64 0 8 0.00175538556582 
21 40 0 8 0.00174364285508 
47 83 0 8 0.00174314522148 
64 77 0 8 0.00174189676594 
29 57 0 8 0.00174154563073 
23 81 0 8 0.00173832634204 
45 58 0 8 0.00173769445583 
19 54 0 8 0.00172238994068 
1 37 0 8 0.00172137900084 
16 54 0 8 0.00171492662204 
23 65 0 8 0.0017103313969 
54 67 0 8 0.00170725419168 
3 56 0 8 0.0017039286206 
33 46 0 8 0.00169158326246 
4 53 0 8 0.00169137310718 
22 75 0 8 0.00168939049743 
42 71 0 8 0.00168774999212 
57 82 0 8 0.00168408552903 
4 65 0 8 0.00167585003126 
58 80 0 8 0.00167283090111 
36 57 0 8 0.00166520197395 
25 39 0 8 0.00165304539682 
26 64 0 8 0.00164886192386 
15 34 0 8 0.0016472474561 
15 39 0 8 0.001646497444 
35 50 0 8 0.00163827140239 
2 59 0 8 0.00163348457407 
37 49 0 8 0.00161492996442 
22 82 0 8 0.00161229978823 
15 29 0 8 0.00159402096436 
2 78 0 8 0.00159211948164 
53 65 0 8 0.00158514510857 
43 59 0 8 0.00156713861587 
5 83 0 8 0.00156646897635 
71 83 0 8 0.00148741625744 
4 62 0 8 0.00148409460398 
1 21 0 8 0.00141651669701 
