29 41 0 8 0.00785267896608 
27 43 0 8 0.00755179275306 
28 42 0 8 0.00745455353507 
29 42 0 8 0.00690027164965 
28 40 0 8 0.0068374230858 
27 42 0 8 0.00674157301791 
26 44 0 8 0.00621904332955 
27 44 0 8 0.00609649785819 
28 43 0 8 0.0059708519837 
26 43 0 8 0.00595730052661 
28 41 0 8 0.00566941026252 
29 43 0 8 0.00554406757906 
26 45 0 8 0.00547759025882 
16 29 0 8 0.00526713654271 
26 42 0 8 0.00526483758287 
16 28 0 8 0.00502346755291 
25 44 0 8 0.00485510041624 
7 19 0 8 0.00476410181668 
27 40 0 8 0.00460360657774 
27 41 0 8 0.00453939468483 
28 44 0 8 0.00444830431378 
15 30 0 8 0.00440664324105 
16 30 0 8 0.00436307094349 
7 20 0 8 0.00435785392874 
25 43 0 8 0.00435549850965 
24 47 0 8 0.0043384257234 
25 47 0 8 0.00431523510866 
26 47 0 8 0.00430677809903 
26 46 0 8 0.00420059496556 
25 45 0 8 0.00417276165623 
27 45 0 8 0.00416789782057 
25 48 0 8 0.00409197406877 
25 46 0 8 0.00406475697542 
24 46 0 8 0.0040394049106 
9 27 0 8 0.00402682211339 
17 29 0 8 0.00402236594597 
14 30 0 8 0.00399381739352 
27 50 0 8 0.00399301180023 
24 45 0 8 0.00393766908399 
14 31 0 8 0.00393551377334 
42 55 0 8 0.003857370917 
41 55 0 8 0.00385356945293 
42 60 0 8 0.00382093710553 
43 60 0 8 0.00380656733843 
14 29 0 8 0.00376512636234 
15 29 0 8 0.00373517443889 
17 30 0 8 0.003642533836 
26 48 0 8 0.00363313304207 
15 31 0 8 0.00358680693513 
24 48 0 8 0.00358462741226 
14 32 0 8 0.00353079132683 
41 56 0 8 0.00352485294237 
25 42 0 8 0.0035016413275 
15 28 0 8 0.00344825904798 
25 49 0 8 0.00344203490673 
24 44 0 8 0.00336499122029 
40 55 0 8 0.0033204650233 
27 47 0 8 0.00328364252619 
23 47 0 8 0.00323396362224 
44 66 0 8 0.00322860370337 
13 32 0 8 0.00318764974502 
23 46 0 8 0.00314313853584 
29 44 0 8 0.00314093466996 
43 55 0 8 0.00313961848372 
29 55 0 8 0.00313243033191 
41 57 0 8 0.00312999656403 
15 32 0 8 0.00312915511805 
25 50 0 8 0.00311590579084 
9 25 0 8 0.00311124359537 
41 60 0 8 0.00310823882196 
40 56 0 8 0.00308272172517 
44 67 0 8 0.0030481015776 
41 58 0 8 0.00304090528442 
23 45 0 8 0.00303702989178 
43 66 0 8 0.00302857995768 
24 49 0 8 0.00301754336705 
59 74 0 8 0.00301515127335 
29 50 0 8 0.00300237399035 
27 46 0 8 0.00299685481593 
41 66 0 8 0.00298226869116 
43 65 0 8 0.00298140328949 
43 67 0 8 0.00297431259629 
26 41 0 8 0.00296991580361 
42 65 0 8 0.00293713413766 
44 61 0 8 0.00293330236404 
27 48 0 8 0.00293202882483 
19 73 0 8 0.00292282886312 
55 72 0 8 0.00292129018 
43 57 0 8 0.00291130775959 
27 66 0 8 0.0029095695184 
27 49 0 8 0.00290551523225 
42 66 0 8 0.00289431851761 
44 60 0 8 0.00288133037005 
48 67 0 8 0.00287678401699 
50 66 0 8 0.00285491003147 
43 61 0 8 0.00285061141459 
42 57 0 8 0.00282700786697 
42 58 0 8 0.00281294111269 
61 73 0 8 0.00279540197471 
27 67 0 8 0.00279100041938 
58 70 0 8 0.00278314203544 
24 43 0 8 0.00278046081963 
42 70 0 8 0.00276458338181 
47 67 0 8 0.00275558031961 
43 62 0 8 0.002745633729 
23 63 0 8 0.00274326756493 
30 42 0 8 0.00274241021268 
60 74 0 8 0.00273956670684 
23 44 0 8 0.00272989547622 
12 32 0 8 0.00272423645842 
30 43 0 8 0.00270619858365 
29 54 0 8 0.00268891035686 
42 73 0 8 0.00267495366829 
17 31 0 8 0.00266556855484 
27 72 0 8 0.00264976733743 
28 49 0 8 0.00264327997621 
27 60 0 8 0.00264097367925 
43 64 0 8 0.00261682252329 
41 65 0 8 0.00261565857353 
40 60 0 8 0.0026135576682 
42 67 0 8 0.00261141286577 
27 73 0 8 0.00260504760932 
12 31 0 8 0.00258461606361 
44 65 0 8 0.00258291374201 
54 66 0 8 0.00257822906212 
61 74 0 8 0.00257501795811 
13 31 0 8 0.00257358122232 
29 66 0 8 0.00256977507457 
16 31 0 8 0.00255493964931 
19 42 0 8 0.00255251737206 
21 47 0 8 0.00254185664246 
40 54 0 8 0.00253850212838 
26 49 0 8 0.00253751822577 
41 63 0 8 0.00252952783626 
42 61 0 8 0.0025262705357 
44 57 0 8 0.00252263251513 
55 67 0 8 0.00252257929337 
57 72 0 8 0.0025211520436 
22 49 0 8 0.00251602724548 
48 66 0 8 0.00250677320659 
23 49 0 8 0.0025017066198 
27 62 0 8 0.00248658762253 
45 65 0 8 0.00247471350109 
23 62 0 8 0.00247440167657 
42 59 0 8 0.00245941975651 
41 54 0 8 0.00245412643668 
50 67 0 8 0.00244522306128 
46 68 0 8 0.00241654809084 
46 67 0 8 0.00241277712365 
26 50 0 8 0.00240134209484 
50 72 0 8 0.0024005881253 
11 31 0 8 0.00238741367014 
25 62 0 8 0.00237942223972 
20 73 0 8 0.0023774455047 
57 70 0 8 0.00237563357386 
41 61 0 8 0.00237273015838 
43 68 0 8 0.00236504382967 
54 67 0 8 0.0023606374532 
40 52 0 8 0.00235127981731 
27 55 0 8 0.00234272122512 
45 66 0 8 0.00234129355724 
40 57 0 8 0.00232991440586 
12 61 0 8 0.0023265397488 
40 61 0 8 0.00232598859862 
26 67 0 8 0.00232551214403 
21 73 0 8 0.0023228775171 
21 74 0 8 0.00231690164499 
43 63 0 8 0.00231072499607 
42 63 0 8 0.00229532174965 
47 66 0 8 0.00229087122151 
25 66 0 8 0.0022902668956 
50 65 0 8 0.00228363152907 
48 68 0 8 0.00227419820973 
19 72 0 8 0.00226917334363 
20 74 0 8 0.00226825978021 
44 68 0 8 0.0022524939002 
11 61 0 8 0.00225103435952 
11 30 0 8 0.00224893192257 
42 74 0 8 0.00223885909922 
18 31 0 8 0.00223189279141 
55 73 0 8 0.00222950704869 
60 73 0 8 0.00222673743939 
28 48 0 8 0.00222435587096 
60 72 0 8 0.0022230013005 
54 72 0 8 0.00221946094579 
56 72 0 8 0.00221834231295 
52 72 0 8 0.00221728462255 
10 60 0 8 0.00221704063886 
43 70 0 8 0.00221469385028 
39 56 0 8 0.00220992949062 
7 21 0 8 0.00220844583658 
9 28 0 8 0.00220737320894 
30 49 0 8 0.00220610587667 
11 32 0 8 0.0022058922901 
56 70 0 8 0.00220369296213 
28 50 0 8 0.00219888360158 
24 50 0 8 0.00218775481309 
62 74 0 8 0.00218604957986 
27 65 0 8 0.00217514975992 
23 69 0 8 0.00217007649104 
19 60 0 8 0.00216359038939 
25 65 0 8 0.00216333245793 
41 59 0 8 0.0021619995462 
16 42 0 8 0.00215727849573 
25 63 0 8 0.00215660393952 
45 74 0 8 0.00214506036293 
6 19 0 8 0.00214123390037 
23 50 0 8 0.00213901150313 
16 41 0 8 0.00213872208033 
16 55 0 8 0.00213184576205 
25 64 0 8 0.00212733728516 
58 72 0 8 0.00212535455026 
40 73 0 8 0.00212479770926 
41 53 0 8 0.00211139380924 
19 50 0 8 0.00210761525192 
11 60 0 8 0.00210406614251 
19 40 0 8 0.0021038267147 
29 52 0 8 0.0021000946894 
48 65 0 8 0.00208425293034 
43 73 0 8 0.00207884002653 
11 29 0 8 0.00207377949567 
19 74 0 8 0.0020730985463 
20 50 0 8 0.00207135006225 
27 61 0 8 0.00206857284762 
21 75 0 8 0.00205576451351 
20 49 0 8 0.00204897129162 
11 66 0 8 0.00204400190098 
51 69 0 8 0.0020431334796 
20 75 0 8 0.00204145529207 
47 68 0 8 0.00204070435146 
19 49 0 8 0.00204022050912 
26 74 0 8 0.00203765301396 
26 66 0 8 0.00203744740433 
41 67 0 8 0.00203625684739 
44 64 0 8 0.00203259040147 
11 62 0 8 0.00202867350892 
42 54 0 8 0.00202778614065 
30 51 0 8 0.00202248829343 
31 54 0 8 0.00201745730866 
45 61 0 8 0.00201727639759 
11 63 0 8 0.00201490074843 
9 55 0 8 0.00201475407087 
41 70 0 8 0.00201145622456 
42 71 0 8 0.00200941430131 
56 71 0 8 0.00200522613161 
20 51 0 8 0.00200448656859 
49 66 0 8 0.00200003195674 
28 55 0 8 0.0019968194327 
51 72 0 8 0.00199653578481 
29 56 0 8 0.00198481708184 
14 38 0 8 0.00197705777082 
45 67 0 8 0.00197538022888 
29 60 0 8 0.00197069126111 
44 73 0 8 0.00196665863236 
5 19 0 8 0.00196630840228 
53 67 0 8 0.00196277199867 
49 72 0 8 0.00196244790523 
43 74 0 8 0.00195704930207 
27 52 0 8 0.00195115755307 
29 49 0 8 0.00194450577711 
10 61 0 8 0.00194264891451 
24 69 0 8 0.00194234746189 
31 56 0 8 0.00193762138474 
29 61 0 8 0.00193615612937 
27 69 0 8 0.00193608789151 
22 62 0 8 0.00193434550573 
24 67 0 8 0.00193396948802 
51 68 0 8 0.0019334490843 
47 70 0 8 0.00192905553639 
47 69 0 8 0.00192847858177 
29 70 0 8 0.0019266965873 
27 74 0 8 0.00192372232489 
32 54 0 8 0.00192354311512 
40 72 0 8 0.0019220129879 
57 71 0 8 0.00191985836181 
59 72 0 8 0.00191927086066 
9 26 0 8 0.00191345169955 
27 57 0 8 0.00190931001869 
28 66 0 8 0.00190788277013 
26 68 0 8 0.00190655364028 
5 60 0 8 0.00189948711919 
24 51 0 8 0.00189849280119 
41 68 0 8 0.00189611883408 
49 71 0 8 0.00189526908783 
57 69 0 8 0.00188702882633 
58 71 0 8 0.00188669080232 
31 53 0 8 0.00188648472212 
40 66 0 8 0.00188589375569 
24 63 0 8 0.00188309236572 
16 66 0 8 0.00187890363542 
29 53 0 8 0.00186957721177 
59 71 0 8 0.0018669968429 
41 64 0 8 0.00186667385182 
15 35 0 8 0.00186343116865 
29 51 0 8 0.00186178054248 
27 68 0 8 0.00186154229217 
53 72 0 8 0.00185742881197 
23 72 0 8 0.00184594882618 
24 68 0 8 0.00184543192607 
55 70 0 8 0.00184367107158 
18 73 0 8 0.00184292469858 
45 64 0 8 0.0018367722948 
25 61 0 8 0.00182961132865 
8 27 0 8 0.00182939766105 
23 68 0 8 0.00182874709457 
15 67 0 8 0.00182784933048 
13 60 0 8 0.00182728343072 
52 67 0 8 0.00182670486898 
24 62 0 8 0.0018207455502 
49 67 0 8 0.00181855795383 
40 65 0 8 0.00181602135077 
11 65 0 8 0.0018133548046 
19 61 0 8 0.00181314305825 
29 73 0 8 0.00181208470694 
27 56 0 8 0.00181067500138 
25 73 0 8 0.0018065833984 
16 38 0 8 0.00178507488403 
14 66 0 8 0.001783017432 
58 74 0 8 0.0017788744049 
8 28 0 8 0.00177823363937 
29 65 0 8 0.00177811242601 
51 66 0 8 0.00177777206298 
19 55 0 8 0.00177578405295 
20 47 0 8 0.00177523039573 
50 69 0 8 0.00175715813242 
22 69 0 8 0.00175673751586 
50 70 0 8 0.00175233572396 
23 74 0 8 0.00175186336865 
30 50 0 8 0.0017501086125 
6 18 0 8 0.00174746063743 
45 57 0 8 0.00173972113569 
12 60 0 8 0.00173619979282 
51 70 0 8 0.0017307194313 
26 60 0 8 0.00173061227986 
13 61 0 8 0.00172962596714 
31 61 0 8 0.00172629973609 
12 63 0 8 0.00172057495882 
11 42 0 8 0.00171819534537 
10 62 0 8 0.00171789195115 
14 67 0 8 0.00171163103899 
51 67 0 8 0.00170644389261 
29 63 0 8 0.00169321775585 
17 42 0 8 0.00169176423043 
15 40 0 8 0.0016903744033 
17 41 0 8 0.00168731670818 
44 56 0 8 0.00168649489797 
45 75 0 8 0.0016857419426 
31 55 0 8 0.00168085685497 
22 63 0 8 0.00167888599166 
24 52 0 8 0.00167823749178 
31 51 0 8 0.0016743056922 
61 75 0 8 0.00167130123509 
25 54 0 8 0.00166906239565 
15 38 0 8 0.00166440079216 
6 60 0 8 0.00166314992307 
19 47 0 8 0.00166034334133 
22 75 0 8 0.0016602944313 
50 73 0 8 0.00165618883318 
16 40 0 8 0.00165474166997 
15 66 0 8 0.00164574295212 
13 62 0 8 0.00164164732665 
16 67 0 8 0.00163549649432 
13 63 0 8 0.00163489876942 
12 65 0 8 0.00163254873062 
55 68 0 8 0.00163046930223 
9 66 0 8 0.00162997494074 
29 67 0 8 0.00162310885628 
49 73 0 8 0.00161590606223 
31 52 0 8 0.00160813098087 
29 72 0 8 0.00160448261451 
44 74 0 8 0.00159460762566 
25 55 0 8 0.0015915868755 
47 61 0 8 0.00158886987595 
16 39 0 8 0.00158274785612 
18 38 0 8 0.00157811176559 
17 55 0 8 0.00157168242128 
6 61 0 8 0.00157150838899 
14 54 0 8 0.00154590933364 
14 63 0 8 0.00153675661373 
33 61 0 8 0.00153015772336 
9 60 0 8 0.00152007129423 
31 58 0 8 0.00151983840552 
17 66 0 8 0.00151189842175 
5 61 0 8 0.00150400555161 
11 40 0 8 0.00149244901636 
18 60 0 8 0.00148955765481 
41 74 0 8 0.00146823303081 
9 42 0 8 0.00146593254652 
19 44 0 8 0.00146452333407 
12 68 0 8 0.00143066491668 
14 57 0 8 0.0013960390157 
48 75 0 8 0.00138282348147 
5 63 0 8 0.00138142634558 
9 50 0 8 0.0013507892891 
9 54 0 8 0.00134323551675 
11 73 0 8 0.00134258956343 
39 52 0 8 0.0013280857923 
9 49 0 8 0.00131417647762 
5 64 0 8 0.00128594280742 
16 73 0 8 0.00126020673786 
