17 36 0 8 0.00454506972206 
13 40 0 8 0.00427242346793 
6 45 0 8 0.00420816243242 
14 33 0 8 0.00413792176643 
13 52 0 8 0.00405199845423 
13 48 0 8 0.00405155826866 
51 69 0 8 0.00405071548184 
20 62 0 8 0.00404353505929 
17 33 0 8 0.00391890003588 
17 32 0 8 0.00386798846783 
10 48 0 8 0.00386215629809 
13 36 0 8 0.00384516053054 
39 70 0 8 0.00379172273389 
9 52 0 8 0.00377690461796 
51 65 0 8 0.00377453539879 
10 37 0 8 0.00374308095307 
13 51 0 8 0.00369610713135 
14 36 0 8 0.00364122692057 
51 66 0 8 0.00361047037681 
42 78 0 8 0.00355108639202 
39 79 0 8 0.00354863710912 
10 40 0 8 0.00354713770942 
47 69 0 8 0.00351617656765 
18 33 0 8 0.00345094717554 
36 66 0 8 0.00340049214874 
35 83 0 8 0.00335291740967 
43 73 0 8 0.003340814295 
39 73 0 8 0.00332461003442 
13 37 0 8 0.00331059925886 
39 66 0 8 0.00329817486507 
14 40 0 8 0.00328696451646 
19 59 0 8 0.00326660504762 
20 56 0 8 0.00323979421711 
42 73 0 8 0.0032385573954 
9 48 0 8 0.00322947190148 
22 63 0 8 0.00321692340204 
20 59 0 8 0.00321324001023 
16 55 0 8 0.00320573711248 
39 69 0 8 0.00319590337456 
14 37 0 8 0.00316907330099 
13 32 0 8 0.00316809429925 
16 52 0 8 0.00316075843458 
39 83 0 8 0.00316027927091 
13 55 0 8 0.00314855357985 
17 29 0 8 0.00313419279149 
9 40 0 8 0.00311004848491 
6 48 0 8 0.00308866291474 
38 83 0 8 0.00307635083062 
9 45 0 8 0.00307373802407 
9 49 0 8 0.00305787714903 
22 59 0 8 0.00304672743031 
42 79 0 8 0.00301681689006 
42 76 0 8 0.00300255907579 
50 65 0 8 0.00295917362225 
10 36 0 8 0.00295448943404 
13 43 0 8 0.00294333028282 
14 32 0 8 0.00293249279306 
16 59 0 8 0.00292091897786 
6 40 0 8 0.00291111485708 
17 62 0 8 0.00290793521651 
17 37 0 8 0.00288453414048 
14 41 0 8 0.0028642761494 
38 79 0 8 0.00285541541074 
21 59 0 8 0.00284764403982 
17 66 0 8 0.00283538922311 
20 55 0 8 0.00282610954359 
14 34 0 8 0.00282569023044 
10 41 0 8 0.00282396744332 
40 66 0 8 0.00281805504351 
36 52 0 8 0.00281109642424 
40 52 0 8 0.00280116059394 
13 33 0 8 0.00279455689252 
17 30 0 8 0.00279450336541 
17 55 0 8 0.00278294000764 
43 69 0 8 0.00276967626046 
21 62 0 8 0.00276941145574 
18 36 0 8 0.00276144131778 
13 49 0 8 0.0027611727422 
36 51 0 8 0.00275258989691 
16 62 0 8 0.0027365091141 
70 83 0 8 0.00273310767744 
12 52 0 8 0.0027173218618 
47 65 0 8 0.00269956175584 
14 29 0 8 0.0026982286355 
47 72 0 8 0.00268513986348 
22 62 0 8 0.00268287710936 
32 52 0 8 0.00268134917104 
16 56 0 8 0.00267605411973 
20 61 0 8 0.00267491043988 
43 78 0 8 0.00267166815113 
13 39 0 8 0.0026694147542 
18 30 0 8 0.00265293144496 
20 63 0 8 0.00265281097745 
10 45 0 8 0.00264347023002 
40 69 0 8 0.00262760080987 
10 33 0 8 0.00262303927141 
16 36 0 8 0.0026179400945 
36 53 0 8 0.00261019292951 
17 40 0 8 0.00260811554847 
43 72 0 8 0.00260693636145 
39 72 0 8 0.00260046050576 
18 32 0 8 0.00257578583035 
22 35 0 8 0.00257296910249 
50 69 0 8 0.00257118541002 
36 55 0 8 0.00256879027816 
38 78 0 8 0.00256042208388 
5 45 0 8 0.00255736766145 
37 83 0 8 0.00255607234287 
13 53 0 8 0.0025255964874 
32 55 0 8 0.0025251634919 
70 84 0 8 0.00252498108242 
48 69 0 8 0.00252036366698 
38 70 0 8 0.0025182541816 
6 41 0 8 0.00251348025982 
12 55 0 8 0.00250977475808 
48 70 0 8 0.00250837769762 
39 78 0 8 0.0025070053324 
13 56 0 8 0.0025044186929 
67 88 0 8 0.0024775961579 
23 35 0 8 0.00247403048533 
14 30 0 8 0.00246878612949 
22 36 0 8 0.00246129447169 
22 66 0 8 0.00244645667571 
36 73 0 8 0.00244120526227 
9 44 0 8 0.00243658350589 
36 56 0 8 0.00242996838349 
37 60 0 8 0.00242977489189 
19 62 0 8 0.0024064255872 
35 79 0 8 0.00239593917668 
39 52 0 8 0.00239300281443 
32 59 0 8 0.00238991176143 
71 88 0 8 0.00238504911507 
36 69 0 8 0.00238490810697 
23 36 0 8 0.00238471788249 
32 83 0 8 0.00238132662586 
20 60 0 8 0.00237979848346 
10 28 0 8 0.00237405989085 
31 83 0 8 0.00237341939368 
16 58 0 8 0.00236830099889 
21 63 0 8 0.00236599903337 
20 58 0 8 0.00235123837799 
66 83 0 8 0.00235063046 
20 66 0 8 0.0023476440628 
23 63 0 8 0.0023435309264 
40 65 0 8 0.00234291843506 
21 60 0 8 0.00233989561414 
13 42 0 8 0.00233730411292 
51 68 0 8 0.0023358889429 
42 80 0 8 0.00233549549731 
19 58 0 8 0.00233195863393 
43 79 0 8 0.00233192057974 
13 66 0 8 0.00232601713735 
22 55 0 8 0.00232584175431 
13 28 0 8 0.00231644388464 
33 55 0 8 0.00231036552339 
35 80 0 8 0.00230112267553 
48 66 0 8 0.00229932401956 
17 38 0 8 0.00229444792302 
9 56 0 8 0.00229155936577 
67 83 0 8 0.00228869046687 
35 73 0 8 0.00228521338616 
20 33 0 8 0.00228319618181 
34 80 0 8 0.00227934798735 
44 76 0 8 0.00227530771069 
11 24 0 8 0.00227361903471 
33 56 0 8 0.00226642665944 
34 87 0 8 0.00226170131057 
52 66 0 8 0.00226147538346 
54 69 0 8 0.00225883913183 
35 82 0 8 0.00225464029761 
10 52 0 8 0.00224998343404 
14 71 0 8 0.002247975279 
48 65 0 8 0.00224729462143 
38 82 0 8 0.00224460834505 
21 55 0 8 0.00224396377659 
21 58 0 8 0.0022405794756 
36 83 0 8 0.00223967629904 
38 73 0 8 0.00223316553316 
40 64 0 8 0.00223275145917 
16 39 0 8 0.00222938280856 
20 78 0 8 0.0022252396725 
37 66 0 8 0.00222495047123 
20 36 0 8 0.00222479383151 
10 34 0 8 0.00222408328327 
21 56 0 8 0.00222202000801 
50 70 0 8 0.00221681624508 
12 48 0 8 0.00221552475543 
35 78 0 8 0.00221348671419 
10 49 0 8 0.00221164102077 
19 56 0 8 0.00220678059599 
17 41 0 8 0.0022058521312 
6 49 0 8 0.00219596517592 
22 61 0 8 0.00219457064797 
36 70 0 8 0.00219398867244 
36 62 0 8 0.00219363710351 
45 78 0 8 0.00219309037869 
36 63 0 8 0.00219007275027 
42 83 0 8 0.00218926654584 
18 37 0 8 0.00218914978938 
21 57 0 8 0.00218770261516 
37 80 0 8 0.0021823899895 
70 87 0 8 0.00218213904741 
7 48 0 8 0.00217672664099 
27 48 0 8 0.00217307229114 
37 52 0 8 0.00217249010859 
22 60 0 8 0.00217130665138 
67 86 0 8 0.00217122968657 
40 55 0 8 0.00216978727458 
29 59 0 8 0.00216921331454 
40 62 0 8 0.00216812421652 
17 34 0 8 0.00216707799217 
57 75 0 8 0.00216582453283 
37 64 0 8 0.00216581030465 
42 69 0 8 0.00216156941979 
28 61 0 8 0.0021574720677 
12 28 0 8 0.0021524500744 
48 73 0 8 0.00215059758651 
52 65 0 8 0.00215038869145 
31 82 0 8 0.00214867459368 
35 70 0 8 0.00214660359204 
13 83 0 8 0.00214302170818 
6 28 0 8 0.0021420814464 
23 59 0 8 0.00213192383665 
68 81 0 8 0.00213017209656 
22 56 0 8 0.0021255637484 
6 46 0 8 0.00212519712836 
44 78 0 8 0.0021232646343 
15 59 0 8 0.00211655359315 
23 55 0 8 0.0021164028368 
11 37 0 8 0.00211634864229 
44 74 0 8 0.0021135553114 
29 55 0 8 0.00211000598511 
30 51 0 8 0.00210928695047 
46 61 0 8 0.00210882749859 
33 59 0 8 0.00210851548189 
42 85 0 8 0.00210770932974 
17 52 0 8 0.00210736910746 
45 79 0 8 0.00210731189619 
45 81 0 8 0.00210674759562 
43 85 0 8 0.00210479470673 
3 22 0 8 0.00210468186568 
54 68 0 8 0.00210392528487 
49 78 0 8 0.00209608998762 
14 26 0 8 0.00209481460972 
32 66 0 8 0.00209126992509 
21 61 0 8 0.00208668675457 
36 65 0 8 0.00208612889278 
29 83 0 8 0.00207931832668 
37 81 0 8 0.0020766862951 
43 68 0 8 0.00207515390974 
12 83 0 8 0.0020750045155 
26 59 0 8 0.0020707651121 
17 79 0 8 0.00205428837777 
36 64 0 8 0.00205419787369 
11 78 0 8 0.00205386238968 
17 51 0 8 0.00204947148711 
5 49 0 8 0.0020441663533 
19 35 0 8 0.00204230669119 
12 39 0 8 0.00203695403572 
10 79 0 8 0.00203645209931 
9 24 0 8 0.00202783144292 
13 82 0 8 0.00202478126388 
39 84 0 8 0.00202447747003 
40 68 0 8 0.0020226739182 
26 62 0 8 0.00202101877028 
71 84 0 8 0.00202075270817 
50 71 0 8 0.00201425683717 
5 23 0 8 0.0020107793424 
13 26 0 8 0.00200988670339 
36 49 0 8 0.00200615407367 
14 31 0 8 0.00200556736729 
45 86 0 8 0.00200452614405 
15 60 0 8 0.00200338462161 
35 85 0 8 0.002003027299 
63 85 0 8 0.00200265803854 
12 41 0 8 0.00200261642006 
20 57 0 8 0.00200191062125 
68 87 0 8 0.00200168827496 
42 63 0 8 0.00199953797299 
46 74 0 8 0.00199504961919 
66 81 0 8 0.001993501496 
19 71 0 8 0.00199205576486 
10 27 0 8 0.0019916388278 
44 84 0 8 0.00198969599684 
14 63 0 8 0.00198797030891 
33 83 0 8 0.00198059739046 
7 41 0 8 0.00197951994058 
10 25 0 8 0.00197341233864 
35 77 0 8 0.0019722138467 
12 49 0 8 0.00197105183823 
53 65 0 8 0.00196928153164 
6 86 0 8 0.00196837316594 
14 86 0 8 0.00196417026952 
27 67 0 8 0.00196194771877 
45 84 0 8 0.0019616229626 
40 56 0 8 0.00196111987064 
39 64 0 8 0.00195640074598 
64 81 0 8 0.00195211412389 
24 63 0 8 0.00194896161179 
20 65 0 8 0.00194806891078 
43 62 0 8 0.00193204061027 
18 79 0 8 0.00193098477511 
10 24 0 8 0.00193025323976 
11 44 0 8 0.00192611013154 
19 70 0 8 0.00192567381397 
10 58 0 8 0.00192528536373 
5 22 0 8 0.00192362389044 
31 88 0 8 0.00192334339713 
15 35 0 8 0.00192107673653 
8 24 0 8 0.00192017056778 
56 70 0 8 0.00191757095422 
47 82 0 8 0.00191658937913 
32 62 0 8 0.00191145805575 
17 65 0 8 0.00190111185356 
20 73 0 8 0.00189928680401 
31 86 0 8 0.00189599615235 
3 23 0 8 0.00189516285386 
2 24 0 8 0.00189484284667 
50 81 0 8 0.00189466657598 
15 78 0 8 0.00189246070773 
55 72 0 8 0.0018918882449 
62 85 0 8 0.00188865932318 
53 88 0 8 0.00188603440208 
43 63 0 8 0.001885277237 
44 62 0 8 0.00188245179509 
62 87 0 8 0.00188105725374 
31 50 0 8 0.00188034637231 
21 74 0 8 0.00187009664892 
51 81 0 8 0.00187002498379 
12 25 0 8 0.00186868327207 
38 63 0 8 0.00185966624042 
29 54 0 8 0.00185952568976 
25 64 0 8 0.00185766844533 
37 67 0 8 0.00185437364254 
5 44 0 8 0.00185244454592 
27 55 0 8 0.00184969536242 
8 25 0 8 0.00184964946589 
36 50 0 8 0.00184685181228 
53 70 0 8 0.00184383750553 
49 72 0 8 0.0018421088591 
26 68 0 8 0.00184059337673 
21 33 0 8 0.00184034004993 
30 47 0 8 0.00183850397445 
31 75 0 8 0.00183730368637 
54 87 0 8 0.00183618430711 
33 57 0 8 0.00183608649071 
64 88 0 8 0.00183521504822 
14 84 0 8 0.00183399774423 
32 57 0 8 0.00183309364334 
50 79 0 8 0.00183138440605 
48 84 0 8 0.00183110547225 
20 40 0 8 0.00182984290363 
16 71 0 8 0.00182930351933 
44 88 0 8 0.00182853919967 
33 87 0 8 0.00182670374871 
32 49 0 8 0.00182516501346 
41 88 0 8 0.00182220228219 
72 85 0 8 0.00181280473143 
60 83 0 8 0.00181057241725 
46 85 0 8 0.0018099803601 
12 27 0 8 0.00180930681547 
51 83 0 8 0.00179322111791 
52 79 0 8 0.00178992254432 
28 86 0 8 0.00178741807431 
33 47 0 8 0.00178719459757 
11 23 0 8 0.00178381917742 
17 43 0 8 0.00178320826499 
45 67 0 8 0.00178285196396 
3 19 0 8 0.00178156391213 
18 69 0 8 0.00178095009827 
6 29 0 8 0.00177086827088 
34 48 0 8 0.00176886667392 
25 53 0 8 0.00176619460799 
60 77 0 8 0.00176387318072 
36 87 0 8 0.00176183821181 
21 52 0 8 0.00176063410841 
75 88 0 8 0.00175245581818 
61 87 0 8 0.00174914046661 
34 75 0 8 0.00174182057672 
11 63 0 8 0.00174061640132 
39 51 0 8 0.00173864238145 
31 67 0 8 0.00173854362405 
5 19 0 8 0.00173671170182 
42 60 0 8 0.00173351322122 
34 55 0 8 0.00173099869381 
3 18 0 8 0.00172997372845 
7 22 0 8 0.00172848280914 
38 64 0 8 0.0017272765996 
6 66 0 8 0.00172538300416 
55 83 0 8 0.00172450282702 
6 31 0 8 0.00172239823647 
5 42 0 8 0.00172216523098 
30 49 0 8 0.00171890822035 
1 24 0 8 0.00171457652051 
18 73 0 8 0.0017082155013 
26 39 0 8 0.00169919608245 
54 76 0 8 0.00169884647377 
12 31 0 8 0.00169717948355 
33 45 0 8 0.00169256911838 
31 64 0 8 0.00168984701084 
26 75 0 8 0.00168610457222 
13 74 0 8 0.00168485667772 
59 77 0 8 0.00168153431505 
75 87 0 8 0.00168138860382 
30 81 0 8 0.00167577626977 
55 87 0 8 0.0016647628952 
27 69 0 8 0.00166066470664 
39 88 0 8 0.00165789373464 
39 57 0 8 0.00165421705734 
28 48 0 8 0.00165380994256 
22 38 0 8 0.00164654754748 
57 79 0 8 0.00164083009345 
73 85 0 8 0.00163597257775 
25 70 0 8 0.00163536186701 
4 75 0 8 0.00163518523525 
6 58 0 8 0.00159926903569 
15 49 0 8 0.00159779849756 
30 43 0 8 0.00157554470561 
3 42 0 8 0.00157299979421 
5 18 0 8 0.0015620105962 
6 60 0 8 0.00154602106047 
28 46 0 8 0.00154363108113 
8 63 0 8 0.0015431544513 
3 52 0 8 0.00154185599664 
5 36 0 8 0.00153712365616 
19 44 0 8 0.0015083550667 
4 32 0 8 0.00150202183103 
25 82 0 8 0.00150004138711 
27 39 0 8 0.00149310601335 
11 54 0 8 0.00147070477063 
41 57 0 8 0.00144757017319 
1 73 0 8 0.00143290341973 
25 84 0 8 0.00143177412881 
24 46 0 8 0.00141857062121 
3 63 0 8 0.00139543690149 
3 39 0 8 0.00137364138737 
62 75 0 8 0.00136771790971 
4 86 0 8 0.00136493794733 
48 60 0 8 0.00136188218801 
4 58 0 8 0.00128476093617 
