24 47 0 8 0.0050636637084 
23 46 0 8 0.00448891660027 
9 32 0 8 0.00400902884613 
21 44 0 8 0.0039338030716 
10 33 0 8 0.00392545114575 
18 41 0 8 0.00382749515008 
25 48 0 8 0.00375489318919 
20 43 0 8 0.00371595842534 
26 49 0 8 0.00367093456706 
27 50 0 8 0.00366354547891 
11 38 0 8 0.00360827246235 
17 40 0 8 0.00353856933757 
29 51 0 8 0.00346287479096 
13 35 0 8 0.00341063184068 
19 42 0 8 0.0033427507151 
14 37 0 8 0.00334015288372 
15 38 0 8 0.00331232646629 
23 44 0 8 0.00322641651218 
13 36 0 8 0.00318445269795 
26 51 0 8 0.00315127110776 
22 45 0 8 0.00310769353916 
27 48 0 8 0.00307408388177 
46 70 0 8 0.00305430869143 
16 39 0 8 0.00302917367557 
41 66 0 8 0.0030212863007 
23 47 0 8 0.00301859388847 
27 51 0 8 0.00301071204273 
47 71 0 8 0.00294325369075 
32 56 0 8 0.00292253196481 
7 30 0 8 0.00290550210506 
40 65 0 8 0.00290394426032 
24 46 0 8 0.0028882895463 
20 41 0 8 0.00288521674353 
29 52 0 8 0.0028292684646 
48 72 0 8 0.00282310859679 
25 45 0 8 0.0028090478857 
72 91 0 8 0.00278721457455 
25 39 0 8 0.00278378874981 
22 42 0 8 0.00278364515212 
33 57 0 8 0.00276164334206 
34 63 0 8 0.00274014484758 
49 73 0 8 0.00272052672285 
26 47 0 8 0.00271459555776 
50 72 0 8 0.00269907315134 
22 44 0 8 0.00268260145775 
23 45 0 8 0.00267531497516 
17 41 0 8 0.00266999751073 
24 49 0 8 0.00264821875963 
25 42 0 8 0.00264040827057 
21 46 0 8 0.00263723108371 
19 44 0 8 0.00263216738501 
25 49 0 8 0.00262868334429 
37 62 0 8 0.00261361773749 
10 35 0 8 0.00256718286926 
29 53 0 8 0.00255153708712 
43 68 0 8 0.00254326112048 
42 67 0 8 0.00253766897602 
18 43 0 8 0.00250374902713 
36 60 0 8 0.00247630654427 
38 63 0 8 0.00247478045661 
50 74 0 8 0.00247297767954 
43 67 0 8 0.00246718762611 
72 88 0 8 0.00245762572067 
20 44 0 8 0.00245419057822 
23 49 0 8 0.00245243116105 
22 46 0 8 0.00242935863795 
17 37 0 8 0.00242790607814 
8 23 0 8 0.00242138698998 
21 45 0 8 0.00241774092569 
6 29 0 8 0.00241732162334 
48 70 0 8 0.00241323055715 
25 50 0 8 0.0024102912864 
12 35 0 8 0.00238803690803 
21 43 0 8 0.00237697744128 
26 50 0 8 0.00237641998448 
39 64 0 8 0.00237494343857 
48 64 0 8 0.00237408315349 
28 51 0 8 0.00237234327874 
17 36 0 8 0.00236510144087 
24 48 0 8 0.00236333202867 
18 40 0 8 0.00235864530546 
13 37 0 8 0.00234675629172 
22 47 0 8 0.00234446539882 
20 42 0 8 0.00233185459532 
27 49 0 8 0.00232389584139 
13 40 0 8 0.00232374365911 
19 43 0 8 0.00231152941441 
25 47 0 8 0.00231015379586 
22 48 0 8 0.00229863892124 
24 45 0 8 0.00228322443784 
22 39 0 8 0.00228161088506 
49 71 0 8 0.00227621911711 
11 31 0 8 0.00224403780793 
28 50 0 8 0.00224224731926 
32 57 0 8 0.00223164341635 
36 61 0 8 0.00223138212672 
28 49 0 8 0.00223033443561 
10 25 0 8 0.00222377405876 
27 52 0 8 0.0022197972765 
10 38 0 8 0.00221895239901 
38 64 0 8 0.00221892941313 
28 52 0 8 0.00221204886745 
23 48 0 8 0.00220588251034 
16 42 0 8 0.00220433024097 
13 38 0 8 0.00220061915171 
15 39 0 8 0.00220007286152 
15 63 0 8 0.00219630160275 
70 91 0 8 0.00219350617645 
9 31 0 8 0.00219026707065 
4 96 0 8 0.00218474878803 
72 95 0 8 0.00218273041276 
21 42 0 8 0.00218151993623 
47 73 0 8 0.00217825353934 
26 48 0 8 0.00217536117176 
40 62 0 8 0.00217346676736 
11 27 0 8 0.00217229331712 
79 95 0 8 0.00217030327858 
55 74 0 8 0.00216279280804 
70 92 0 8 0.00216189528884 
9 24 0 8 0.00215819907492 
50 69 0 8 0.00214441986991 
20 40 0 8 0.00214397031106 
17 39 0 8 0.00213958418109 
13 25 0 8 0.00213937812274 
18 42 0 8 0.00213824917682 
19 41 0 8 0.00213642204613 
34 60 0 8 0.00213252755774 
72 92 0 8 0.00213196047625 
46 66 0 8 0.00213134375594 
9 22 0 8 0.0021266224144 
49 70 0 8 0.00212482471946 
20 37 0 8 0.00212096670738 
17 43 0 8 0.00211699457196 
22 43 0 8 0.00211134955243 
25 44 0 8 0.00211068235508 
19 40 0 8 0.00210666765312 
18 37 0 8 0.0021055997999 
32 55 0 8 0.00210168774901 
52 73 0 8 0.00209736129838 
36 65 0 8 0.00209532732355 
45 72 0 8 0.00208998967605 
9 25 0 8 0.00208590161455 
24 50 0 8 0.00208425802095 
54 77 0 8 0.0020814197931 
8 25 0 8 0.00208116760979 
36 63 0 8 0.00208062130568 
52 76 0 8 0.0020793906398 
21 47 0 8 0.00207425036978 
8 31 0 8 0.0020738516925 
15 40 0 8 0.00207350914374 
32 54 0 8 0.00207286430046 
48 73 0 8 0.002071636354 
12 38 0 8 0.00206934285432 
18 44 0 8 0.00206712425359 
27 47 0 8 0.00206667638327 
28 48 0 8 0.00205129998771 
15 44 0 8 0.0020498352704 
21 39 0 8 0.00204907483487 
13 62 0 8 0.00204836267018 
29 55 0 8 0.00204435297115 
31 53 0 8 0.00204404596511 
31 52 0 8 0.002043824219 
29 54 0 8 0.00203893215967 
48 75 0 8 0.00203871572084 
13 39 0 8 0.00203428992568 
36 66 0 8 0.0020335721001 
12 25 0 8 0.00203342461579 
25 51 0 8 0.00202781338552 
73 95 0 8 0.00202734265013 
14 36 0 8 0.00202657777972 
12 32 0 8 0.00201699535571 
32 58 0 8 0.002016969097 
17 44 0 8 0.0020144450103 
34 55 0 8 0.00201196521426 
11 35 0 8 0.00201167087677 
8 28 0 8 0.00201042659113 
3 97 0 8 0.00200642929413 
10 32 0 8 0.00200592396663 
9 23 0 8 0.00200294390778 
30 51 0 8 0.00200022639446 
72 94 0 8 0.0019994787282 
14 65 0 8 0.00199945994578 
55 75 0 8 0.0019990064386 
30 53 0 8 0.0019970367779 
52 75 0 8 0.00199692432393 
22 41 0 8 0.00199650287287 
20 46 0 8 0.00199326225478 
5 96 0 8 0.00199246793591 
21 41 0 8 0.00199150654054 
40 64 0 8 0.00199121740009 
9 40 0 8 0.00198841656406 
51 74 0 8 0.00198611682782 
70 88 0 8 0.00198455049998 
33 60 0 8 0.00198419668728 
17 38 0 8 0.00198394479462 
46 68 0 8 0.00198353469903 
21 40 0 8 0.00198281641587 
9 27 0 8 0.00197982538207 
9 33 0 8 0.00197979336775 
50 64 0 8 0.0019773416763 
16 44 0 8 0.00197626940109 
23 39 0 8 0.00197560551705 
10 39 0 8 0.00197519695541 
12 36 0 8 0.00197317683365 
7 23 0 8 0.00197278067586 
11 25 0 8 0.00197216701625 
33 58 0 8 0.00197214799667 
35 60 0 8 0.00197092815719 
8 33 0 8 0.00196955406293 
8 35 0 8 0.00196942424647 
31 74 0 8 0.00196851995594 
31 58 0 8 0.00196459543243 
14 62 0 8 0.00196224229472 
45 68 0 8 0.00196151322186 
15 42 0 8 0.0019613164888 
45 69 0 8 0.00195991819654 
34 64 0 8 0.00195809976059 
42 69 0 8 0.00195773334628 
40 66 0 8 0.00195694728545 
17 35 0 8 0.00195417823865 
19 39 0 8 0.00195368890193 
37 64 0 8 0.0019530457446 
52 74 0 8 0.00194972486436 
9 38 0 8 0.00194962692065 
49 65 0 8 0.00194896473116 
46 69 0 8 0.00194828309357 
34 50 0 8 0.00194775240688 
30 52 0 8 0.00194566684161 
48 63 0 8 0.00194536119627 
20 39 0 8 0.00194514097157 
8 21 0 8 0.00194475422996 
8 22 0 8 0.00194451779043 
37 65 0 8 0.0019409450772 
31 55 0 8 0.00194014589876 
34 58 0 8 0.00193810875062 
42 70 0 8 0.00193760220467 
37 60 0 8 0.00193727811861 
11 39 0 8 0.00193545079309 
8 24 0 8 0.00193379388195 
13 41 0 8 0.00193349941229 
34 57 0 8 0.00193254477563 
9 34 0 8 0.00193182922335 
10 42 0 8 0.00192619628547 
79 92 0 8 0.00192575559112 
49 64 0 8 0.00192144942053 
6 30 0 8 0.00192123697809 
26 52 0 8 0.00192075960191 
48 74 0 8 0.00191399145304 
9 42 0 8 0.00191315613278 
11 44 0 8 0.00190975177522 
30 55 0 8 0.00190791575691 
40 68 0 8 0.00190756460904 
15 43 0 8 0.00190498173064 
47 64 0 8 0.00190474389476 
26 46 0 8 0.00190165861656 
17 65 0 8 0.00190145422659 
53 76 0 8 0.00190053057839 
55 78 0 8 0.00189877285037 
7 25 0 8 0.00189874572433 
53 77 0 8 0.00189624918367 
43 66 0 8 0.00189485759886 
7 24 0 8 0.00188686430288 
9 26 0 8 0.00188590372538 
31 54 0 8 0.00188516734189 
7 35 0 8 0.00188340102351 
45 67 0 8 0.00187741668406 
76 96 0 8 0.00187592066756 
14 43 0 8 0.00187357901516 
40 63 0 8 0.00187337955718 
11 34 0 8 0.00186891397061 
11 30 0 8 0.00186253788047 
46 75 0 8 0.0018616924894 
36 62 0 8 0.00185817908514 
46 74 0 8 0.0018562221026 
8 34 0 8 0.00185137036107 
31 57 0 8 0.00185031233093 
47 75 0 8 0.00184796701112 
45 73 0 8 0.00184741029904 
54 76 0 8 0.00184625534573 
24 51 0 8 0.0018427978595 
14 44 0 8 0.00184089242358 
34 72 0 8 0.00183993172432 
47 63 0 8 0.00183942991098 
6 32 0 8 0.00183905215881 
79 91 0 8 0.0018366217549 
38 72 0 8 0.00183380545257 
11 42 0 8 0.00183166657674 
20 47 0 8 0.00183070587475 
48 60 0 8 0.00182987161667 
13 33 0 8 0.00182970399979 
53 78 0 8 0.0018289920212 
10 29 0 8 0.0018236369984 
48 67 0 8 0.00182283288324 
85 100 0 8 0.00182267727886 
5 89 0 8 0.00181973699933 
34 73 0 8 0.00181632058491 
10 43 0 8 0.00181631377343 
12 31 0 8 0.00181551552649 
76 95 0 8 0.00181447990898 
24 70 0 8 0.00181225475293 
9 21 0 8 0.00181170878715 
55 73 0 8 0.00181164270643 
12 24 0 8 0.00181161440256 
37 61 0 8 0.00181075378591 
24 71 0 8 0.00181002341801 
18 36 0 8 0.00180474712718 
31 51 0 8 0.00180465543651 
44 71 0 8 0.0018044393842 
79 96 0 8 0.00180403791395 
84 100 0 8 0.00180181908182 
27 53 0 8 0.00180138647693 
11 28 0 8 0.00180095671731 
20 36 0 8 0.00180041993552 
61 93 0 8 0.00179624381671 
52 72 0 8 0.0017958072146 
53 81 0 8 0.00179565639451 
52 78 0 8 0.00179499206012 
21 71 0 8 0.00179466477142 
36 71 0 8 0.00179247096972 
13 66 0 8 0.00179244480105 
30 48 0 8 0.00179231673661 
15 34 0 8 0.00179069593718 
88 100 0 8 0.00178715294916 
43 71 0 8 0.00178294802276 
74 92 0 8 0.00178219098279 
3 92 0 8 0.00177931726585 
14 61 0 8 0.00177659373212 
9 36 0 8 0.00177652707954 
45 74 0 8 0.00177528641833 
37 92 0 8 0.00177382811272 
33 59 0 8 0.0017734865021 
11 41 0 8 0.00177202651901 
10 22 0 8 0.00177145600226 
50 63 0 8 0.00177032108912 
29 56 0 8 0.00176887596605 
87 100 0 8 0.00176761873116 
58 72 0 8 0.00176605751524 
37 93 0 8 0.00176468036674 
23 70 0 8 0.00176363474859 
47 62 0 8 0.00176211657448 
27 45 0 8 0.00176155649333 
71 91 0 8 0.00176077824571 
55 72 0 8 0.0017594099679 
32 52 0 8 0.00175622416841 
38 68 0 8 0.00175608992733 
37 68 0 8 0.00175339910805 
33 54 0 8 0.00175154878791 
13 26 0 8 0.00175035023489 
9 45 0 8 0.00174856862522 
2 26 0 8 0.00174797903156 
50 75 0 8 0.00174598217964 
86 100 0 8 0.00174332736098 
49 75 0 8 0.00174113106414 
39 72 0 8 0.00174003593894 
7 21 0 8 0.00173470645049 
26 42 0 8 0.00173431604854 
12 26 0 8 0.00173366692295 
6 28 0 8 0.00173135199722 
22 50 0 8 0.0017307590543 
1 93 0 8 0.00173062255062 
12 43 0 8 0.0017292613269 
20 68 0 8 0.00172589699493 
6 22 0 8 0.00172516386055 
55 88 0 8 0.00172195961424 
30 58 0 8 0.00172128080328 
32 63 0 8 0.00171343678 
47 60 0 8 0.00171122551204 
29 47 0 8 0.00171115906236 
31 78 0 8 0.00170978932386 
39 71 0 8 0.00170535965411 
1 98 0 8 0.00170384384541 
34 48 0 8 0.00170073720642 
59 71 0 8 0.00169994700138 
27 71 0 8 0.00169922631679 
35 71 0 8 0.00169765409706 
2 99 0 8 0.00169662975721 
29 76 0 8 0.00169630542035 
33 64 0 8 0.00169296606497 
28 44 0 8 0.00169179117182 
19 35 0 8 0.00169115649374 
56 76 0 8 0.00169115330028 
68 91 0 8 0.00168881062454 
31 48 0 8 0.00168743154793 
17 34 0 8 0.00168733771804 
6 21 0 8 0.00168452838249 
18 66 0 8 0.00168238064854 
79 97 0 8 0.00168085774391 
33 53 0 8 0.00167878014671 
28 42 0 8 0.00167838807902 
34 68 0 8 0.00167641315205 
61 90 0 8 0.0016761502531 
68 87 0 8 0.00167605220271 
57 73 0 8 0.00167353824894 
29 73 0 8 0.00166988911334 
44 75 0 8 0.00166890585733 
32 73 0 8 0.00166479016806 
32 78 0 8 0.00165865374497 
47 61 0 8 0.00165628076632 
25 38 0 8 0.00165565778276 
33 49 0 8 0.00165466548872 
32 62 0 8 0.00165409124816 
20 58 0 8 0.00165301278116 
54 81 0 8 0.00165141964371 
11 45 0 8 0.00164795950355 
6 34 0 8 0.00164128232951 
51 79 0 8 0.00163990927528 
5 21 0 8 0.00163967508181 
30 44 0 8 0.00163286602283 
15 27 0 8 0.00163081462244 
5 18 0 8 0.00163022452869 
18 61 0 8 0.00162505787194 
30 59 0 8 0.00162279613436 
67 87 0 8 0.00162053281528 
82 95 0 8 0.00161919768804 
59 74 0 8 0.00161852816295 
39 73 0 8 0.00161467659115 
21 66 0 8 0.00161416317153 
6 98 0 8 0.00161315825029 
1 91 0 8 0.00161204674589 
57 80 0 8 0.00161166467174 
33 82 0 8 0.00161013693153 
51 67 0 8 0.00160983279384 
3 27 0 8 0.00160736112358 
34 49 0 8 0.00160673722449 
18 60 0 8 0.00160472143914 
38 86 0 8 0.00160438891903 
34 82 0 8 0.00160386640299 
49 61 0 8 0.00159872230835 
40 74 0 8 0.00159797724757 
8 45 0 8 0.00159749063986 
5 19 0 8 0.00158719007704 
10 46 0 8 0.00158703378306 
45 61 0 8 0.00158333502689 
57 71 0 8 0.00158017506696 
58 93 0 8 0.00157800255412 
9 47 0 8 0.00157636086034 
55 82 0 8 0.00157634830928 
29 68 0 8 0.00157517349841 
26 73 0 8 0.0015725676941 
43 75 0 8 0.00156807123841 
42 61 0 8 0.00156752865923 
22 37 0 8 0.00156350632042 
35 49 0 8 0.00156065432477 
6 18 0 8 0.00155549935542 
15 31 0 8 0.00155524574439 
27 39 0 8 0.00155417957126 
60 94 0 8 0.00155133031709 
36 57 0 8 0.00155129340792 
74 87 0 8 0.00154842793596 
44 77 0 8 0.00154702518609 
16 71 0 8 0.00154401331219 
30 77 0 8 0.00154331574468 
6 47 0 8 0.00154310271001 
30 63 0 8 0.00153735441921 
23 36 0 8 0.00153413171013 
58 70 0 8 0.00153344521487 
35 52 0 8 0.0015327305784 
53 90 0 8 0.00153201897775 
7 47 0 8 0.0015300562097 
27 69 0 8 0.00152300392921 
60 73 0 8 0.0015149239666 
35 47 0 8 0.00151306052432 
67 89 0 8 0.00151162019088 
7 61 0 8 0.00149395312004 
51 83 0 8 0.00147998009848 
15 73 0 8 0.00147691579908 
58 88 0 8 0.00147672912727 
55 93 0 8 0.00147548888658 
45 77 0 8 0.00147520769731 
43 89 0 8 0.00145840632679 
77 91 0 8 0.00145231824685 
82 94 0 8 0.00145000809979 
20 56 0 8 0.00144646763524 
29 61 0 8 0.00143960179279 
38 76 0 8 0.00143764898157 
73 99 0 8 0.00142871141319 
38 50 0 8 0.00142729681685 
50 91 0 8 0.00140835337667 
72 86 0 8 0.00140830199581 
26 38 0 8 0.00138927049082 
5 17 0 8 0.00138752543797 
9 95 0 8 0.00137646988579 
2 49 0 8 0.00137374499965 
21 33 0 8 0.0013603597235 
2 33 0 8 0.00135058863181 
60 79 0 8 0.00134759874709 
8 50 0 8 0.00134266238983 
2 47 0 8 0.00133989375934 
6 52 0 8 0.00133567956557 
2 21 0 8 0.00133098278688 
67 98 0 8 0.00131888967885 
45 58 0 8 0.00131145768528 
45 95 0 8 0.00130474270999 
34 87 0 8 0.00124417503751 
25 79 0 8 0.00119718734136 
9 72 0 8 0.00113840281447 
3 61 0 8 0.00113190748164 
6 81 0 8 0.00101115677401 
15 86 0 8 0.000952867965815 
25 97 0 8 0.000943683955097 
