47 61 0 8 0.00453386483074 
55 79 0 8 0.00385989469693 
47 60 0 8 0.00372623312226 
6 34 0 8 0.0036736390875 
5 52 0 8 0.0036445931243 
6 51 0 8 0.00364207298058 
48 60 0 8 0.00359439579741 
8 51 0 8 0.00358858613251 
9 36 0 8 0.00358286068723 
8 37 0 8 0.00358023902828 
6 37 0 8 0.00357913979612 
7 34 0 8 0.00351571480439 
47 59 0 8 0.00350789336756 
8 49 0 8 0.00339656177179 
7 36 0 8 0.00338231782823 
52 80 0 8 0.003344938642 
7 33 0 8 0.00333386864153 
7 50 0 8 0.00331121975211 
8 36 0 8 0.00330950979405 
7 35 0 8 0.00329706794647 
48 61 0 8 0.00326648983833 
11 36 0 8 0.00325855553266 
8 35 0 8 0.00325633822355 
7 30 0 8 0.00324902336595 
52 79 0 8 0.00324894819165 
6 35 0 8 0.00324458638301 
7 80 0 8 0.00324202708583 
5 33 0 8 0.00320424820399 
46 61 0 8 0.00318087246685 
6 33 0 8 0.00317364563917 
9 35 0 8 0.0031678203598 
8 47 0 8 0.00315817252899 
5 34 0 8 0.00314082191287 
47 62 0 8 0.00311250194295 
48 67 0 8 0.00308805112735 
8 34 0 8 0.0030547216008 
22 69 0 8 0.00303335303355 
4 37 0 8 0.00302322369054 
6 36 0 8 0.00301488915123 
9 26 0 8 0.00299699954922 
13 36 0 8 0.00299181452432 
47 67 0 8 0.00297170594202 
9 48 0 8 0.00296953891815 
6 32 0 8 0.00296308388379 
33 53 0 8 0.00294681765388 
29 77 0 8 0.00294306444852 
46 64 0 8 0.00293369067694 
9 50 0 8 0.00291217874466 
11 37 0 8 0.00290861353064 
46 65 0 8 0.00290545462336 
9 37 0 8 0.00289857792442 
48 66 0 8 0.0028915598187 
10 37 0 8 0.00287753811965 
10 48 0 8 0.0028593146163 
13 37 0 8 0.00285359113572 
9 34 0 8 0.00285318131369 
6 52 0 8 0.00284868594093 
10 38 0 8 0.00282884755888 
45 64 0 8 0.00282847681335 
5 35 0 8 0.00282423628872 
5 80 0 8 0.00280981643842 
9 33 0 8 0.00280549370722 
10 36 0 8 0.00279128810743 
8 48 0 8 0.0027870540885 
35 53 0 8 0.00277212140932 
49 61 0 8 0.00277209854047 
8 50 0 8 0.00277143874125 
12 44 0 8 0.00276803654226 
45 61 0 8 0.00276717770991 
50 76 0 8 0.00275559230847 
52 76 0 8 0.00275305116087 
48 62 0 8 0.00275285874092 
46 60 0 8 0.00275086375988 
11 38 0 8 0.00274979457752 
6 39 0 8 0.00274469935837 
13 46 0 8 0.00273972416697 
35 52 0 8 0.00273677731806 
6 50 0 8 0.00273314686125 
7 52 0 8 0.0027282123938 
34 54 0 8 0.00272496353919 
6 49 0 8 0.00272373697571 
7 37 0 8 0.00272195949668 
34 52 0 8 0.002721256607 
13 40 0 8 0.00271987714939 
5 51 0 8 0.00271908231045 
8 43 0 8 0.00270934211433 
4 39 0 8 0.00270769638253 
7 26 0 8 0.00269498148434 
58 76 0 8 0.00268438543797 
45 66 0 8 0.00268363079549 
5 50 0 8 0.00267577276975 
46 63 0 8 0.00267158890386 
57 79 0 8 0.00266045420224 
33 81 0 8 0.0026566784122 
5 53 0 8 0.00265590852573 
48 65 0 8 0.00265100237483 
36 50 0 8 0.00264967421669 
42 61 0 8 0.00264221576432 
33 54 0 8 0.00263606771119 
47 65 0 8 0.00263374888132 
46 62 0 8 0.00263230848149 
7 48 0 8 0.00262525806607 
6 53 0 8 0.00262044363917 
45 63 0 8 0.00261188355221 
38 50 0 8 0.00261139784409 
50 80 0 8 0.00261028912988 
10 46 0 8 0.00260907674165 
58 79 0 8 0.00260485901301 
25 73 0 8 0.00260428299856 
8 44 0 8 0.00259276232459 
13 38 0 8 0.00259196040268 
52 83 0 8 0.00258504162233 
3 35 0 8 0.0025813829043 
37 51 0 8 0.00257974729984 
49 62 0 8 0.00257962228938 
30 77 0 8 0.00257914178949 
8 38 0 8 0.00257586498307 
58 72 0 8 0.00257081903375 
8 41 0 8 0.00256023188155 
33 52 0 8 0.00255584475312 
12 35 0 8 0.00254190895121 
14 37 0 8 0.00253782696384 
46 66 0 8 0.00253299769288 
9 38 0 8 0.00251708910978 
7 51 0 8 0.00251455897747 
36 51 0 8 0.00251401683073 
45 65 0 8 0.0025112904637 
7 39 0 8 0.00250547524337 
47 64 0 8 0.00250429368553 
6 54 0 8 0.00249600400468 
10 50 0 8 0.00248776098137 
35 51 0 8 0.00248708166671 
5 83 0 8 0.00248360788147 
11 39 0 8 0.0024823719379 
9 30 0 8 0.00247601222294 
9 40 0 8 0.00246541191821 
58 75 0 8 0.00246192091726 
29 73 0 8 0.00246046949137 
30 80 0 8 0.00245017977625 
7 19 0 8 0.00244626285929 
5 32 0 8 0.00244523991053 
5 37 0 8 0.00243763415318 
23 36 0 8 0.00243357975167 
9 27 0 8 0.00242987286085 
5 30 0 8 0.00242978256681 
12 36 0 8 0.00242953397786 
22 68 0 8 0.00242770457588 
12 38 0 8 0.00242757664801 
9 73 0 8 0.00242599201933 
7 38 0 8 0.00242567706415 
63 75 0 8 0.00242288369298 
26 77 0 8 0.00242199120611 
50 79 0 8 0.00241754501681 
11 35 0 8 0.00240949273033 
5 26 0 8 0.00240202884843 
46 67 0 8 0.00239985331687 
47 66 0 8 0.00239857748352 
34 53 0 8 0.00239845067067 
29 81 0 8 0.00239827286936 
53 79 0 8 0.0023901215941 
11 40 0 8 0.00238709572433 
44 61 0 8 0.00238425484888 
44 64 0 8 0.00238110106283 
9 23 0 8 0.00237812689921 
8 52 0 8 0.00237764127432 
12 45 0 8 0.00236883408224 
58 73 0 8 0.002363012096 
44 65 0 8 0.00235609314533 
6 41 0 8 0.00235347575361 
45 67 0 8 0.00235324155611 
7 77 0 8 0.00235156915045 
10 39 0 8 0.00235154588389 
47 63 0 8 0.00234667412153 
50 72 0 8 0.00234565526982 
9 52 0 8 0.00234535790996 
9 39 0 8 0.00232808629718 
5 36 0 8 0.0023272750776 
25 77 0 8 0.00232509422019 
37 52 0 8 0.00232355980641 
7 76 0 8 0.00232150854256 
10 40 0 8 0.00231318853859 
45 60 0 8 0.00230895805821 
11 48 0 8 0.00230839367823 
7 23 0 8 0.00230787846062 
44 66 0 8 0.00230166304982 
14 39 0 8 0.00230018568099 
7 58 0 8 0.00229612697491 
57 83 0 8 0.00229366479624 
8 53 0 8 0.00229351696225 
43 62 0 8 0.00228093649494 
11 50 0 8 0.00228026792648 
26 80 0 8 0.00227593864653 
30 74 0 8 0.00227232195299 
8 39 0 8 0.00226764933359 
9 43 0 8 0.00226651864748 
50 83 0 8 0.00226475846587 
32 54 0 8 0.0022633405363 
34 51 0 8 0.00225944295807 
50 69 0 8 0.00225907253295 
30 73 0 8 0.00225875651478 
56 80 0 8 0.00225443423263 
8 56 0 8 0.00225324203214 
25 70 0 8 0.00224892269932 
8 33 0 8 0.00224579635138 
25 66 0 8 0.0022438267052 
41 62 0 8 0.0022408552043 
13 39 0 8 0.00223924376529 
43 65 0 8 0.00223869195534 
9 58 0 8 0.00223844827524 
42 66 0 8 0.00223243145043 
55 83 0 8 0.002231665406 
41 61 0 8 0.00223089874615 
9 57 0 8 0.00223079337485 
11 44 0 8 0.00222447522473 
54 79 0 8 0.00222393614464 
6 38 0 8 0.00222198761016 
55 80 0 8 0.00221617377489 
35 54 0 8 0.0022153068948 
44 67 0 8 0.00221110424533 
14 48 0 8 0.0022101439686 
11 45 0 8 0.00220524537071 
44 62 0 8 0.00220292897091 
6 55 0 8 0.00220217780579 
58 83 0 8 0.00219720508659 
7 57 0 8 0.00218902785156 
7 56 0 8 0.00218681428138 
56 76 0 8 0.00218557192124 
50 75 0 8 0.00218387664507 
40 60 0 8 0.00218271022442 
12 30 0 8 0.00217672977852 
11 41 0 8 0.00217232632993 
11 33 0 8 0.00217230224708 
53 83 0 8 0.00217038063807 
19 38 0 8 0.00216830574435 
43 61 0 8 0.00216709043089 
43 66 0 8 0.00216564408801 
5 81 0 8 0.00216296731775 
14 45 0 8 0.0021568007897 
42 68 0 8 0.0021549851478 
7 22 0 8 0.00215473844867 
63 76 0 8 0.00214534544986 
26 76 0 8 0.00213667025506 
8 58 0 8 0.0021360986753 
19 40 0 8 0.00213500695098 
14 38 0 8 0.00213309180504 
45 59 0 8 0.00213307926267 
32 53 0 8 0.00212892594051 
48 72 0 8 0.00212681817476 
15 42 0 8 0.00212549775555 
8 45 0 8 0.00212076258441 
35 55 0 8 0.00211972862842 
29 74 0 8 0.00211968991234 
54 83 0 8 0.00211906848418 
32 80 0 8 0.00211446420723 
9 76 0 8 0.00211173711585 
11 46 0 8 0.00210786445022 
33 80 0 8 0.00210533268494 
18 66 0 8 0.00210153542323 
44 59 0 8 0.0021012409027 
41 63 0 8 0.00209490697255 
50 73 0 8 0.00209263566585 
43 69 0 8 0.00208353367257 
53 75 0 8 0.00208275959349 
22 67 0 8 0.00208229297835 
58 71 0 8 0.00208061044181 
14 40 0 8 0.00207790916458 
9 22 0 8 0.00207789260098 
31 55 0 8 0.00207724001945 
57 84 0 8 0.00207476856233 
11 47 0 8 0.00207307130955 
30 52 0 8 0.00207143836386 
13 50 0 8 0.00206833276031 
8 80 0 8 0.00206721658858 
47 68 0 8 0.00206552081028 
42 65 0 8 0.00206464070835 
14 49 0 8 0.00206370545252 
15 39 0 8 0.00206311540258 
31 54 0 8 0.00206151451639 
10 42 0 8 0.00206108236008 
12 34 0 8 0.00205447748376 
11 42 0 8 0.00204924767931 
26 50 0 8 0.002048190698 
14 50 0 8 0.00204807102015 
32 55 0 8 0.00204619855231 
13 35 0 8 0.00204521545537 
46 59 0 8 0.00204014665213 
30 78 0 8 0.00203971251931 
13 42 0 8 0.00203719752872 
57 76 0 8 0.00203316215345 
69 81 0 8 0.00203126999284 
36 48 0 8 0.00202984303539 
62 75 0 8 0.00202744045459 
50 77 0 8 0.00202327561374 
10 73 0 8 0.00201661209937 
35 76 0 8 0.00199956037931 
23 41 0 8 0.00199921065678 
22 72 0 8 0.00199865534981 
11 58 0 8 0.0019909602812 
22 41 0 8 0.00198340193259 
4 33 0 8 0.00197946480553 
50 64 0 8 0.00197827979787 
7 83 0 8 0.00197091868819 
31 74 0 8 0.00196774446522 
45 58 0 8 0.00196646837159 
42 60 0 8 0.00196344413976 
36 53 0 8 0.00195785543636 
29 46 0 8 0.00195667627032 
33 83 0 8 0.00195416305422 
18 38 0 8 0.00195350694328 
27 80 0 8 0.00195144271886 
47 69 0 8 0.00194890040043 
34 77 0 8 0.00194598492511 
21 73 0 8 0.00194556710472 
15 48 0 8 0.00194414706173 
15 46 0 8 0.00194373357275 
12 31 0 8 0.00194245763636 
6 56 0 8 0.00194063946949 
13 66 0 8 0.00193494094888 
11 32 0 8 0.00193491944068 
33 74 0 8 0.00193485210838 
16 40 0 8 0.00193029028188 
8 79 0 8 0.00192807020144 
56 77 0 8 0.00192419479559 
25 65 0 8 0.0019238803311 
5 78 0 8 0.00189665922958 
12 26 0 8 0.00189399480055 
26 66 0 8 0.00189282531345 
23 39 0 8 0.00189134809636 
9 66 0 8 0.00189074163676 
49 71 0 8 0.00188914572809 
10 29 0 8 0.00188581336152 
32 79 0 8 0.00188465945359 
27 50 0 8 0.00188444795585 
6 47 0 8 0.00188240805035 
35 81 0 8 0.0018818218036 
51 83 0 8 0.00187646080491 
5 57 0 8 0.0018641320494 
29 60 0 8 0.00186081348003 
33 48 0 8 0.00185667517567 
23 67 0 8 0.00185436923373 
14 28 0 8 0.00185167041775 
23 35 0 8 0.00184953212097 
49 69 0 8 0.00184719529468 
19 36 0 8 0.00184344950892 
62 79 0 8 0.00184065448801 
72 85 0 8 0.00183979511508 
33 57 0 8 0.00183031278151 
24 67 0 8 0.00182578672317 
71 84 0 8 0.00181890725526 
1 32 0 8 0.00181193972562 
15 49 0 8 0.00180785296956 
30 53 0 8 0.00180237086287 
50 70 0 8 0.00180067636227 
2 31 0 8 0.00178918984163 
29 42 0 8 0.00178786667943 
25 42 0 8 0.00178178762994 
7 67 0 8 0.00177904865833 
26 46 0 8 0.00177720962386 
9 60 0 8 0.0017751266822 
20 39 0 8 0.00177137187606 
9 67 0 8 0.00176914936621 
32 57 0 8 0.00176773748034 
24 42 0 8 0.00176324364469 
70 85 0 8 0.00175762506991 
12 64 0 8 0.00175690197249 
46 73 0 8 0.0017550793115 
8 78 0 8 0.00175443280332 
29 82 0 8 0.0017524441924 
15 66 0 8 0.00174894941415 
53 74 0 8 0.00174846146094 
42 72 0 8 0.00174777097669 
53 71 0 8 0.00174744758546 
41 54 0 8 0.00174569164462 
12 58 0 8 0.00174328466898 
33 47 0 8 0.00174095519826 
13 26 0 8 0.00173990307208 
60 73 0 8 0.00173967733157 
56 71 0 8 0.00173794250601 
46 76 0 8 0.00173648042304 
2 32 0 8 0.00173550820182 
2 37 0 8 0.00173245505535 
14 59 0 8 0.00172923330321 
68 80 0 8 0.00172851511246 
25 46 0 8 0.00172781585728 
15 60 0 8 0.00171580661728 
44 71 0 8 0.00171250637775 
32 47 0 8 0.00171010067527 
52 88 0 8 0.00170509250766 
21 43 0 8 0.00169967622094 
14 52 0 8 0.00169437695278 
39 62 0 8 0.00168650377393 
11 23 0 8 0.00167743631589 
5 44 0 8 0.00167727901611 
19 33 0 8 0.00166875709015 
27 43 0 8 0.00166564605158 
2 54 0 8 0.00166181688506 
52 65 0 8 0.00166043643464 
38 67 0 8 0.0016530081192 
55 88 0 8 0.00165205015163 
31 59 0 8 0.00164944984046 
39 70 0 8 0.00164246087585 
37 76 0 8 0.00163794897179 
1 88 0 8 0.00163196035071 
1 41 0 8 0.001625573769 
36 73 0 8 0.00162500653093 
73 86 0 8 0.00162280777815 
23 45 0 8 0.00161935414186 
48 78 0 8 0.00161865487773 
54 88 0 8 0.00161567623955 
51 88 0 8 0.001615061183 
28 79 0 8 0.00160196857081 
7 20 0 8 0.00159705769114 
27 40 0 8 0.00159470225059 
38 64 0 8 0.00159066683634 
22 53 0 8 0.00158956010422 
4 79 0 8 0.00158642486507 
46 80 0 8 0.00158062071716 
41 56 0 8 0.00157912116121 
22 49 0 8 0.00157494819267 
1 55 0 8 0.00157463214362 
5 70 0 8 0.00157117633382 
2 88 0 8 0.00156627116378 
61 83 0 8 0.00156332994166 
1 85 0 8 0.0015454952344 
32 44 0 8 0.00154371912692 
1 52 0 8 0.00153793158195 
22 56 0 8 0.00149830894181 
41 53 0 8 0.00149613118412 
34 62 0 8 0.00149061478731 
20 74 0 8 0.00148933442248 
30 65 0 8 0.00148932804131 
3 60 0 8 0.00146171551956 
17 29 0 8 0.00144848784707 
47 81 0 8 0.00141307700427 
18 30 0 8 0.00140304140493 
20 56 0 8 0.00139851636011 
34 88 0 8 0.00137102781748 
11 81 0 8 0.00136384013687 
4 22 0 8 0.00133134479439 
41 83 0 8 0.00126214699623 
