38 57 0 8 0.00317437160592 
41 60 0 8 0.00303721335822 
58 82 0 8 0.00288519279019 
54 84 0 8 0.00286950876664 
62 79 0 8 0.00286074609614 
101 121 0 8 0.00278504140599 
58 79 0 8 0.00272538359385 
38 60 0 8 0.00272042861752 
58 84 0 8 0.00262390771531 
54 82 0 8 0.00260834609443 
103 118 0 8 0.00259861034211 
104 120 0 8 0.00254917953225 
38 61 0 8 0.00253324040189 
99 121 0 8 0.00250056885899 
61 79 0 8 0.00247905328296 
38 67 0 8 0.00246115937129 
37 67 0 8 0.00245224362165 
42 57 0 8 0.00245066327379 
102 118 0 8 0.00239249427969 
111 123 0 8 0.00238058358692 
111 127 0 8 0.00237701920342 
100 123 0 8 0.0023754443239 
100 124 0 8 0.00236381081089 
58 85 0 8 0.00234468113285 
57 79 0 8 0.00231482875651 
38 53 0 8 0.00229627245934 
101 120 0 8 0.00228860790417 
86 98 0 8 0.00228361307892 
111 124 0 8 0.00228128350766 
99 122 0 8 0.00225470839354 
96 128 0 8 0.00223843931787 
99 123 0 8 0.00222264066763 
112 124 0 8 0.0022170508182 
100 121 0 8 0.00221163776999 
110 124 0 8 0.0022060496516 
42 56 0 8 0.00220284942634 
101 114 0 8 0.00219505195521 
101 113 0 8 0.00219283651418 
54 85 0 8 0.00219226910532 
7 19 0 8 0.00218713089544 
7 20 0 8 0.00218191634289 
35 70 0 8 0.00216114864809 
99 124 0 8 0.00215938265238 
38 56 0 8 0.00215832897046 
101 115 0 8 0.0021527574188 
35 67 0 8 0.0021522380686 
34 57 0 8 0.00213834518697 
33 70 0 8 0.00212663763253 
101 123 0 8 0.00212253114535 
61 76 0 8 0.00209768541936 
101 119 0 8 0.00209313809097 
100 122 0 8 0.00208984811431 
41 56 0 8 0.0020884408249 
58 80 0 8 0.0020726733807 
38 64 0 8 0.00207008691514 
22 35 0 8 0.00206305182968 
37 60 0 8 0.00205240417208 
72 89 0 8 0.00204890249302 
58 76 0 8 0.00204809073609 
102 127 0 8 0.00204446287068 
102 117 0 8 0.00203976894147 
103 127 0 8 0.00203914562248 
57 85 0 8 0.00202724374134 
102 116 0 8 0.00202646440729 
84 101 0 8 0.00201314321906 
8 20 0 8 0.00200951836855 
54 83 0 8 0.00200936394921 
102 115 0 8 0.001993992241 
99 120 0 8 0.00199138734822 
101 118 0 8 0.00198831506427 
22 53 0 8 0.00198073909148 
23 39 0 8 0.00195047900285 
104 122 0 8 0.00194799775578 
6 19 0 8 0.00194770632311 
101 122 0 8 0.00194595192471 
104 118 0 8 0.00192426722662 
58 114 0 8 0.00192409712329 
37 70 0 8 0.00192328603031 
62 82 0 8 0.00191863791257 
55 84 0 8 0.00189674401088 
107 124 0 8 0.00189628271676 
54 79 0 8 0.00188879070698 
110 127 0 8 0.00188505439055 
22 39 0 8 0.00188055995744 
41 57 0 8 0.00187270773384 
23 50 0 8 0.00187011869214 
84 100 0 8 0.0018672072303 
57 84 0 8 0.00186656967735 
74 89 0 8 0.00185721535073 
58 75 0 8 0.00185032792398 
62 76 0 8 0.00184798105501 
98 123 0 8 0.0018461742719 
53 84 0 8 0.00184221801517 
10 44 0 8 0.00184103473697 
23 53 0 8 0.0018342123427 
103 117 0 8 0.00183288238604 
102 122 0 8 0.00183172517365 
103 115 0 8 0.00183102058748 
85 99 0 8 0.00182756326357 
99 115 0 8 0.00182132547702 
37 64 0 8 0.00181772204376 
103 122 0 8 0.00181726073617 
34 53 0 8 0.00181662364531 
12 26 0 8 0.00180917352563 
102 120 0 8 0.00180518652854 
101 124 0 8 0.00180413006436 
98 125 0 8 0.00180123077216 
42 60 0 8 0.00179720021254 
98 124 0 8 0.00179057366181 
36 67 0 8 0.00178863266527 
53 124 0 8 0.00178819990915 
33 67 0 8 0.0017837180326 
85 100 0 8 0.00177990986893 
93 128 0 8 0.00177642245687 
84 99 0 8 0.00177628592892 
22 43 0 8 0.00177462399605 
8 22 0 8 0.00176969267674 
22 42 0 8 0.00176603058524 
8 47 0 8 0.00176455570522 
61 85 0 8 0.00176102102386 
15 31 0 8 0.00175645135079 
61 75 0 8 0.00175606992125 
112 125 0 8 0.00175477217976 
8 21 0 8 0.00175225394749 
11 23 0 8 0.00175198683136 
41 53 0 8 0.00174992638066 
23 42 0 8 0.00174951961561 
23 54 0 8 0.00174265096823 
8 24 0 8 0.00173962768892 
35 71 0 8 0.00173448133724 
104 116 0 8 0.00172818563092 
32 71 0 8 0.00172814787673 
111 125 0 8 0.00172789907925 
101 116 0 8 0.00172389452617 
22 34 0 8 0.00172026554992 
39 53 0 8 0.00171932137611 
62 80 0 8 0.00171689636875 
61 84 0 8 0.00171156389553 
57 76 0 8 0.00171153202807 
110 123 0 8 0.00170802549102 
87 101 0 8 0.00170538948895 
110 125 0 8 0.00170436949644 
14 30 0 8 0.00170100565905 
6 20 0 8 0.00169858988698 
7 24 0 8 0.00169845378671 
35 57 0 8 0.00169719243135 
57 71 0 8 0.00169553850214 
50 127 0 8 0.00169354302758 
8 23 0 8 0.00169337941521 
50 82 0 8 0.00169236152115 
22 47 0 8 0.00169121465316 
108 121 0 8 0.00169091672176 
54 127 0 8 0.00169088698374 
13 26 0 8 0.00168588507194 
9 47 0 8 0.00168366148117 
9 22 0 8 0.00168241011905 
108 122 0 8 0.00167899302706 
108 124 0 8 0.00167813232407 
71 85 0 8 0.00167606575511 
23 38 0 8 0.00167357733721 
107 127 0 8 0.00167294109706 
53 82 0 8 0.00167119173693 
105 122 0 8 0.00167067677488 
41 67 0 8 0.00167043935097 
113 127 0 8 0.00166887930967 
17 46 0 8 0.00166886172212 
35 61 0 8 0.00166442912109 
6 21 0 8 0.00166346562541 
108 123 0 8 0.00166016693484 
54 102 0 8 0.00165943422137 
72 88 0 8 0.00165619541696 
11 26 0 8 0.00165481404153 
102 124 0 8 0.00165129345085 
26 39 0 8 0.00165041561349 
30 89 0 8 0.00164915116624 
103 123 0 8 0.00164807172332 
15 30 0 8 0.00164797852955 
38 70 0 8 0.00164554174213 
99 125 0 8 0.00164472716761 
105 117 0 8 0.00164387858059 
103 116 0 8 0.00164264977916 
17 48 0 8 0.00164143511667 
67 124 0 8 0.00163927887422 
26 53 0 8 0.00163910445745 
30 87 0 8 0.00163757482931 
50 84 0 8 0.00163590119409 
11 43 0 8 0.00163066266545 
82 101 0 8 0.00162959544054 
57 82 0 8 0.00162826027863 
38 71 0 8 0.00162517040506 
98 129 0 8 0.00162476130704 
100 118 0 8 0.00162457283947 
50 102 0 8 0.00162453042487 
18 47 0 8 0.00162398256512 
14 27 0 8 0.00162383633584 
39 57 0 8 0.00162244921289 
86 99 0 8 0.00162011708591 
85 101 0 8 0.00161907170056 
32 85 0 8 0.0016179628688 
55 82 0 8 0.00161728615162 
24 43 0 8 0.00161333691138 
104 117 0 8 0.00161170111198 
82 102 0 8 0.00161012482069 
58 83 0 8 0.00160480581349 
54 80 0 8 0.00159987561128 
19 41 0 8 0.00159710199752 
6 18 0 8 0.00159050594304 
19 49 0 8 0.00159021254519 
87 99 0 8 0.0015898580132 
53 85 0 8 0.00158891526555 
32 86 0 8 0.00158862182864 
57 80 0 8 0.00158762543404 
89 109 0 8 0.00158613629975 
54 87 0 8 0.00158524201591 
102 130 0 8 0.00158223598604 
93 122 0 8 0.00158028399419 
89 108 0 8 0.00157947148976 
87 109 0 8 0.00157711746275 
35 60 0 8 0.00157634417398 
109 124 0 8 0.00157102617542 
8 107 0 8 0.00156828484725 
20 46 0 8 0.00156772022938 
28 86 0 8 0.00156740190459 
86 101 0 8 0.00156556551402 
12 49 0 8 0.00156394654848 
103 124 0 8 0.00156212810183 
41 64 0 8 0.00156168722067 
22 36 0 8 0.00156086839866 
21 46 0 8 0.00156022438 
34 50 0 8 0.00155818447633 
54 86 0 8 0.00155792357908 
30 90 0 8 0.0015571643932 
22 50 0 8 0.00155633087064 
34 54 0 8 0.00155560660802 
102 123 0 8 0.00155497155548 
35 50 0 8 0.00155434855296 
107 122 0 8 0.00155408630837 
26 100 0 8 0.00155323304757 
24 39 0 8 0.00154995013392 
10 46 0 8 0.0015497752533 
29 88 0 8 0.00154832106019 
67 123 0 8 0.00154182894155 
58 113 0 8 0.00153928661026 
23 35 0 8 0.00153717278238 
99 126 0 8 0.00153301698265 
51 84 0 8 0.00153110404982 
96 129 0 8 0.00152998731881 
22 38 0 8 0.00152607586721 
74 90 0 8 0.00152428311399 
78 95 0 8 0.00152393896605 
18 50 0 8 0.00152180081865 
100 113 0 8 0.00152072390781 
98 128 0 8 0.00151959959455 
21 38 0 8 0.00151856795138 
98 114 0 8 0.00151720871325 
98 121 0 8 0.00151714238013 
18 43 0 8 0.0015171033198 
35 64 0 8 0.00151347679457 
41 59 0 8 0.00151271697601 
8 127 0 8 0.00150878471218 
12 25 0 8 0.00150862183831 
27 89 0 8 0.00150714555656 
74 92 0 8 0.00150627685444 
58 71 0 8 0.00150318022898 
100 115 0 8 0.00150075538516 
23 43 0 8 0.00149990527373 
72 86 0 8 0.00149989689377 
75 89 0 8 0.00149974769585 
107 123 0 8 0.00149923309779 
8 48 0 8 0.00149866182944 
37 66 0 8 0.0014985662472 
14 26 0 8 0.00149500654197 
21 36 0 8 0.00149069048171 
53 79 0 8 0.0014898782185 
5 20 0 8 0.00148718186548 
13 25 0 8 0.00148712381803 
26 50 0 8 0.00148706672863 
21 39 0 8 0.00147797954587 
50 124 0 8 0.00147430241989 
10 23 0 8 0.00147375487078 
32 88 0 8 0.00147358501524 
86 100 0 8 0.00147355541436 
26 86 0 8 0.00147280165154 
87 108 0 8 0.00147218533858 
72 87 0 8 0.00147140516379 
5 19 0 8 0.00147038488694 
29 89 0 8 0.00146904635366 
7 21 0 8 0.00146830888216 
105 124 0 8 0.00146622096822 
101 127 0 8 0.00146406436875 
85 102 0 8 0.00146202043194 
5 21 0 8 0.00146162221089 
61 80 0 8 0.00146160363111 
87 107 0 8 0.00146073753539 
84 98 0 8 0.00146070786405 
13 71 0 8 0.00145918483377 
21 43 0 8 0.00145891354819 
18 42 0 8 0.00145890924955 
100 116 0 8 0.00145843967438 
109 125 0 8 0.00145708353944 
98 126 0 8 0.00145692124106 
15 32 0 8 0.00145672784199 
9 124 0 8 0.00145585915955 
84 102 0 8 0.00145497836518 
32 70 0 8 0.00145456604956 
50 85 0 8 0.00145323183655 
8 44 0 8 0.00145273367836 
21 45 0 8 0.00144996006396 
53 86 0 8 0.00144652727964 
21 47 0 8 0.00144507015961 
51 82 0 8 0.00144371184004 
45 94 0 8 0.0014411512647 
20 44 0 8 0.00144040965517 
12 29 0 8 0.00144001487029 
18 49 0 8 0.00143620736057 
32 72 0 8 0.00143617439478 
10 22 0 8 0.00143582183252 
21 50 0 8 0.00143059933236 
27 86 0 8 0.00143054472337 
72 85 0 8 0.00142955007804 
11 39 0 8 0.0014292091929 
32 50 0 8 0.00142840544375 
30 88 0 8 0.00142817465534 
20 43 0 8 0.00142774208086 
22 123 0 8 0.00142543231661 
36 70 0 8 0.00142431427942 
29 86 0 8 0.00142430996166 
31 70 0 8 0.00142317798122 
78 98 0 8 0.00142310885305 
47 99 0 8 0.00142046548211 
9 102 0 8 0.00142007906876 
29 87 0 8 0.00141978182588 
30 97 0 8 0.00141637974893 
54 76 0 8 0.00141535543101 
20 47 0 8 0.0014152347595 
90 109 0 8 0.00141157574762 
14 46 0 8 0.00140755425696 
36 53 0 8 0.00140677934803 
70 87 0 8 0.00140629440314 
24 119 0 8 0.00140562761738 
4 19 0 8 0.00140382817822 
31 88 0 8 0.00140361932689 
50 103 0 8 0.00140350607393 
32 84 0 8 0.00140310258315 
32 83 0 8 0.00139990154188 
6 24 0 8 0.00139917191689 
11 40 0 8 0.00139765310809 
25 101 0 8 0.0013975373635 
30 79 0 8 0.00139723204561 
14 36 0 8 0.00139600502698 
19 50 0 8 0.0013934885016 
43 60 0 8 0.0013932556014 
71 87 0 8 0.00139274071604 
16 29 0 8 0.0013925332843 
78 93 0 8 0.00139102294999 
82 103 0 8 0.00139079104443 
28 87 0 8 0.00138971569618 
28 89 0 8 0.00138819395909 
36 68 0 8 0.00138673019555 
82 100 0 8 0.00138611691497 
26 120 0 8 0.00138593998514 
34 85 0 8 0.00138568286381 
75 88 0 8 0.00138499743637 
29 96 0 8 0.00138462363571 
27 50 0 8 0.00138408405971 
20 36 0 8 0.00138331421541 
29 97 0 8 0.00138268819781 
88 108 0 8 0.00138212627027 
40 53 0 8 0.00138201114665 
112 127 0 8 0.00138089599188 
22 115 0 8 0.00138060622339 
82 99 0 8 0.0013794288504 
8 46 0 8 0.001378939328 
20 49 0 8 0.00137850452528 
30 96 0 8 0.00137813473789 
78 97 0 8 0.00137735756137 
85 98 0 8 0.00137611258625 
99 113 0 8 0.0013749524804 
8 102 0 8 0.00137157715136 
102 131 0 8 0.00137116803069 
11 49 0 8 0.00136905334303 
83 99 0 8 0.0013689278729 
26 38 0 8 0.00136876884759 
99 117 0 8 0.00136795266734 
32 75 0 8 0.00136755880211 
11 48 0 8 0.00136752509945 
50 101 0 8 0.00136749225762 
33 127 0 8 0.00136673399819 
98 115 0 8 0.0013659870923 
17 29 0 8 0.00136459207896 
74 95 0 8 0.00136366556119 
72 90 0 8 0.00136356879607 
110 122 0 8 0.00136293848668 
33 100 0 8 0.00136250567801 
22 113 0 8 0.00136232722793 
7 46 0 8 0.00136231352562 
45 88 0 8 0.00136203879608 
10 48 0 8 0.00135959340403 
74 88 0 8 0.00135726961483 
73 87 0 8 0.00135549383715 
27 99 0 8 0.00135546555464 
71 88 0 8 0.00135269430045 
74 91 0 8 0.00135077378424 
13 44 0 8 0.00135066119547 
7 104 0 8 0.00134921379662 
25 39 0 8 0.00134814638169 
19 48 0 8 0.00134706382775 
74 86 0 8 0.00134685926415 
55 80 0 8 0.00134456714848 
14 33 0 8 0.00134423793983 
94 128 0 8 0.00134256743227 
25 99 0 8 0.00134253811706 
19 44 0 8 0.00134177871417 
54 113 0 8 0.00134175532017 
47 103 0 8 0.00134167298643 
34 84 0 8 0.001340220342 
33 85 0 8 0.00133900593545 
11 42 0 8 0.00133732872326 
27 101 0 8 0.00133710911809 
45 95 0 8 0.00133641647251 
8 25 0 8 0.00133633899296 
25 90 0 8 0.00133485939552 
51 100 0 8 0.00133320315952 
14 29 0 8 0.00133304547069 
31 75 0 8 0.0013323949524 
75 87 0 8 0.00133136359939 
12 48 0 8 0.00132987881355 
33 50 0 8 0.00132979804401 
23 113 0 8 0.00132896446751 
24 122 0 8 0.00132886461792 
100 128 0 8 0.00132748458775 
10 50 0 8 0.00132738207617 
90 107 0 8 0.00132716826714 
30 98 0 8 0.001320493848 
88 120 0 8 0.00131771968385 
27 126 0 8 0.00131764288768 
36 49 0 8 0.00131659817659 
57 87 0 8 0.00131509477242 
27 119 0 8 0.00131286195898 
31 84 0 8 0.00131281288434 
48 104 0 8 0.00130728122578 
49 105 0 8 0.00130704953605 
96 122 0 8 0.00130657418065 
9 50 0 8 0.00130652047327 
47 104 0 8 0.00130632422318 
107 128 0 8 0.00130555663092 
16 46 0 8 0.00130342843213 
32 54 0 8 0.00130248770035 
11 27 0 8 0.00130201231494 
26 126 0 8 0.00130177519652 
98 127 0 8 0.00130176634245 
9 100 0 8 0.00129863682962 
43 94 0 8 0.00129646446583 
16 34 0 8 0.00129609167177 
47 85 0 8 0.00129511388609 
1 30 0 8 0.00129444142435 
30 122 0 8 0.0012942150118 
72 92 0 8 0.00129359262116 
63 79 0 8 0.0012925251547 
12 72 0 8 0.00129211308965 
62 84 0 8 0.00128886043414 
13 31 0 8 0.00128754187201 
94 125 0 8 0.00128717956113 
20 104 0 8 0.00128664436676 
73 90 0 8 0.00128554094997 
50 107 0 8 0.00128547845417 
86 108 0 8 0.00128333051486 
86 107 0 8 0.00128209605244 
23 57 0 8 0.00127922557995 
31 71 0 8 0.00127824057138 
47 101 0 8 0.00127724705534 
88 110 0 8 0.00127627388246 
32 73 0 8 0.00127436604268 
9 44 0 8 0.00127384054973 
7 51 0 8 0.00127356121646 
75 99 0 8 0.00127285226325 
91 109 0 8 0.00127221402405 
12 39 0 8 0.00127191617308 
91 121 0 8 0.00127073905092 
10 29 0 8 0.00127069682465 
54 71 0 8 0.00127022167674 
13 102 0 8 0.00127015149342 
6 104 0 8 0.00126856493102 
47 94 0 8 0.00126734196866 
33 96 0 8 0.00126604585656 
12 74 0 8 0.00126598065751 
15 35 0 8 0.00126430562896 
2 27 0 8 0.00126381570298 
50 99 0 8 0.00126281873139 
86 106 0 8 0.00126264909146 
70 88 0 8 0.00126224304676 
85 121 0 8 0.00126126046566 
20 105 0 8 0.00125922980275 
22 54 0 8 0.00125855141596 
88 121 0 8 0.00125824812787 
3 24 0 8 0.00125686243848 
94 129 0 8 0.00125681547614 
44 94 0 8 0.00125666910674 
23 124 0 8 0.00125612846016 
9 104 0 8 0.00125375161539 
79 93 0 8 0.00125340942851 
24 36 0 8 0.00125130661149 
6 48 0 8 0.00124960400029 
58 124 0 8 0.00124790354206 
20 116 0 8 0.00124721662207 
17 30 0 8 0.0012462973481 
13 35 0 8 0.00124553755932 
18 35 0 8 0.00124464904047 
5 102 0 8 0.00124278424468 
32 58 0 8 0.00124255767388 
1 25 0 8 0.00124240871751 
2 25 0 8 0.00123779551553 
2 24 0 8 0.00123712489778 
34 93 0 8 0.001235323841 
51 105 0 8 0.00123381503113 
78 90 0 8 0.00123348907929 
23 99 0 8 0.0012325697989 
34 79 0 8 0.00123213821645 
61 86 0 8 0.00122956950316 
27 53 0 8 0.00122953348786 
50 123 0 8 0.00122669953886 
61 124 0 8 0.0012266557832 
31 124 0 8 0.0012258064979 
33 88 0 8 0.00122472101429 
23 47 0 8 0.00122465330296 
18 102 0 8 0.0012239479664 
48 106 0 8 0.00122285382793 
24 49 0 8 0.00122118252531 
82 121 0 8 0.00121558819068 
13 50 0 8 0.00121344763007 
10 36 0 8 0.00121335788239 
92 107 0 8 0.00121191705226 
27 84 0 8 0.00121133401555 
22 99 0 8 0.00121082013338 
26 84 0 8 0.0012069433472 
42 54 0 8 0.00120686760848 
76 90 0 8 0.00120455241961 
30 93 0 8 0.00120428165914 
10 51 0 8 0.00120319803708 
7 49 0 8 0.00120311456883 
50 109 0 8 0.00120180243621 
27 54 0 8 0.00120072189816 
5 44 0 8 0.00119933308016 
11 31 0 8 0.00119835525774 
2 17 0 8 0.00119829079091 
90 110 0 8 0.00119271680043 
12 99 0 8 0.00119180703024 
5 103 0 8 0.00119126040365 
77 90 0 8 0.00118958687155 
24 88 0 8 0.00118903869297 
21 34 0 8 0.00118814471142 
52 87 0 8 0.00118758064787 
1 24 0 8 0.00118749055398 
92 128 0 8 0.00118425511578 
90 122 0 8 0.00118411820611 
16 70 0 8 0.0011828146837 
49 99 0 8 0.00117838899311 
70 99 0 8 0.00117786226136 
36 96 0 8 0.00117770273241 
4 17 0 8 0.00117667050378 
35 79 0 8 0.00117448123718 
98 113 0 8 0.00117320045876 
2 28 0 8 0.00116830501981 
70 91 0 8 0.00116700090491 
92 106 0 8 0.00116689879676 
18 108 0 8 0.00116592470246 
92 122 0 8 0.0011633135867 
5 31 0 8 0.00116319537198 
25 86 0 8 0.00116291823614 
26 94 0 8 0.00116219667338 
96 114 0 8 0.00116072101718 
31 126 0 8 0.00115983547818 
2 21 0 8 0.00115763735995 
34 87 0 8 0.00115723035478 
70 128 0 8 0.00115356178779 
23 127 0 8 0.00115266373012 
2 19 0 8 0.00114992561107 
84 107 0 8 0.00114681389 
17 52 0 8 0.00114671400546 
35 85 0 8 0.00114612050807 
33 128 0 8 0.00114603051326 
66 99 0 8 0.00114570316455 
55 102 0 8 0.0011446004108 
39 94 0 8 0.00114406093791 
8 113 0 8 0.00114287452597 
82 114 0 8 0.00114152722967 
81 121 0 8 0.00114037476784 
9 31 0 8 0.00113628175433 
87 125 0 8 0.0011353896228 
35 99 0 8 0.00113248443621 
2 16 0 8 0.00113189254148 
33 90 0 8 0.00113062228633 
39 96 0 8 0.00113055644205 
26 57 0 8 0.00112889206057 
30 120 0 8 0.00112832281002 
73 97 0 8 0.00112567315469 
22 120 0 8 0.00112441711931 
8 54 0 8 0.00112370382674 
12 53 0 8 0.0011234709492 
16 122 0 8 0.00112313922353 
67 79 0 8 0.00112221841034 
25 109 0 8 0.00112176037098 
8 39 0 8 0.0011195404443 
75 124 0 8 0.00111849368608 
5 123 0 8 0.00111806183123 
18 61 0 8 0.00111722584234 
5 115 0 8 0.00111538265447 
88 116 0 8 0.00111493525921 
83 97 0 8 0.00111184262599 
3 30 0 8 0.00111006014717 
5 51 0 8 0.00111002563606 
4 16 0 8 0.00110841832747 
86 115 0 8 0.00110128381596 
91 129 0 8 0.00110110484398 
19 95 0 8 0.00110047446413 
89 101 0 8 0.00109934571156 
1 29 0 8 0.00109444040461 
34 80 0 8 0.00109413766687 
1 17 0 8 0.00109112733555 
87 113 0 8 0.00108859693886 
49 93 0 8 0.00108821012518 
45 86 0 8 0.00108721926427 
8 38 0 8 0.00107747952739 
45 60 0 8 0.00107359857744 
55 98 0 8 0.00106846740401 
31 102 0 8 0.00106323070255 
59 115 0 8 0.00105923442979 
8 33 0 8 0.00105716925477 
92 116 0 8 0.00105246641066 
17 98 0 8 0.00105233060784 
59 120 0 8 0.00105155319436 
30 77 0 8 0.00104977895942 
28 104 0 8 0.00104659069634 
57 90 0 8 0.00104384023366 
84 124 0 8 0.00103729888243 
18 113 0 8 0.0010337939526 
100 132 0 8 0.00103046011498 
90 103 0 8 0.0010304353808 
72 101 0 8 0.00103008142997 
30 51 0 8 0.00102964470732 
29 46 0 8 0.00102034562195 
99 111 0 8 0.00101965313918 
61 109 0 8 0.00101303301513 
68 81 0 8 0.00100740292319 
50 114 0 8 0.00100675011399 
67 100 0 8 0.00100367037551 
23 86 0 8 0.000999162859341 
24 82 0 8 0.000996210810563 
54 93 0 8 0.000987301884814 
50 71 0 8 0.000983688571205 
55 134 0 8 0.000981144773374 
39 127 0 8 0.000976719316975 
91 133 0 8 0.000975939504668 
12 114 0 8 0.000965495750174 
44 85 0 8 0.000957573164577 
101 133 0 8 0.000947585559858 
2 14 0 8 0.000947223824357 
65 105 0 8 0.000939943248187 
92 134 0 8 0.000924846042929 
40 126 0 8 0.00092343737601 
55 69 0 8 0.000919433555238 
83 129 0 8 0.000888142574198 
45 65 0 8 0.000886074254567 
42 111 0 8 0.000877661959529 
12 94 0 8 0.000852014952982 
6 74 0 8 0.000849683100286 
71 116 0 8 0.000841992265888 
45 76 0 8 0.000839483396109 
22 67 0 8 0.000763105748301 
8 84 0 8 0.000680158911386 
