8 56 0 8 0.00470448124907 
23 41 0 8 0.0044240341441 
6 25 0 8 0.00434749013761 
24 46 0 8 0.00430927762947 
23 39 0 8 0.00421882365675 
25 39 0 8 0.00414385817049 
12 53 0 8 0.00407884585727 
21 50 0 8 0.00398397829525 
24 38 0 8 0.00396865938377 
24 41 0 8 0.00396166697951 
23 46 0 8 0.00388651830346 
8 25 0 8 0.00382388617784 
25 41 0 8 0.0038107271341 
21 46 0 8 0.0037902896733 
52 64 0 8 0.00373602150251 
25 40 0 8 0.00370806467772 
12 49 0 8 0.00366581637656 
6 26 0 8 0.00364230422293 
4 29 0 8 0.00357481883769 
38 64 0 8 0.00356474213318 
11 39 0 8 0.00355930785758 
24 44 0 8 0.00353746625605 
22 39 0 8 0.0035242824075 
8 53 0 8 0.00352041343989 
26 47 0 8 0.00351872589255 
24 47 0 8 0.00351772245429 
39 64 0 8 0.00351406516349 
21 41 0 8 0.00351135594545 
13 54 0 8 0.00349914018575 
23 44 0 8 0.00349792758979 
7 63 0 8 0.00349644536929 
12 25 0 8 0.00349114999556 
21 43 0 8 0.00347369001736 
23 49 0 8 0.00346377532224 
23 40 0 8 0.00343915344501 
8 26 0 8 0.00342858607655 
22 38 0 8 0.00342270526817 
9 23 0 8 0.00341217464259 
27 56 0 8 0.00341132200478 
39 56 0 8 0.00340664618182 
11 26 0 8 0.00340548447283 
24 39 0 8 0.00339832394507 
28 49 0 8 0.0033953798145 
9 50 0 8 0.00339068716275 
20 46 0 8 0.00338506810526 
13 51 0 8 0.00338368326975 
22 40 0 8 0.00338352894284 
6 24 0 8 0.00337449857519 
8 27 0 8 0.00337118892387 
11 25 0 8 0.00336595040252 
6 23 0 8 0.00335476393246 
12 26 0 8 0.00335106411908 
24 49 0 8 0.00334863181543 
8 23 0 8 0.00334060919882 
30 57 0 8 0.003331743085 
8 64 0 8 0.00333050132955 
23 53 0 8 0.00332717139251 
7 25 0 8 0.00332374115152 
11 23 0 8 0.00329886272876 
26 63 0 8 0.00328571486847 
21 44 0 8 0.00328545820374 
5 24 0 8 0.00328307427057 
22 41 0 8 0.00327618194562 
25 53 0 8 0.0032729236574 
20 41 0 8 0.00326697993686 
9 53 0 8 0.0032657449363 
8 24 0 8 0.00326362259453 
19 41 0 8 0.00325300292295 
26 41 0 8 0.00324458210608 
11 24 0 8 0.00322222428528 
23 38 0 8 0.00321059590405 
8 60 0 8 0.00320867720292 
52 65 0 8 0.00320109196812 
24 45 0 8 0.00319845919559 
25 57 0 8 0.00319748321522 
6 21 0 8 0.00318861702948 
5 63 0 8 0.00318762395856 
8 22 0 8 0.00318548981496 
39 57 0 8 0.00318541753508 
17 50 0 8 0.00318100758124 
8 52 0 8 0.00317446500323 
9 57 0 8 0.00317052995981 
5 32 0 8 0.00316301855485 
12 40 0 8 0.00315476363802 
9 63 0 8 0.00315152553159 
12 37 0 8 0.00315015896743 
10 24 0 8 0.00314781081058 
11 27 0 8 0.00314465705937 
23 50 0 8 0.00314093282466 
25 56 0 8 0.0031407219486 
17 46 0 8 0.00313310730578 
8 39 0 8 0.00312956938951 
41 64 0 8 0.00312836929399 
21 40 0 8 0.00312826361458 
8 28 0 8 0.0031280976842 
9 56 0 8 0.00312454588936 
26 56 0 8 0.00312370860021 
23 48 0 8 0.00310722879152 
12 56 0 8 0.0030958802514 
11 53 0 8 0.00309387655149 
11 63 0 8 0.00309172243242 
8 57 0 8 0.00308992074606 
26 46 0 8 0.00308566631346 
13 39 0 8 0.00308510387068 
8 55 0 8 0.00308346695883 
18 45 0 8 0.00308081810953 
32 64 0 8 0.00307861974491 
21 38 0 8 0.00307707059341 
12 48 0 8 0.00307690382327 
9 60 0 8 0.00307286143688 
16 41 0 8 0.00306786321608 
6 31 0 8 0.00306352718266 
28 56 0 8 0.00305639000732 
24 37 0 8 0.00304466645752 
42 61 0 8 0.00304382093608 
25 48 0 8 0.00304080584906 
24 40 0 8 0.00303106371872 
31 60 0 8 0.00302992752603 
8 59 0 8 0.00302871991 
8 49 0 8 0.00302228936584 
27 45 0 8 0.00301877915878 
7 29 0 8 0.00300907581932 
22 45 0 8 0.00300832317045 
32 60 0 8 0.00299929125597 
22 44 0 8 0.0029964451664 
8 61 0 8 0.00299480409589 
36 62 0 8 0.00299393313826 
20 45 0 8 0.00298951959262 
28 63 0 8 0.00298839998953 
6 22 0 8 0.00298755746743 
19 46 0 8 0.00298306213781 
6 32 0 8 0.00298253672872 
5 31 0 8 0.00298240028161 
8 31 0 8 0.00298188180656 
44 64 0 8 0.00298093124108 
21 45 0 8 0.00297195318073 
8 62 0 8 0.00297066191216 
48 69 0 8 0.00296962795506 
6 27 0 8 0.00296576176957 
39 53 0 8 0.00296186366601 
26 45 0 8 0.00295429955813 
9 39 0 8 0.00295426505542 
26 61 0 8 0.00295419843418 
9 25 0 8 0.00295298406425 
8 63 0 8 0.00294820375096 
13 57 0 8 0.00294419126417 
47 69 0 8 0.00294157413658 
8 21 0 8 0.00293686200043 
27 49 0 8 0.00293630165452 
9 64 0 8 0.00293612443839 
26 64 0 8 0.00292796710236 
39 52 0 8 0.00292714430985 
7 56 0 8 0.00292643029939 
25 38 0 8 0.0029260122627 
27 53 0 8 0.00292439722702 
23 37 0 8 0.00292070705945 
27 57 0 8 0.00291678367214 
7 61 0 8 0.00291158422105 
12 39 0 8 0.00291040364105 
7 62 0 8 0.00290944488373 
24 48 0 8 0.00290463604071 
55 67 0 8 0.00289482911731 
26 52 0 8 0.00289207464631 
44 61 0 8 0.00288356257086 
9 58 0 8 0.00288284824586 
7 32 0 8 0.00287907496164 
29 59 0 8 0.00287829604321 
12 54 0 8 0.00287725015631 
21 39 0 8 0.00287510556712 
11 58 0 8 0.00287070679179 
34 60 0 8 0.0028698635268 
17 43 0 8 0.00286644675856 
32 56 0 8 0.00286615156785 
5 26 0 8 0.00286571693253 
19 42 0 8 0.00285737875671 
17 41 0 8 0.0028551123191 
33 56 0 8 0.0028536668413 
32 57 0 8 0.00285341563731 
30 63 0 8 0.00285077798176 
14 39 0 8 0.00284541106763 
29 61 0 8 0.00284419077553 
24 52 0 8 0.00283270900379 
6 18 0 8 0.00283123144055 
23 47 0 8 0.00282554861317 
19 48 0 8 0.00282316092726 
6 20 0 8 0.00282094131232 
27 46 0 8 0.00282052081628 
8 38 0 8 0.0028190697804 
24 36 0 8 0.00281904656978 
10 62 0 8 0.00281531498082 
6 50 0 8 0.00281424363043 
30 61 0 8 0.00281364434215 
5 60 0 8 0.00281303810273 
12 59 0 8 0.00281041321067 
24 53 0 8 0.00280763619665 
7 64 0 8 0.00280623462199 
12 35 0 8 0.00280412512592 
29 62 0 8 0.00279888083681 
22 37 0 8 0.00279807268545 
9 21 0 8 0.00279562315343 
5 34 0 8 0.00278853832777 
27 52 0 8 0.00278850570129 
27 60 0 8 0.00278718573514 
21 57 0 8 0.00278402140466 
32 63 0 8 0.00278165015254 
47 67 0 8 0.00277724476132 
15 47 0 8 0.00276820125718 
17 45 0 8 0.00276388441654 
11 41 0 8 0.00275889044276 
15 50 0 8 0.00275693325671 
47 63 0 8 0.0027535854216 
14 50 0 8 0.00275255962436 
28 57 0 8 0.00275051594552 
7 53 0 8 0.00274976554211 
36 60 0 8 0.00274953715092 
9 62 0 8 0.00274865362159 
30 64 0 8 0.00274744244612 
5 57 0 8 0.00274209681319 
22 53 0 8 0.00274082187275 
47 66 0 8 0.00273934299008 
5 58 0 8 0.00273866260683 
22 64 0 8 0.00273688110608 
31 63 0 8 0.00273658446242 
12 50 0 8 0.00272763634545 
44 63 0 8 0.00272729242534 
37 56 0 8 0.0027272243636 
12 60 0 8 0.00272609885842 
8 32 0 8 0.00272577171576 
1 43 0 8 0.00272270986145 
46 64 0 8 0.00272199835989 
26 44 0 8 0.00272096363952 
4 35 0 8 0.0027203861862 
16 46 0 8 0.00271304117723 
6 19 0 8 0.00271266953294 
26 42 0 8 0.00270869533962 
41 61 0 8 0.00269931690297 
6 43 0 8 0.00269630478852 
5 56 0 8 0.00268865548942 
27 39 0 8 0.00268392515869 
3 24 0 8 0.0026832083221 
22 50 0 8 0.00267327145758 
14 46 0 8 0.00266954852809 
27 48 0 8 0.00266748063152 
14 61 0 8 0.00266551281302 
13 38 0 8 0.00265747135737 
10 27 0 8 0.00265315464656 
27 40 0 8 0.00265282069579 
28 46 0 8 0.00265118750862 
43 64 0 8 0.00264297975573 
15 45 0 8 0.00263956687657 
5 53 0 8 0.00263273387342 
42 59 0 8 0.00262976664938 
16 50 0 8 0.00262405339876 
2 43 0 8 0.00262061622096 
19 53 0 8 0.00261956973137 
26 55 0 8 0.00261691643597 
11 64 0 8 0.00260763866286 
6 53 0 8 0.00260679323631 
25 59 0 8 0.00260678357865 
14 51 0 8 0.00260441869097 
12 24 0 8 0.0026011784135 
8 50 0 8 0.0025977433029 
26 51 0 8 0.0025939886665 
14 27 0 8 0.00259216820998 
4 59 0 8 0.00259028443852 
5 35 0 8 0.0025861691037 
12 27 0 8 0.00258322077029 
22 56 0 8 0.00258120628894 
10 23 0 8 0.00257635217421 
6 37 0 8 0.00256205752133 
2 28 0 8 0.00255983744417 
10 58 0 8 0.00255815540722 
28 55 0 8 0.00255349270753 
13 25 0 8 0.00255030644483 
21 54 0 8 0.00254764290767 
25 64 0 8 0.00254636980118 
12 36 0 8 0.00254196088824 
13 55 0 8 0.00254048633341 
26 39 0 8 0.00253342679463 
8 41 0 8 0.00252733306875 
6 35 0 8 0.00252202474364 
53 66 0 8 0.00252059777506 
28 40 0 8 0.00251981201175 
35 63 0 8 0.00251824505479 
16 36 0 8 0.00251298430442 
21 60 0 8 0.00250786478311 
10 36 0 8 0.00250277754318 
9 42 0 8 0.00250242651349 
10 56 0 8 0.00250058273672 
29 65 0 8 0.00249535861344 
11 38 0 8 0.00249519287393 
15 41 0 8 0.00249104966556 
14 35 0 8 0.00247994731197 
5 36 0 8 0.00246968193757 
23 64 0 8 0.00246921324624 
10 41 0 8 0.00244011192381 
15 33 0 8 0.00243987598553 
29 48 0 8 0.00243714997877 
11 45 0 8 0.00243257654113 
16 60 0 8 0.00242758954746 
2 26 0 8 0.00242743088928 
16 61 0 8 0.00242544781268 
20 60 0 8 0.00241764227421 
33 52 0 8 0.00239734847837 
14 34 0 8 0.00239690130624 
10 51 0 8 0.00239576244383 
16 62 0 8 0.00237421727307 
3 23 0 8 0.0023737941218 
5 65 0 8 0.00236461044811 
18 34 0 8 0.00235477842049 
16 63 0 8 0.00235447474999 
32 54 0 8 0.00234278103208 
27 68 0 8 0.00234009736583 
33 51 0 8 0.00231987291454 
15 66 0 8 0.00230341392159 
31 46 0 8 0.00230008754564 
41 55 0 8 0.00228716052639 
54 68 0 8 0.0022822996549 
42 67 0 8 0.00228023618625 
18 33 0 8 0.00227345896554 
21 64 0 8 0.00226672938168 
23 55 0 8 0.00226405545193 
4 62 0 8 0.00223938757762 
4 65 0 8 0.00223455547889 
3 36 0 8 0.00221919303523 
32 48 0 8 0.00220325347959 
34 51 0 8 0.00218974375827 
7 46 0 8 0.00218259631507 
34 69 0 8 0.00217872680159 
14 68 0 8 0.00217646525092 
16 65 0 8 0.0021728821207 
1 20 0 8 0.00216966628214 
11 68 0 8 0.00216888342838 
35 69 0 8 0.00216495884846 
5 17 0 8 0.00213754592503 
30 68 0 8 0.00212749915152 
1 44 0 8 0.00212142868309 
1 18 0 8 0.00206396689738 
1 17 0 8 0.00206229922015 
3 66 0 8 0.0020273557696 
24 69 0 8 0.00201676083539 
16 69 0 8 0.00194558316329 
3 48 0 8 0.00191687281137 
1 50 0 8 0.00188369519512 
35 47 0 8 0.00172561109718 
