26 38 0 8 0.00372351368115 
73 88 0 8 0.00347344887559 
27 39 0 8 0.00345484012057 
72 87 0 8 0.00342593311612 
73 86 0 8 0.00330598725267 
72 88 0 8 0.00324112625877 
71 88 0 8 0.00320261484571 
73 87 0 8 0.00317932434715 
61 73 0 8 0.00312982536503 
72 85 0 8 0.00309166497499 
60 76 0 8 0.00307592203413 
61 74 0 8 0.00303256915802 
37 51 0 8 0.00301617508666 
24 40 0 8 0.00297482992461 
59 76 0 8 0.00290803204958 
38 53 0 8 0.00287147255841 
62 74 0 8 0.00282888848844 
55 75 0 8 0.00281275612927 
35 55 0 8 0.00280412816511 
56 75 0 8 0.00277708977776 
55 77 0 8 0.00277255384664 
71 87 0 8 0.00276429825598 
5 26 0 8 0.00276296524387 
26 39 0 8 0.0027406963827 
59 77 0 8 0.00272138979266 
59 75 0 8 0.00270166970855 
38 54 0 8 0.00269676403632 
72 86 0 8 0.00269519756351 
70 88 0 8 0.00268135302535 
25 40 0 8 0.00267805356315 
73 85 0 8 0.00267643425719 
58 77 0 8 0.00267043266779 
61 75 0 8 0.00265172819053 
37 53 0 8 0.00260936295007 
56 77 0 8 0.00260006603994 
74 86 0 8 0.00259620416354 
25 41 0 8 0.00256153017063 
60 74 0 8 0.00254645581362 
26 40 0 8 0.00254279757028 
22 42 0 8 0.00253980750715 
39 52 0 8 0.00253646587327 
15 30 0 8 0.00253519863737 
38 55 0 8 0.00252721390751 
39 53 0 8 0.00250511672745 
58 79 0 8 0.00249011615869 
58 76 0 8 0.00248346241666 
55 76 0 8 0.00246494751064 
27 41 0 8 0.00246478504429 
16 29 0 8 0.00246388785842 
6 90 0 8 0.00245044526458 
61 76 0 8 0.00244845169061 
40 52 0 8 0.00243852626998 
70 87 0 8 0.00243785808771 
59 74 0 8 0.00243504361279 
75 87 0 8 0.00242504610858 
39 54 0 8 0.00242312297232 
15 29 0 8 0.00241797160965 
60 78 0 8 0.00240484880711 
36 55 0 8 0.0023908992734 
60 73 0 8 0.00238771807628 
17 36 0 8 0.0023861819353 
24 41 0 8 0.00238583370748 
60 75 0 8 0.00238430080734 
87 103 0 8 0.00238240085047 
53 77 0 8 0.00237190493515 
69 88 0 8 0.00236880255012 
16 28 0 8 0.00236851908509 
40 53 0 8 0.00235609007342 
53 75 0 8 0.00235355645788 
37 54 0 8 0.00234392672015 
16 31 0 8 0.00234309531417 
38 52 0 8 0.00233342176636 
69 89 0 8 0.00233279779598 
25 39 0 8 0.00232631154243 
14 31 0 8 0.0023206355251 
72 89 0 8 0.00230414470379 
7 19 0 8 0.0022954885009 
56 76 0 8 0.0022951419582 
14 30 0 8 0.00227042742591 
40 86 0 8 0.00226850193334 
59 78 0 8 0.00225611778909 
20 43 0 8 0.0022530012967 
7 26 0 8 0.00223134325157 
69 87 0 8 0.0022298397443 
39 51 0 8 0.00222212118122 
70 89 0 8 0.00222176956536 
54 77 0 8 0.00221689195839 
74 87 0 8 0.00221611303579 
38 56 0 8 0.00221494622098 
6 19 0 8 0.00220476915187 
52 77 0 8 0.00219304303406 
37 52 0 8 0.00218477595555 
36 54 0 8 0.00218128234847 
36 53 0 8 0.0021805335435 
62 76 0 8 0.00216208459042 
7 40 0 8 0.0021602845362 
7 24 0 8 0.00215557781424 
9 50 0 8 0.00215355125338 
57 77 0 8 0.00215184378373 
24 42 0 8 0.00214176477763 
58 78 0 8 0.00214136867297 
59 73 0 8 0.00213738347409 
74 88 0 8 0.00213720456364 
23 40 0 8 0.00213341837352 
9 66 0 8 0.00213313183147 
54 84 0 8 0.00212914152033 
15 31 0 8 0.00212562396783 
35 56 0 8 0.00212151443526 
40 56 0 8 0.00211894298969 
13 34 0 8 0.00211452475355 
15 28 0 8 0.00211222291652 
37 55 0 8 0.0021113628517 
54 75 0 8 0.00210036253822 
24 39 0 8 0.00209960693151 
58 75 0 8 0.00209859036666 
55 74 0 8 0.00209845268154 
6 26 0 8 0.00209717765116 
40 55 0 8 0.0020927464775 
39 55 0 8 0.00209191436654 
16 30 0 8 0.00208899902779 
39 75 0 8 0.0020881938908 
17 29 0 8 0.00208446014742 
55 73 0 8 0.00207712935816 
59 82 0 8 0.00207662511681 
70 90 0 8 0.00207651884506 
68 90 0 8 0.00207505118414 
17 37 0 8 0.00207237928092 
6 24 0 8 0.00206869863015 
35 54 0 8 0.00206772236827 
54 76 0 8 0.00205591559088 
12 36 0 8 0.00205409264791 
35 53 0 8 0.00205351341709 
57 78 0 8 0.00205309229769 
62 75 0 8 0.00204504005864 
67 87 0 8 0.00203964185943 
69 90 0 8 0.00203651750365 
41 54 0 8 0.00203071323698 
10 85 0 8 0.00202763370176 
19 40 0 8 0.00202395154389 
37 76 0 8 0.00201747866319 
5 88 0 8 0.00201632819744 
22 43 0 8 0.00201357028042 
52 79 0 8 0.00201326641375 
14 33 0 8 0.00201116790487 
23 43 0 8 0.00200991970391 
8 40 0 8 0.00200901225188 
53 86 0 8 0.00200900134646 
7 88 0 8 0.00200863966609 
57 76 0 8 0.00200851654484 
59 84 0 8 0.00200698829073 
61 100 0 8 0.00199703646397 
86 103 0 8 0.00199593809225 
23 42 0 8 0.0019926615129 
23 39 0 8 0.00198373971652 
68 87 0 8 0.00197968088894 
38 75 0 8 0.0019781208358 
38 51 0 8 0.00197508599704 
55 78 0 8 0.00197455320162 
13 36 0 8 0.00197406900518 
40 54 0 8 0.00197135875768 
40 75 0 8 0.00196909449408 
7 89 0 8 0.00196107434216 
14 32 0 8 0.00195897217404 
7 22 0 8 0.00195711626168 
5 19 0 8 0.00195579924534 
25 42 0 8 0.001952585363 
41 53 0 8 0.00195036727941 
55 85 0 8 0.00194561728209 
6 25 0 8 0.00194453225553 
5 18 0 8 0.00194116238528 
68 89 0 8 0.00193740556843 
54 78 0 8 0.00193334131617 
69 86 0 8 0.00193283194949 
39 86 0 8 0.00193217442499 
19 38 0 8 0.0019289796305 
26 103 0 8 0.00192831391138 
7 25 0 8 0.001926293979 
73 91 0 8 0.00192598015247 
61 77 0 8 0.00192254800842 
5 98 0 8 0.00192198186889 
55 83 0 8 0.0019217851447 
53 85 0 8 0.0019211356056 
6 40 0 8 0.00191895578701 
40 88 0 8 0.00191692528524 
7 52 0 8 0.00191350569157 
89 103 0 8 0.00191215186694 
25 48 0 8 0.00191185642655 
8 87 0 8 0.0019116813338 
8 66 0 8 0.00190654308504 
75 88 0 8 0.00190464908032 
6 89 0 8 0.00190418946373 
36 52 0 8 0.00190409603352 
27 40 0 8 0.00189917070994 
25 38 0 8 0.0018970167967 
5 21 0 8 0.00189669864284 
86 107 0 8 0.00189439836917 
6 54 0 8 0.00189223397953 
55 84 0 8 0.00189173980642 
53 84 0 8 0.00189130895952 
23 41 0 8 0.00188658349451 
24 43 0 8 0.0018839722818 
57 75 0 8 0.00188089528661 
9 22 0 8 0.00188039315077 
54 85 0 8 0.00187793348873 
7 66 0 8 0.00187615266728 
24 87 0 8 0.00187233311617 
10 39 0 8 0.00187082342943 
8 21 0 8 0.00186938861504 
55 86 0 8 0.00186918306131 
5 54 0 8 0.0018660604651 
14 34 0 8 0.00186238498557 
38 103 0 8 0.00185923208248 
14 35 0 8 0.00185830796844 
66 99 0 8 0.00185674846618 
71 90 0 8 0.00185553936437 
71 96 0 8 0.00185357791143 
51 76 0 8 0.00185331431095 
39 73 0 8 0.00185317257726 
73 100 0 8 0.00185147038719 
6 88 0 8 0.00184932652299 
38 77 0 8 0.00184878489391 
10 53 0 8 0.00184861575163 
55 79 0 8 0.00184845883513 
14 36 0 8 0.00184549258302 
7 38 0 8 0.0018424810996 
8 22 0 8 0.00184166442706 
6 91 0 8 0.00184062215976 
8 26 0 8 0.00183983835643 
67 103 0 8 0.00183965915514 
40 85 0 8 0.00183866509211 
22 49 0 8 0.0018380924439 
21 42 0 8 0.00183474474683 
5 38 0 8 0.00183373499288 
54 79 0 8 0.00183178303887 
88 103 0 8 0.00182797833418 
87 100 0 8 0.00182797145555 
21 43 0 8 0.00182659641585 
26 87 0 8 0.00182495372927 
39 74 0 8 0.00182344728111 
34 54 0 8 0.00182038483585 
40 87 0 8 0.00181868302519 
53 82 0 8 0.00181559063724 
51 77 0 8 0.00181391249614 
56 83 0 8 0.00181257660129 
5 40 0 8 0.00180966694921 
10 64 0 8 0.00180652548123 
56 82 0 8 0.0018051858066 
68 92 0 8 0.00180299008624 
67 88 0 8 0.00180088207876 
26 73 0 8 0.00179782264198 
24 86 0 8 0.00179647110861 
38 87 0 8 0.00179486218385 
6 22 0 8 0.00179467449018 
20 40 0 8 0.00179175214611 
25 37 0 8 0.00179070248954 
14 37 0 8 0.00179038848352 
21 40 0 8 0.00178330872202 
25 53 0 8 0.00177852739818 
39 88 0 8 0.00177713398264 
25 54 0 8 0.001776888456 
15 36 0 8 0.00177393574955 
10 52 0 8 0.00177270502946 
15 32 0 8 0.00176996109014 
6 42 0 8 0.00176928637115 
41 72 0 8 0.00176916004245 
26 85 0 8 0.00176855831798 
71 91 0 8 0.00176820019839 
58 80 0 8 0.00176814447064 
24 56 0 8 0.00176630825413 
21 41 0 8 0.00176312455735 
69 91 0 8 0.00176220056078 
40 72 0 8 0.0017620609614 
5 17 0 8 0.00176141472743 
53 78 0 8 0.00175996666437 
9 39 0 8 0.00175919291007 
38 88 0 8 0.00175615653606 
85 103 0 8 0.00175547246626 
6 87 0 8 0.00175505285614 
39 59 0 8 0.00175359784958 
60 72 0 8 0.00175285952305 
57 81 0 8 0.00175191362285 
8 52 0 8 0.00175136346878 
21 47 0 8 0.00175118366767 
17 38 0 8 0.00175075631157 
7 67 0 8 0.00175066254251 
16 37 0 8 0.00175060677464 
17 39 0 8 0.0017494632597 
7 85 0 8 0.00174827685777 
20 41 0 8 0.00174762651435 
7 68 0 8 0.00174638885048 
14 67 0 8 0.00174396166753 
40 73 0 8 0.00174017061287 
24 71 0 8 0.00173645389083 
25 43 0 8 0.00173572453338 
5 41 0 8 0.001735297474 
42 54 0 8 0.00173102269745 
59 100 0 8 0.0017294295897 
9 25 0 8 0.00172721784507 
39 87 0 8 0.00172553567617 
35 52 0 8 0.00172474909593 
56 85 0 8 0.00172224913853 
73 89 0 8 0.00172115995622 
10 27 0 8 0.0017115438997 
38 58 0 8 0.00171058721887 
52 80 0 8 0.0017101287986 
26 70 0 8 0.00170818498997 
40 57 0 8 0.00170755834261 
9 38 0 8 0.00170680162754 
12 30 0 8 0.00170602275406 
61 103 0 8 0.00170538898992 
16 35 0 8 0.00170029291279 
67 89 0 8 0.00169318457268 
40 89 0 8 0.00169133808789 
25 72 0 8 0.00168461724406 
57 82 0 8 0.00168435753908 
19 41 0 8 0.00168194353304 
25 86 0 8 0.00168128733661 
5 96 0 8 0.00168109028551 
6 64 0 8 0.00167822756479 
6 53 0 8 0.00167461448653 
67 90 0 8 0.00167452406312 
71 95 0 8 0.0016742553044 
6 41 0 8 0.00167092844285 
11 106 0 8 0.00167036481241 
8 20 0 8 0.0016636579701 
56 86 0 8 0.00165954755544 
26 106 0 8 0.00165941623651 
5 99 0 8 0.00165925788489 
15 37 0 8 0.00165851675277 
37 103 0 8 0.00165793895951 
5 87 0 8 0.00165713015412 
6 43 0 8 0.00165656721355 
87 99 0 8 0.00165582665463 
35 77 0 8 0.00165318100859 
14 66 0 8 0.00165298496378 
52 86 0 8 0.00165004666283 
9 102 0 8 0.0016485988381 
17 35 0 8 0.00164839977915 
6 52 0 8 0.00164741074706 
57 73 0 8 0.00164427215627 
27 88 0 8 0.0016429268685 
36 59 0 8 0.00164106353078 
7 50 0 8 0.00163971595348 
10 72 0 8 0.00163855644891 
9 42 0 8 0.0016374508608 
5 55 0 8 0.00163462906621 
71 85 0 8 0.00163384990774 
5 28 0 8 0.00163362510585 
22 48 0 8 0.00163181921118 
20 50 0 8 0.00162782495753 
64 85 0 8 0.00162562903207 
53 72 0 8 0.00162286367586 
52 88 0 8 0.00161883926249 
5 89 0 8 0.00161779570388 
18 40 0 8 0.00161778045 
13 29 0 8 0.00161542239616 
54 72 0 8 0.00161534749135 
9 68 0 8 0.00161503268614 
25 51 0 8 0.00161301261062 
22 46 0 8 0.00161005084726 
24 58 0 8 0.00160992029822 
50 77 0 8 0.00160880266515 
5 39 0 8 0.00160457768151 
5 20 0 8 0.00160429001898 
49 99 0 8 0.00160366327935 
53 87 0 8 0.0016033656698 
34 79 0 8 0.00160205922384 
10 28 0 8 0.00160124408885 
15 68 0 8 0.00160021344027 
53 73 0 8 0.00159956913499 
16 36 0 8 0.00159712754994 
52 107 0 8 0.0015933637143 
72 103 0 8 0.00159304888241 
5 86 0 8 0.00159289882344 
51 63 0 8 0.00159238308298 
58 83 0 8 0.00159189915915 
9 64 0 8 0.001590067724 
54 103 0 8 0.00158998276731 
38 86 0 8 0.00158973816804 
5 61 0 8 0.00158914760436 
50 91 0 8 0.00158287038012 
15 65 0 8 0.00158279452409 
10 41 0 8 0.0015807776969 
73 103 0 8 0.00157976916738 
45 69 0 8 0.00157779207188 
63 75 0 8 0.0015769436712 
24 57 0 8 0.00157598669451 
9 21 0 8 0.00157596568203 
10 68 0 8 0.00157320339624 
12 28 0 8 0.00157165069307 
69 99 0 8 0.00157045268936 
24 89 0 8 0.00156942996825 
43 70 0 8 0.00156932813894 
50 100 0 8 0.00155320933757 
52 74 0 8 0.00155155548094 
21 52 0 8 0.00154995992413 
42 85 0 8 0.00154972139251 
61 84 0 8 0.00154905820123 
17 40 0 8 0.00154811594129 
12 86 0 8 0.00154793511541 
20 39 0 8 0.00154434051295 
33 58 0 8 0.0015430653406 
62 80 0 8 0.00154072961426 
51 104 0 8 0.00154004246485 
10 26 0 8 0.00153917554174 
50 62 0 8 0.00153864292992 
36 88 0 8 0.00153229673557 
88 100 0 8 0.0015320972922 
52 102 0 8 0.00153197044269 
35 79 0 8 0.00152933223095 
16 66 0 8 0.00152915197272 
52 70 0 8 0.0015291190768 
22 85 0 8 0.00152653647954 
61 95 0 8 0.00152616605009 
23 73 0 8 0.00152580435751 
3 27 0 8 0.0015249936341 
12 84 0 8 0.00152453040423 
20 51 0 8 0.00152149733149 
54 73 0 8 0.0015213052255 
49 91 0 8 0.00151983675966 
18 41 0 8 0.00151804413659 
50 76 0 8 0.00151785107208 
86 100 0 8 0.00151651501937 
49 65 0 8 0.00151594846336 
73 99 0 8 0.00150866567761 
66 101 0 8 0.00150758090254 
22 72 0 8 0.00150747490431 
38 72 0 8 0.00150553449024 
50 63 0 8 0.00150428184646 
67 97 0 8 0.00150264198418 
38 61 0 8 0.00150144900652 
12 54 0 8 0.00150136028284 
10 54 0 8 0.00150135486686 
87 102 0 8 0.00150027589083 
40 71 0 8 0.00150005770379 
25 57 0 8 0.00149666491114 
40 84 0 8 0.00149342263651 
35 76 0 8 0.00149276261167 
23 49 0 8 0.00148746260628 
57 92 0 8 0.00148638273048 
18 39 0 8 0.00148542497265 
32 81 0 8 0.00148366462035 
10 88 0 8 0.00148332011679 
27 51 0 8 0.00147875555325 
11 54 0 8 0.00147422478832 
67 102 0 8 0.00147332123229 
41 97 0 8 0.00147314172004 
23 55 0 8 0.00146767788926 
25 52 0 8 0.00146712441328 
32 52 0 8 0.00146683619663 
87 104 0 8 0.00146634568501 
6 45 0 8 0.0014662069227 
9 45 0 8 0.00146591810126 
9 48 0 8 0.00146445030595 
37 86 0 8 0.00146356808192 
5 85 0 8 0.00145781178929 
21 85 0 8 0.00145264072187 
40 77 0 8 0.00145063509597 
23 51 0 8 0.00144826609222 
53 96 0 8 0.00144764437504 
48 90 0 8 0.00144315018367 
15 105 0 8 0.0014416357726 
52 64 0 8 0.00143545973692 
50 86 0 8 0.00143490695421 
6 50 0 8 0.00142838082968 
72 104 0 8 0.00142658908888 
42 55 0 8 0.00142309465623 
47 99 0 8 0.00142246275034 
44 85 0 8 0.00141801331016 
64 103 0 8 0.00141381884356 
26 48 0 8 0.00141242436611 
27 72 0 8 0.00141159686302 
27 54 0 8 0.00141109934081 
21 59 0 8 0.00140897491313 
43 61 0 8 0.00140891859407 
49 62 0 8 0.00140512255876 
5 67 0 8 0.00140482975919 
41 70 0 8 0.00140329226123 
48 88 0 8 0.00139959350597 
60 104 0 8 0.00139490488134 
41 88 0 8 0.00139169263929 
27 43 0 8 0.00139115435333 
24 69 0 8 0.00138646962009 
56 94 0 8 0.0013811390615 
11 25 0 8 0.00138054885224 
4 30 0 8 0.00137625958161 
3 105 0 8 0.00137517985779 
19 105 0 8 0.00137471031076 
19 88 0 8 0.00137211648731 
16 92 0 8 0.00137022491689 
23 92 0 8 0.00136940179379 
90 103 0 8 0.00136672636168 
16 91 0 8 0.0013585872097 
5 37 0 8 0.00135603364844 
63 85 0 8 0.00135499386339 
35 89 0 8 0.00135372745264 
64 101 0 8 0.00134927773108 
46 72 0 8 0.00134333572607 
21 57 0 8 0.0013396285567 
63 88 0 8 0.00133528203191 
5 36 0 8 0.00133297791407 
21 92 0 8 0.00132893891431 
41 62 0 8 0.00132586720778 
50 84 0 8 0.0013223183613 
33 50 0 8 0.00131722890338 
54 68 0 8 0.00131657871161 
58 95 0 8 0.00130889695685 
5 64 0 8 0.00130264714025 
61 88 0 8 0.00130174571543 
17 52 0 8 0.00129841726216 
33 92 0 8 0.00129717139224 
3 46 0 8 0.00129298324734 
50 66 0 8 0.00129181388883 
29 81 0 8 0.00128838840726 
47 73 0 8 0.00128277269228 
14 26 0 8 0.00128037598723 
14 82 0 8 0.00127290771675 
19 65 0 8 0.001270592712 
47 84 0 8 0.00126761140776 
41 63 0 8 0.00125926152739 
42 100 0 8 0.00125375395486 
12 100 0 8 0.00125180552019 
2 30 0 8 0.001246726729 
1 102 0 8 0.00123896856504 
41 78 0 8 0.00123824321969 
5 72 0 8 0.00123788455174 
29 88 0 8 0.00123610603031 
48 105 0 8 0.00122332414683 
31 65 0 8 0.00122283604284 
13 79 0 8 0.00121923652446 
39 63 0 8 0.0012180015699 
33 104 0 8 0.00121495771934 
64 83 0 8 0.00121279079977 
32 90 0 8 0.00120622438355 
2 55 0 8 0.00120229083629 
7 75 0 8 0.00117910952523 
2 34 0 8 0.00117893582481 
82 109 0 8 0.00117338089491 
26 60 0 8 0.00117242012453 
12 59 0 8 0.00115673639533 
21 79 0 8 0.00114246531754 
5 83 0 8 0.0010830151703 
29 74 0 8 0.00107028590096 
16 73 0 8 0.00105359172265 
78 109 0 8 0.00102721510222 
