61 75 0 8 0.00420511672595 
45 78 0 8 0.00413127999197 
48 63 0 8 0.00382716599194 
61 73 0 8 0.00379024465219 
43 61 0 8 0.00373971330163 
61 74 0 8 0.00371823319994 
41 74 0 8 0.0035708416667 
43 75 0 8 0.0035381040134 
63 78 0 8 0.00341212452898 
46 75 0 8 0.00332308203757 
46 61 0 8 0.00330794157995 
63 75 0 8 0.00327399251036 
48 64 0 8 0.0031803398987 
49 71 0 8 0.00315007836314 
45 63 0 8 0.00313919978816 
43 74 0 8 0.00313510213392 
13 60 0 8 0.00310320815604 
60 73 0 8 0.0030877286892 
8 62 0 8 0.00307073403346 
9 21 0 8 0.00307024562635 
46 64 0 8 0.00306317220512 
39 64 0 8 0.00305338790518 
27 41 0 8 0.00303348000639 
13 72 0 8 0.00302044405629 
47 65 0 8 0.00300789113827 
62 78 0 8 0.0030031138924 
7 48 0 8 0.00300011079864 
63 77 0 8 0.00299587251693 
64 78 0 8 0.00298568479641 
7 19 0 8 0.0029671626416 
64 77 0 8 0.00296106260212 
13 42 0 8 0.00293340962834 
6 58 0 8 0.00293076641549 
10 58 0 8 0.00293054607397 
6 65 0 8 0.00290781802221 
45 70 0 8 0.00290673237557 
49 75 0 8 0.00290612873491 
42 78 0 8 0.00289355521288 
41 76 0 8 0.00288664372972 
47 63 0 8 0.00288044303874 
42 60 0 8 0.00286216274111 
9 62 0 8 0.00286055063402 
44 56 0 8 0.00285878207896 
5 20 0 8 0.00285285716359 
45 60 0 8 0.00284290294569 
48 61 0 8 0.00283550028876 
43 69 0 8 0.00283002443434 
39 65 0 8 0.00282228622133 
21 47 0 8 0.00280521988592 
5 63 0 8 0.00280246229324 
46 74 0 8 0.00280143977431 
43 73 0 8 0.00279995905198 
18 30 0 8 0.00279896844917 
6 69 0 8 0.00279605024388 
45 62 0 8 0.00279025051147 
10 65 0 8 0.0027893023401 
58 72 0 8 0.0027883584164 
44 65 0 8 0.00278800683457 
45 58 0 8 0.00278443305188 
57 72 0 8 0.00278143663592 
10 68 0 8 0.00276983003728 
7 63 0 8 0.00276725519545 
44 71 0 8 0.00276667973798 
46 65 0 8 0.00276022844735 
6 78 0 8 0.00275675905413 
6 74 0 8 0.0027529070303 
9 48 0 8 0.00275174589176 
43 64 0 8 0.00274969431725 
60 72 0 8 0.00274349522065 
49 61 0 8 0.00274284966216 
11 67 0 8 0.00273985266103 
58 73 0 8 0.00273626156897 
62 75 0 8 0.00273513551806 
5 74 0 8 0.00272435322989 
43 78 0 8 0.00272432000383 
10 62 0 8 0.00272294021696 
44 61 0 8 0.00271804516349 
8 69 0 8 0.0027174007295 
13 63 0 8 0.0027153615568 
46 69 0 8 0.00271127128208 
45 66 0 8 0.00270715886972 
6 68 0 8 0.00270251141708 
15 30 0 8 0.00269625089419 
44 59 0 8 0.00269441543311 
44 74 0 8 0.00269238733097 
47 62 0 8 0.00269091830016 
9 23 0 8 0.00268881205204 
46 63 0 8 0.00268017772436 
44 75 0 8 0.0026766386966 
11 23 0 8 0.00266220001764 
48 65 0 8 0.00264975258361 
42 58 0 8 0.00264749953513 
45 65 0 8 0.00264674461086 
13 48 0 8 0.00264385937311 
50 65 0 8 0.00263710802505 
10 23 0 8 0.00263640853745 
21 58 0 8 0.00263553883999 
61 78 0 8 0.00263432792271 
46 66 0 8 0.00262547413903 
48 77 0 8 0.002622542478 
29 44 0 8 0.00262078531309 
51 72 0 8 0.00261919673393 
44 60 0 8 0.00261322217866 
42 65 0 8 0.00261123119775 
48 62 0 8 0.00260709599328 
9 64 0 8 0.00260666147507 
48 60 0 8 0.00259858764048 
36 48 0 8 0.00259830710026 
12 58 0 8 0.00259801006939 
42 75 0 8 0.00259332305722 
48 75 0 8 0.00258866642955 
46 78 0 8 0.00258790630372 
8 65 0 8 0.00258359266495 
44 78 0 8 0.00257884098374 
49 69 0 8 0.00257745460968 
10 59 0 8 0.00257216822236 
44 68 0 8 0.00257143827891 
43 63 0 8 0.00256464073036 
49 73 0 8 0.00255908366973 
40 62 0 8 0.00255531254426 
7 65 0 8 0.0025532425052 
14 64 0 8 0.00255295703165 
31 78 0 8 0.00255088801818 
42 59 0 8 0.00255087877371 
43 62 0 8 0.00254933300575 
9 78 0 8 0.00254757391649 
8 58 0 8 0.00254375764917 
7 26 0 8 0.00254272738946 
19 39 0 8 0.00253390919988 
49 63 0 8 0.00253040416669 
19 36 0 8 0.00252843957796 
42 72 0 8 0.00252684500911 
9 26 0 8 0.00251114874093 
8 64 0 8 0.00251010688594 
14 74 0 8 0.00250988833887 
47 77 0 8 0.00250967154698 
14 65 0 8 0.00250944457537 
45 74 0 8 0.00250702656052 
41 75 0 8 0.00250551009157 
17 29 0 8 0.00250544551821 
9 22 0 8 0.00249861204211 
45 69 0 8 0.00249699920893 
62 77 0 8 0.0024958302106 
60 74 0 8 0.00249538071907 
49 65 0 8 0.00249238416222 
17 70 0 8 0.00249185243925 
44 63 0 8 0.00248917066589 
6 21 0 8 0.00248838264797 
46 67 0 8 0.00248309937866 
47 82 0 8 0.00248285230331 
44 62 0 8 0.00248013432217 
45 68 0 8 0.00247728959086 
48 76 0 8 0.0024758656667 
39 62 0 8 0.00247319872446 
7 66 0 8 0.00247175433159 
41 61 0 8 0.00246921565303 
19 37 0 8 0.00246736390627 
34 61 0 8 0.00246532445773 
51 73 0 8 0.00246522464664 
5 19 0 8 0.00246122512563 
12 64 0 8 0.00245825513303 
51 74 0 8 0.00245731847083 
10 60 0 8 0.00245545795167 
5 62 0 8 0.00245343309711 
42 66 0 8 0.00245242297403 
29 64 0 8 0.00245139724772 
19 64 0 8 0.00245108087571 
29 62 0 8 0.0024484557368 
58 74 0 8 0.0024458257675 
17 72 0 8 0.00244034948775 
51 63 0 8 0.0024383481327 
46 62 0 8 0.00243718525838 
47 64 0 8 0.00243392702363 
39 60 0 8 0.00243374702805 
45 61 0 8 0.0024322629397 
9 24 0 8 0.00242911075618 
42 57 0 8 0.00242256108515 
34 78 0 8 0.00241895807461 
51 67 0 8 0.00241418280209 
11 60 0 8 0.00241371264046 
28 47 0 8 0.00241242357105 
12 42 0 8 0.00240822081009 
29 69 0 8 0.00240611574419 
44 58 0 8 0.00240571092744 
6 20 0 8 0.00240449058327 
48 74 0 8 0.00240318567564 
22 77 0 8 0.00240304481166 
10 78 0 8 0.00240280706793 
42 61 0 8 0.00240133112863 
30 64 0 8 0.00239998858712 
58 71 0 8 0.00239711351554 
25 42 0 8 0.00239377358392 
8 23 0 8 0.00239249652898 
5 21 0 8 0.00239177333647 
40 61 0 8 0.00239042397767 
16 65 0 8 0.00238914029106 
49 72 0 8 0.00238598287438 
43 58 0 8 0.0023847682146 
26 41 0 8 0.00238285060312 
9 47 0 8 0.0023790888534 
36 58 0 8 0.00237755677997 
8 81 0 8 0.00237266568205 
12 75 0 8 0.00237246360276 
22 47 0 8 0.00237225443206 
26 42 0 8 0.00237207217916 
4 70 0 8 0.00237134099099 
37 61 0 8 0.00236943519504 
41 58 0 8 0.00236924178926 
39 61 0 8 0.00236679388584 
43 70 0 8 0.00236376661915 
49 62 0 8 0.00236291480748 
17 48 0 8 0.00236046030002 
15 29 0 8 0.00235992188113 
43 68 0 8 0.0023568265939 
16 60 0 8 0.00235594150327 
29 48 0 8 0.00235562818698 
48 69 0 8 0.00235456624224 
6 77 0 8 0.00235422137168 
44 72 0 8 0.00234943392259 
35 66 0 8 0.00234845629997 
49 67 0 8 0.00234622747735 
26 70 0 8 0.00234580393825 
12 44 0 8 0.00234041481324 
18 49 0 8 0.00233796056958 
50 62 0 8 0.00233398329524 
20 47 0 8 0.00233322832619 
30 62 0 8 0.0023323897545 
17 30 0 8 0.00233190113951 
6 44 0 8 0.00233179308341 
30 63 0 8 0.00233088085406 
27 78 0 8 0.00232915521983 
10 56 0 8 0.00232818345843 
11 75 0 8 0.00232726461508 
35 61 0 8 0.00232242446826 
10 57 0 8 0.0023220696503 
9 27 0 8 0.00232065281722 
34 46 0 8 0.00231927444908 
46 59 0 8 0.00231841211759 
47 60 0 8 0.00231764473114 
50 80 0 8 0.00231700239898 
53 78 0 8 0.00231405511617 
48 68 0 8 0.00231176181039 
7 21 0 8 0.00230944215479 
19 48 0 8 0.00230437458666 
12 67 0 8 0.00230381540896 
30 48 0 8 0.00230219799486 
39 57 0 8 0.00230207509263 
13 29 0 8 0.00229959312041 
31 65 0 8 0.0022983342786 
6 45 0 8 0.00229761890617 
52 68 0 8 0.0022973084752 
7 47 0 8 0.00229482978791 
54 69 0 8 0.00229343409632 
29 47 0 8 0.00229200592625 
25 44 0 8 0.00229049439835 
6 70 0 8 0.00229011260261 
15 42 0 8 0.00228945736624 
35 65 0 8 0.00228940078087 
66 78 0 8 0.00228832789491 
39 58 0 8 0.00228726768207 
37 74 0 8 0.00228482389236 
46 58 0 8 0.00227624086597 
25 40 0 8 0.00227550739445 
30 78 0 8 0.00227326247809 
36 59 0 8 0.00227322085381 
58 78 0 8 0.00227251485153 
37 64 0 8 0.00227015569047 
36 61 0 8 0.00226915294042 
41 68 0 8 0.00226640136383 
16 42 0 8 0.0022643663702 
50 81 0 8 0.00226190928784 
53 68 0 8 0.00226072283931 
18 48 0 8 0.00225555271296 
38 61 0 8 0.00224641115157 
26 45 0 8 0.00224625302913 
32 63 0 8 0.00223924688644 
25 50 0 8 0.00223862712416 
18 39 0 8 0.00223489701045 
5 45 0 8 0.00222920709508 
30 65 0 8 0.00222860992479 
12 45 0 8 0.00222738441141 
30 49 0 8 0.00222723007174 
17 73 0 8 0.00222705080445 
5 25 0 8 0.00222704097685 
19 45 0 8 0.00222580473138 
50 69 0 8 0.00222317893328 
17 69 0 8 0.00221779348929 
47 59 0 8 0.00221667663799 
25 39 0 8 0.00221609727944 
24 40 0 8 0.00221405167749 
26 78 0 8 0.00221085084497 
31 48 0 8 0.00220760212266 
35 48 0 8 0.00220650369428 
53 73 0 8 0.00220585749443 
17 66 0 8 0.00220319782985 
7 42 0 8 0.00220244379814 
36 60 0 8 0.0022019990078 
23 48 0 8 0.00220084730901 
22 52 0 8 0.0021989598068 
56 75 0 8 0.00219529851176 
22 50 0 8 0.00219211388141 
18 57 0 8 0.00218674971109 
34 58 0 8 0.00218376674568 
40 66 0 8 0.00218171053002 
52 71 0 8 0.00217989842231 
53 70 0 8 0.00217482896533 
51 69 0 8 0.00217353867595 
17 47 0 8 0.00217222167306 
35 58 0 8 0.00217191548181 
33 61 0 8 0.00217077552996 
4 68 0 8 0.00216907020824 
36 68 0 8 0.00216362748854 
53 72 0 8 0.00216303227658 
7 74 0 8 0.00216042578667 
28 51 0 8 0.00215610181201 
6 42 0 8 0.00215463183343 
6 18 0 8 0.00215438387863 
41 77 0 8 0.00215304787428 
25 71 0 8 0.00214868130113 
42 55 0 8 0.00214529917268 
19 40 0 8 0.00214469142186 
50 76 0 8 0.00214422406868 
16 29 0 8 0.00214171759378 
54 73 0 8 0.00213681095882 
6 49 0 8 0.00213047382399 
29 71 0 8 0.00212971549092 
32 78 0 8 0.002125796605 
34 48 0 8 0.00211831538099 
14 26 0 8 0.00211649554985 
7 27 0 8 0.00211631292569 
21 70 0 8 0.00211625575155 
8 56 0 8 0.00211431889887 
4 20 0 8 0.00211361336639 
17 36 0 8 0.00210325651924 
19 70 0 8 0.00210018309308 
25 72 0 8 0.00209641347433 
21 77 0 8 0.00209139932002 
18 46 0 8 0.00208905196374 
45 57 0 8 0.00208755496525 
18 65 0 8 0.00208117506462 
29 41 0 8 0.00208050463125 
5 82 0 8 0.00207983881343 
31 64 0 8 0.00207713205458 
15 69 0 8 0.00207573988601 
16 71 0 8 0.00207131418184 
58 70 0 8 0.00207057948305 
6 26 0 8 0.0020699616283 
17 63 0 8 0.00206805240214 
7 82 0 8 0.00206753525787 
26 73 0 8 0.00206321964523 
33 64 0 8 0.00206274316308 
26 63 0 8 0.00206242474282 
34 49 0 8 0.00206125899206 
13 52 0 8 0.00205049379385 
40 78 0 8 0.00204629852729 
47 79 0 8 0.00204376144197 
22 53 0 8 0.00204178299403 
52 82 0 8 0.00203439838993 
29 77 0 8 0.00203172100559 
17 42 0 8 0.00203113158885 
29 51 0 8 0.00203088613085 
39 68 0 8 0.00202341523359 
39 55 0 8 0.00201349766303 
28 40 0 8 0.00201286293775 
15 56 0 8 0.00200465462599 
18 59 0 8 0.00200461307013 
15 27 0 8 0.00200033392982 
5 42 0 8 0.0019962662894 
6 55 0 8 0.00198860643119 
11 51 0 8 0.00198825569576 
27 65 0 8 0.00198773870267 
34 52 0 8 0.00198025518526 
51 81 0 8 0.00197655753077 
15 36 0 8 0.0019734904211 
66 80 0 8 0.0019727217565 
20 68 0 8 0.0019716613453 
25 81 0 8 0.00196897589791 
35 67 0 8 0.00196635343803 
30 42 0 8 0.00196028037428 
21 55 0 8 0.00195051783504 
59 82 0 8 0.00193544553112 
37 75 0 8 0.00191783958766 
2 76 0 8 0.00191262065981 
36 54 0 8 0.00191051247403 
28 80 0 8 0.00190992639245 
2 70 0 8 0.0019017255095 
27 62 0 8 0.00190039678195 
36 74 0 8 0.00189947973714 
34 70 0 8 0.00187027592315 
30 57 0 8 0.00186320144252 
24 81 0 8 0.00186280436225 
35 53 0 8 0.00185971050916 
36 52 0 8 0.00185630438593 
18 54 0 8 0.00185100053881 
7 37 0 8 0.00184798876095 
32 52 0 8 0.00184217560679 
31 43 0 8 0.00182564219252 
40 83 0 8 0.00182063708361 
27 53 0 8 0.00180960081512 
59 83 0 8 0.00180487403748 
56 82 0 8 0.00180277107929 
3 31 0 8 0.00179489586558 
3 17 0 8 0.00179164264661 
20 32 0 8 0.00178387299582 
23 79 0 8 0.00176618437044 
5 37 0 8 0.0017555974558 
49 83 0 8 0.00175054727427 
5 39 0 8 0.001746218514 
3 32 0 8 0.00171748050048 
67 81 0 8 0.00168712091424 
3 48 0 8 0.00167057478246 
11 82 0 8 0.00165288971038 
2 82 0 8 0.00164814897883 
14 83 0 8 0.00157311519992 
1 15 0 8 0.00147127560433 
