22 40 0 8 0.00505524113335 
26 40 0 8 0.00497438425112 
56 69 0 8 0.00496218193611 
26 39 0 8 0.00465148263694 
22 44 0 8 0.00410248884035 
23 41 0 8 0.00407460227812 
15 55 0 8 0.00399398022769 
60 72 0 8 0.00399123997979 
22 39 0 8 0.00396134196983 
19 40 0 8 0.00390944971224 
18 51 0 8 0.00388834793973 
61 77 0 8 0.00388598690288 
15 52 0 8 0.00383639215486 
55 69 0 8 0.00377960497358 
23 40 0 8 0.00373994683696 
22 43 0 8 0.00369150188327 
18 44 0 8 0.00365065200002 
14 51 0 8 0.00364925114708 
41 70 0 8 0.00363069300276 
23 36 0 8 0.00358551241306 
18 52 0 8 0.00355416769705 
22 70 0 8 0.0035526244675 
52 69 0 8 0.00355219133455 
59 72 0 8 0.00353527922264 
18 55 0 8 0.0034908737303 
18 43 0 8 0.00349025814595 
18 47 0 8 0.00347756564948 
15 47 0 8 0.00346245579416 
18 40 0 8 0.00345060858805 
18 70 0 8 0.00339983293717 
15 44 0 8 0.00336806246122 
44 69 0 8 0.00333575496817 
16 70 0 8 0.00331215165663 
15 43 0 8 0.00328819504404 
19 44 0 8 0.00328204066625 
19 41 0 8 0.00328012496503 
23 57 0 8 0.00327895122921 
19 70 0 8 0.00327211953679 
14 54 0 8 0.00326144746365 
7 19 0 8 0.00325033629524 
14 33 0 8 0.00321805089339 
48 66 0 8 0.00320987753523 
40 70 0 8 0.00319874715468 
34 62 0 8 0.00319444229319 
41 66 0 8 0.00318757415852 
52 70 0 8 0.00316522422427 
60 73 0 8 0.00314847800286 
12 51 0 8 0.00314728914078 
29 69 0 8 0.0031286189612 
22 52 0 8 0.00310518243796 
25 40 0 8 0.00310487945918 
25 39 0 8 0.00310253242093 
1 76 0 8 0.00310069922178 
7 22 0 8 0.00309817186826 
49 66 0 8 0.00309032215226 
52 66 0 8 0.00308671434966 
15 48 0 8 0.00308388915091 
61 73 0 8 0.00308316716277 
13 54 0 8 0.00307637328453 
45 66 0 8 0.00307482271176 
15 54 0 8 0.003067932677 
20 35 0 8 0.00306358709224 
3 74 0 8 0.00304135791043 
15 51 0 8 0.0030395569782 
3 34 0 8 0.00303673956008 
22 36 0 8 0.00303363039903 
21 51 0 8 0.00303228534393 
19 43 0 8 0.00302420734406 
44 70 0 8 0.00299195750574 
41 69 0 8 0.00297611065385 
44 56 0 8 0.00297234396491 
44 66 0 8 0.00297185187513 
3 75 0 8 0.00296744072508 
1 77 0 8 0.00296513744252 
3 76 0 8 0.00294389350247 
33 64 0 8 0.0029422819694 
22 51 0 8 0.00293963387352 
18 54 0 8 0.00293602688708 
19 55 0 8 0.00293593267128 
5 19 0 8 0.00293005553661 
25 70 0 8 0.00292559135542 
37 70 0 8 0.00291925441159 
53 66 0 8 0.0029039310792 
22 35 0 8 0.0029024444246 
16 41 0 8 0.00289514814913 
2 77 0 8 0.00289481317878 
22 47 0 8 0.00288956958508 
54 71 0 8 0.00287229595004 
55 70 0 8 0.00287169120265 
36 60 0 8 0.00286407751606 
60 77 0 8 0.0028568299594 
57 70 0 8 0.00285060580152 
12 54 0 8 0.00284879015083 
25 51 0 8 0.00284657279681 
2 23 0 8 0.00283916317067 
45 63 0 8 0.00283308788634 
5 26 0 8 0.00283264340142 
41 54 0 8 0.00283157424395 
37 66 0 8 0.00281824637898 
8 40 0 8 0.00279347530962 
21 43 0 8 0.0027896186169 
7 25 0 8 0.0027884323951 
3 77 0 8 0.00278398559197 
18 48 0 8 0.00278119708945 
2 74 0 8 0.00278108665876 
41 62 0 8 0.00277429290528 
42 66 0 8 0.00276544701656 
41 67 0 8 0.00276533460181 
61 74 0 8 0.0027575613768 
38 67 0 8 0.00275692652003 
22 56 0 8 0.00275626837826 
16 36 0 8 0.00275068341976 
17 51 0 8 0.00274906463586 
22 38 0 8 0.00274781733953 
26 69 0 8 0.00274768756184 
56 70 0 8 0.00274208725297 
40 69 0 8 0.00273934944043 
64 77 0 8 0.00272843581208 
41 61 0 8 0.00271155412936 
15 49 0 8 0.002710888942 
53 70 0 8 0.00270950139474 
21 40 0 8 0.00270939591937 
22 49 0 8 0.00270753628182 
3 32 0 8 0.00270340819722 
21 44 0 8 0.00270339774249 
19 33 0 8 0.00270303290862 
61 76 0 8 0.00269368854343 
37 62 0 8 0.002692867034 
45 70 0 8 0.00269019284384 
40 56 0 8 0.00268374937953 
37 54 0 8 0.00268252600751 
53 69 0 8 0.00268216404168 
10 55 0 8 0.0026803472247 
2 16 0 8 0.00267285200175 
32 61 0 8 0.00267114134196 
60 75 0 8 0.0026704457445 
20 41 0 8 0.00266603624739 
58 71 0 8 0.00266334970041 
17 54 0 8 0.00266033564936 
4 18 0 8 0.00265741433991 
1 74 0 8 0.00265228953461 
37 61 0 8 0.00264936063266 
8 37 0 8 0.00264762647063 
45 64 0 8 0.00264327952187 
45 65 0 8 0.00264165183557 
5 22 0 8 0.00263881722471 
41 56 0 8 0.00263636738206 
12 57 0 8 0.00263221053033 
21 34 0 8 0.00263140457236 
36 57 0 8 0.00262685390467 
26 56 0 8 0.00261965564123 
26 70 0 8 0.00261604249491 
17 70 0 8 0.00261431311579 
12 45 0 8 0.00260793427098 
12 37 0 8 0.00260771032441 
37 67 0 8 0.00260105950763 
23 70 0 8 0.00260097025856 
5 18 0 8 0.0025919892171 
16 37 0 8 0.00258853213309 
14 50 0 8 0.00257391614669 
40 67 0 8 0.00257287303689 
12 58 0 8 0.00256666270452 
57 71 0 8 0.00256644087968 
14 57 0 8 0.00256230100999 
33 61 0 8 0.00256178348571 
44 67 0 8 0.00256155912081 
33 58 0 8 0.00255796776675 
2 17 0 8 0.00255668698286 
24 39 0 8 0.00255526964019 
17 67 0 8 0.00255349081371 
45 61 0 8 0.0025532339265 
23 62 0 8 0.00255240976552 
45 67 0 8 0.00255011305807 
22 48 0 8 0.00254991021305 
58 72 0 8 0.00254736970479 
26 44 0 8 0.00253671324863 
22 55 0 8 0.00253373259873 
49 65 0 8 0.00253299866049 
2 18 0 8 0.00253202508077 
5 44 0 8 0.00253072640793 
20 34 0 8 0.00252697309351 
25 41 0 8 0.00252633629518 
40 57 0 8 0.00251851774637 
26 43 0 8 0.0025117921978 
23 56 0 8 0.00251156329407 
42 60 0 8 0.00251065902372 
5 40 0 8 0.00250911883525 
22 69 0 8 0.00250241896289 
35 59 0 8 0.00250075763399 
19 48 0 8 0.00250043676995 
25 66 0 8 0.00249793230073 
21 36 0 8 0.00249336285133 
18 46 0 8 0.00249105992171 
57 76 0 8 0.00248330021139 
18 69 0 8 0.00248216659668 
19 38 0 8 0.00247817182768 
5 23 0 8 0.00247511438855 
13 27 0 8 0.00247419838269 
8 28 0 8 0.00247321164459 
17 75 0 8 0.00247285639545 
17 37 0 8 0.00247232660035 
38 66 0 8 0.00246993513098 
23 35 0 8 0.0024695571953 
60 76 0 8 0.00246637290228 
38 70 0 8 0.00246485602595 
45 62 0 8 0.00246430653638 
23 37 0 8 0.00246154929221 
23 46 0 8 0.00246114582084 
34 59 0 8 0.00245845077265 
14 37 0 8 0.00245579125975 
9 52 0 8 0.00245241406767 
18 39 0 8 0.00244949543764 
5 57 0 8 0.00244780032544 
25 59 0 8 0.00244584083269 
47 66 0 8 0.00244386685347 
16 54 0 8 0.00244104211592 
40 52 0 8 0.00244007579792 
4 25 0 8 0.00243939546404 
18 38 0 8 0.00243868068086 
41 58 0 8 0.0024383190157 
23 48 0 8 0.00243567034884 
42 65 0 8 0.00243200485426 
19 56 0 8 0.00243145744837 
32 60 0 8 0.00243131378561 
13 53 0 8 0.00242565677311 
9 47 0 8 0.00242359289396 
16 34 0 8 0.00242342174786 
24 38 0 8 0.00241887897729 
51 65 0 8 0.00241498209199 
37 69 0 8 0.00240753170239 
15 58 0 8 0.00240367225414 
24 46 0 8 0.00239659976805 
12 49 0 8 0.00239605622343 
13 57 0 8 0.00239331887876 
17 68 0 8 0.0023904996707 
8 29 0 8 0.00238450878373 
16 71 0 8 0.00238355347868 
34 67 0 8 0.00237899770088 
21 35 0 8 0.00237856902665 
14 75 0 8 0.00236816710595 
2 15 0 8 0.00236296467777 
12 55 0 8 0.00236214580854 
17 55 0 8 0.00235987179701 
41 71 0 8 0.00235984312289 
53 67 0 8 0.00235828548686 
12 33 0 8 0.00235816948709 
39 67 0 8 0.00235592463844 
57 75 0 8 0.00235329211128 
34 64 0 8 0.00235239806948 
16 45 0 8 0.00234814723932 
2 22 0 8 0.00234696204582 
9 43 0 8 0.00234528876944 
63 76 0 8 0.0023446454968 
8 32 0 8 0.00234192207865 
20 36 0 8 0.0023406847325 
11 33 0 8 0.00233895825009 
32 64 0 8 0.00233401955185 
14 34 0 8 0.00232099613072 
2 14 0 8 0.0023175079977 
14 58 0 8 0.00231547461796 
45 71 0 8 0.00231539579194 
31 61 0 8 0.00231485977041 
23 61 0 8 0.00231450565625 
16 38 0 8 0.00231389738298 
25 37 0 8 0.00230661841622 
10 52 0 8 0.00230383822332 
15 69 0 8 0.00230228113254 
20 68 0 8 0.00229061363644 
51 64 0 8 0.00229042658759 
52 67 0 8 0.00228805385105 
2 20 0 8 0.00228657236211 
21 49 0 8 0.0022849380611 
42 57 0 8 0.00228287568837 
49 63 0 8 0.00227691881355 
26 47 0 8 0.00227613820015 
26 55 0 8 0.00227555310862 
5 24 0 8 0.00227232070929 
63 77 0 8 0.00226583033188 
3 16 0 8 0.0022655758007 
8 50 0 8 0.00226172986319 
8 20 0 8 0.00226160087803 
42 71 0 8 0.00225948695182 
49 68 0 8 0.00225656950874 
27 40 0 8 0.00225571387604 
4 32 0 8 0.00225333770234 
24 43 0 8 0.00225289671684 
42 56 0 8 0.00225246798413 
49 62 0 8 0.00225053749092 
8 57 0 8 0.0022504444654 
1 15 0 8 0.0022489335752 
10 58 0 8 0.00224805487257 
28 56 0 8 0.00224545745935 
56 68 0 8 0.00224313283903 
26 38 0 8 0.00223747136505 
8 27 0 8 0.00223515295877 
65 77 0 8 0.00223043312895 
10 39 0 8 0.00222879980924 
47 65 0 8 0.00222503639029 
11 50 0 8 0.00222237390633 
43 56 0 8 0.0022210067094 
14 32 0 8 0.00221588743922 
37 68 0 8 0.00221557468794 
20 55 0 8 0.00221465928815 
53 74 0 8 0.00219849036513 
35 56 0 8 0.00219574075431 
16 32 0 8 0.00219409936709 
23 65 0 8 0.00219116877306 
8 47 0 8 0.00219087381365 
12 24 0 8 0.00218875864898 
28 46 0 8 0.00218816789924 
39 69 0 8 0.0021870110759 
4 16 0 8 0.00218429549956 
6 44 0 8 0.00218396630076 
47 68 0 8 0.0021837026444 
9 21 0 8 0.0021815255041 
20 52 0 8 0.00218072030054 
54 76 0 8 0.00217797357048 
26 52 0 8 0.00217346924973 
11 24 0 8 0.00217053158672 
24 61 0 8 0.00216764458164 
25 58 0 8 0.0021657567974 
8 72 0 8 0.00216274992704 
58 77 0 8 0.00215639538369 
25 71 0 8 0.00214430467025 
8 35 0 8 0.00214202590733 
11 39 0 8 0.00214180076791 
14 73 0 8 0.00214154649448 
10 49 0 8 0.00214142810409 
10 57 0 8 0.00214120894952 
34 55 0 8 0.00213832192782 
34 50 0 8 0.00213496080843 
25 54 0 8 0.00213227696777 
54 66 0 8 0.00212962104181 
36 55 0 8 0.00212924122807 
12 27 0 8 0.00212787112437 
32 54 0 8 0.0021277264673 
34 53 0 8 0.00212656300368 
30 60 0 8 0.00211979379723 
43 66 0 8 0.00211927841223 
27 44 0 8 0.00211396525085 
6 39 0 8 0.00209913953152 
24 53 0 8 0.00209294274328 
51 77 0 8 0.00208829341197 
50 75 0 8 0.00208756020398 
7 72 0 8 0.00208713556775 
29 67 0 8 0.00208476531252 
12 25 0 8 0.00207908574688 
27 41 0 8 0.00207451096415 
10 41 0 8 0.00206831621263 
5 38 0 8 0.00206675324446 
35 67 0 8 0.00206623231167 
5 43 0 8 0.00205824652966 
27 54 0 8 0.00205754809075 
12 59 0 8 0.00205650877514 
21 60 0 8 0.00205333127437 
36 50 0 8 0.00203897850735 
7 70 0 8 0.00203687161449 
2 25 0 8 0.00203194929475 
48 73 0 8 0.00202741524145 
27 50 0 8 0.0020104943162 
28 40 0 8 0.00199192763004 
27 45 0 8 0.00199073873453 
31 56 0 8 0.00197736054675 
11 23 0 8 0.00197625428365 
1 13 0 8 0.00197526725377 
3 41 0 8 0.00196910738991 
11 70 0 8 0.0019636616816 
33 50 0 8 0.00195934068783 
63 75 0 8 0.00195720225257 
12 29 0 8 0.00195424389471 
12 72 0 8 0.00193860199718 
7 58 0 8 0.00192849474624 
1 36 0 8 0.00192395751176 
41 77 0 8 0.00191294721167 
37 77 0 8 0.00189253027148 
29 42 0 8 0.00188285308955 
5 56 0 8 0.00182863883363 
2 44 0 8 0.00181665213248 
36 76 0 8 0.0017783649158 
9 65 0 8 0.00174750852742 
7 63 0 8 0.00170090815906 
39 51 0 8 0.00167694986341 
31 72 0 8 0.00165079273081 
42 76 0 8 0.00160767826373 
2 60 0 8 0.00158235643497 
