5 29 0 8 0.00428854417421 
31 70 0 8 0.00387215167045 
25 90 0 8 0.00369563413078 
53 71 0 8 0.00368010273483 
14 60 0 8 0.00366409562004 
88 114 0 8 0.00323767608785 
6 35 0 8 0.00319943299431 
4 31 0 8 0.00318673786328 
10 37 0 8 0.00313057790927 
19 63 0 8 0.00299457867582 
12 51 0 8 0.00294024323129 
22 34 0 8 0.00287424581798 
23 65 0 8 0.00285717816416 
13 52 0 8 0.0028410575279 
7 21 0 8 0.00281285317827 
9 35 0 8 0.0026863958952 
29 90 0 8 0.00268141662678 
23 63 0 8 0.00267823123436 
7 22 0 8 0.00267620006326 
5 88 0 8 0.002668097619 
28 90 0 8 0.00265731617509 
5 90 0 8 0.00264589688508 
5 25 0 8 0.00262276435428 
8 35 0 8 0.00261843101569 
29 88 0 8 0.00260495826206 
88 112 0 8 0.00259920156324 
7 25 0 8 0.00259829312677 
3 30 0 8 0.00259675013959 
26 67 0 8 0.00258144714911 
78 105 0 8 0.00256687007676 
89 115 0 8 0.00254161262558 
28 88 0 8 0.00249470831293 
57 69 0 8 0.00246900389769 
19 59 0 8 0.0024562265636 
2 31 0 8 0.00243874265639 
4 33 0 8 0.00241055813064 
3 87 0 8 0.00240187021066 
7 34 0 8 0.00240152598769 
14 59 0 8 0.00240147451041 
5 32 0 8 0.00238894748252 
23 66 0 8 0.00237658009653 
34 66 0 8 0.00236910705543 
31 68 0 8 0.00236786348825 
9 36 0 8 0.0023635203802 
34 69 0 8 0.00235811496458 
10 42 0 8 0.00235603859495 
13 51 0 8 0.00231806607019 
72 84 0 8 0.00229726053789 
5 30 0 8 0.00229618259578 
7 33 0 8 0.00228796815 
19 62 0 8 0.00228308033927 
22 60 0 8 0.00227026694014 
6 86 0 8 0.00224749149948 
20 118 0 8 0.00224575377159 
12 49 0 8 0.00224199214641 
24 116 0 8 0.00223009116906 
5 33 0 8 0.00222876880054 
11 36 0 8 0.00222795951144 
6 34 0 8 0.00221635788991 
5 28 0 8 0.00221312273162 
22 63 0 8 0.00221150597851 
26 68 0 8 0.0022053052095 
36 60 0 8 0.00219712079486 
21 90 0 8 0.00218613104019 
12 50 0 8 0.00218609815197 
13 55 0 8 0.00217082186185 
88 116 0 8 0.00216086170107 
34 60 0 8 0.00215875700527 
7 35 0 8 0.00215417166631 
16 59 0 8 0.00215298674604 
6 33 0 8 0.0021348418919 
10 39 0 8 0.00208787004738 
19 60 0 8 0.00208368416871 
36 57 0 8 0.00207995814701 
37 73 0 8 0.00207978461542 
57 71 0 8 0.00207493742391 
38 53 0 8 0.00207042677527 
93 115 0 8 0.00207009313855 
82 109 0 8 0.00206843313477 
8 89 0 8 0.00206722075259 
8 91 0 8 0.0020618213972 
8 37 0 8 0.002061081029 
8 36 0 8 0.00205810047705 
8 34 0 8 0.00205443325539 
93 118 0 8 0.00204863520112 
93 119 0 8 0.00204840941151 
30 88 0 8 0.0020432644357 
13 59 0 8 0.00204223695598 
19 65 0 8 0.0020399362358 
37 74 0 8 0.00203894226046 
9 37 0 8 0.0020379068591 
5 31 0 8 0.00203630442138 
89 106 0 8 0.0020334356729 
90 114 0 8 0.00203271123404 
35 69 0 8 0.00202905126414 
89 102 0 8 0.0020218468545 
7 32 0 8 0.00201540440737 
93 117 0 8 0.00201263456711 
16 55 0 8 0.00200998645317 
10 38 0 8 0.00200795101369 
20 119 0 8 0.00200723348894 
3 31 0 8 0.00200410845873 
70 84 0 8 0.0019999900331 
89 111 0 8 0.00199811362664 
10 36 0 8 0.00199676564746 
72 91 0 8 0.00199674456512 
89 113 0 8 0.00199506251691 
7 91 0 8 0.0019933166923 
34 72 0 8 0.00199329359933 
31 67 0 8 0.00198607986063 
78 109 0 8 0.00198591083228 
6 89 0 8 0.00198358951585 
67 87 0 8 0.00198012060764 
7 90 0 8 0.00197655097781 
33 72 0 8 0.00197648531079 
24 90 0 8 0.00197208398691 
26 66 0 8 0.00196914949752 
87 112 0 8 0.00196678585182 
33 66 0 8 0.00196592321969 
91 115 0 8 0.00196121907593 
11 37 0 8 0.00195924487254 
99 117 0 8 0.00195721424528 
87 114 0 8 0.00195710753814 
81 113 0 8 0.00195341750678 
33 70 0 8 0.00195070555551 
82 105 0 8 0.00193741195874 
6 81 0 8 0.00193700696542 
34 63 0 8 0.00193515984495 
14 63 0 8 0.00193440543363 
82 111 0 8 0.00193383900707 
10 49 0 8 0.00193313294731 
33 67 0 8 0.0019284598435 
22 66 0 8 0.00190673878116 
28 114 0 8 0.00190274318998 
11 35 0 8 0.00189954323971 
36 50 0 8 0.00189917449724 
39 53 0 8 0.00189378594468 
88 113 0 8 0.00189190555143 
78 106 0 8 0.00189183802536 
32 66 0 8 0.00188766470789 
90 116 0 8 0.00186886277405 
37 49 0 8 0.0018528370297 
35 66 0 8 0.00184967006523 
26 63 0 8 0.00183810617536 
88 115 0 8 0.00183276015928 
24 118 0 8 0.0018267136417 
38 73 0 8 0.00182395959441 
68 88 0 8 0.00182212642498 
99 115 0 8 0.00181612447785 
33 69 0 8 0.00181520862931 
93 116 0 8 0.00181154716756 
22 59 0 8 0.00180790207961 
44 99 0 8 0.00180729584876 
7 89 0 8 0.00180499907626 
78 108 0 8 0.00180192384122 
12 36 0 8 0.00180043742918 
10 51 0 8 0.00179664985344 
36 69 0 8 0.00179570953213 
77 89 0 8 0.00179568505544 
4 86 0 8 0.00178961265992 
2 30 0 8 0.00178800522021 
37 53 0 8 0.00178792134236 
85 114 0 8 0.00178186089038 
54 71 0 8 0.00177708093281 
34 70 0 8 0.00177180656394 
12 37 0 8 0.00177161688157 
33 68 0 8 0.00177090789983 
12 48 0 8 0.00177036380137 
38 71 0 8 0.00176870802943 
10 50 0 8 0.00176804197495 
8 95 0 8 0.00176746281761 
13 56 0 8 0.00176711203383 
86 113 0 8 0.00176044227082 
91 103 0 8 0.00175961631648 
81 106 0 8 0.00175949256204 
87 113 0 8 0.00175934113084 
3 88 0 8 0.001758857832 
12 56 0 8 0.00175715538551 
36 73 0 8 0.00175569083838 
68 86 0 8 0.00175548697518 
23 62 0 8 0.00175464618583 
34 115 0 8 0.0017520276752 
36 53 0 8 0.00175200674522 
48 98 0 8 0.00174851269312 
32 68 0 8 0.00174762512336 
92 117 0 8 0.00174731908168 
24 114 0 8 0.00174256548393 
10 35 0 8 0.00174181842841 
81 105 0 8 0.00173872812901 
69 88 0 8 0.00173710110832 
85 113 0 8 0.00173700242041 
25 91 0 8 0.00172870998533 
4 32 0 8 0.00172701666843 
7 37 0 8 0.00172554722275 
34 71 0 8 0.00172550253402 
28 116 0 8 0.00172141428527 
30 67 0 8 0.00172111271194 
78 102 0 8 0.00171943686746 
67 88 0 8 0.00171938156813 
70 89 0 8 0.00171865219158 
31 89 0 8 0.00171754401553 
26 65 0 8 0.00171630641068 
81 102 0 8 0.00171597158154 
16 62 0 8 0.00171486415628 
7 26 0 8 0.00171305954882 
1 30 0 8 0.00171264975601 
82 112 0 8 0.00171137623891 
68 87 0 8 0.00170818948951 
86 111 0 8 0.00170755954791 
70 86 0 8 0.00170661779918 
69 84 0 8 0.00170526759808 
35 72 0 8 0.00170461268627 
10 56 0 8 0.00170170946183 
81 109 0 8 0.00169785127098 
85 111 0 8 0.00169760217848 
12 35 0 8 0.00169598761357 
103 117 0 8 0.00169398397405 
15 47 0 8 0.00168514726499 
41 77 0 8 0.00168336509076 
4 30 0 8 0.00168224045812 
53 73 0 8 0.00168139568996 
14 34 0 8 0.00168120069546 
91 113 0 8 0.00167951452262 
97 117 0 8 0.0016760161604 
7 116 0 8 0.00167112964426 
35 49 0 8 0.00166916940045 
88 111 0 8 0.00166790429689 
91 117 0 8 0.00166775293716 
90 115 0 8 0.0016651981426 
57 73 0 8 0.00166367620142 
5 87 0 8 0.00166348226638 
35 74 0 8 0.00166330523472 
4 87 0 8 0.0016627861519 
29 87 0 8 0.00166268859816 
54 73 0 8 0.00166148018289 
11 38 0 8 0.00165907507766 
39 56 0 8 0.00165776761026 
6 32 0 8 0.00165554658803 
11 56 0 8 0.0016516997196 
3 29 0 8 0.00165033396302 
102 115 0 8 0.00165003432361 
13 60 0 8 0.00164829651949 
21 116 0 8 0.00164709569147 
20 58 0 8 0.00164701569867 
37 50 0 8 0.00164665731708 
70 83 0 8 0.00164555207517 
21 94 0 8 0.00164392302799 
26 90 0 8 0.00164263484984 
85 112 0 8 0.00164259792159 
19 64 0 8 0.00164085135885 
9 34 0 8 0.00163921699077 
32 70 0 8 0.0016376742287 
35 71 0 8 0.00163277116405 
81 115 0 8 0.00163031731055 
44 75 0 8 0.00162642617123 
36 49 0 8 0.00162175676826 
22 65 0 8 0.00162079068357 
36 56 0 8 0.00161999988017 
69 86 0 8 0.00161714228103 
36 70 0 8 0.00161341946374 
10 91 0 8 0.00161336725068 
35 73 0 8 0.00161107684843 
18 34 0 8 0.00160810883758 
9 21 0 8 0.0016072136559 
78 110 0 8 0.00160525796336 
81 111 0 8 0.00160252987142 
12 38 0 8 0.001602312367 
32 67 0 8 0.00160156125737 
20 121 0 8 0.00160122960121 
24 119 0 8 0.00159933927249 
35 51 0 8 0.00159536292378 
10 43 0 8 0.00159428810307 
13 36 0 8 0.00159405838675 
37 72 0 8 0.00159384657914 
38 72 0 8 0.00159313413659 
14 49 0 8 0.00159252233325 
10 41 0 8 0.00159100146576 
6 92 0 8 0.00158660952646 
82 110 0 8 0.00158618362103 
21 92 0 8 0.00158326390638 
6 91 0 8 0.00158028944692 
34 50 0 8 0.00157850522363 
13 50 0 8 0.00157451545579 
89 116 0 8 0.00157289185053 
87 111 0 8 0.00157252534182 
8 51 0 8 0.00157179383394 
32 90 0 8 0.00157106850127 
49 98 0 8 0.0015707813912 
69 90 0 8 0.00156769350584 
30 68 0 8 0.00156455186594 
6 84 0 8 0.00155726092944 
68 84 0 8 0.00155625147787 
103 115 0 8 0.00155538727655 
14 51 0 8 0.00155394130275 
15 63 0 8 0.00155390615389 
8 21 0 8 0.0015498717985 
38 74 0 8 0.00154951615838 
91 106 0 8 0.00154822945024 
9 33 0 8 0.00154756658319 
24 117 0 8 0.00154585167199 
70 90 0 8 0.00154432063353 
16 51 0 8 0.00154325038308 
71 91 0 8 0.00153932970366 
26 60 0 8 0.00153714127082 
4 85 0 8 0.00153510918755 
1 31 0 8 0.00153286169373 
102 122 0 8 0.00153002420419 
83 110 0 8 0.00152991705512 
102 117 0 8 0.00152934331797 
9 51 0 8 0.00152887605581 
96 117 0 8 0.0015281825392 
33 65 0 8 0.00152689929354 
85 109 0 8 0.0015267513269 
15 66 0 8 0.00152625337908 
7 93 0 8 0.00152611483169 
98 117 0 8 0.00152335727698 
36 66 0 8 0.0015216046751 
15 49 0 8 0.00152153797657 
9 90 0 8 0.00151861718314 
27 66 0 8 0.00151746138802 
39 52 0 8 0.00151743755634 
87 115 0 8 0.00151729443745 
21 91 0 8 0.00151690280878 
45 75 0 8 0.0015166321418 
63 90 0 8 0.00151620753131 
34 51 0 8 0.00151456251491 
36 74 0 8 0.0015142044063 
10 94 0 8 0.00151325713674 
7 50 0 8 0.00150906534175 
100 117 0 8 0.00150766494504 
22 67 0 8 0.0015075683564 
6 90 0 8 0.00150467109721 
10 40 0 8 0.00150377339819 
68 89 0 8 0.00150348435427 
87 116 0 8 0.00150325799512 
15 50 0 8 0.00150251141787 
69 89 0 8 0.00150099877629 
14 62 0 8 0.00150086330434 
95 117 0 8 0.00150048368041 
38 75 0 8 0.00150040117274 
41 74 0 8 0.00150021196831 
68 83 0 8 0.00149918501487 
52 71 0 8 0.00149905112691 
36 71 0 8 0.00149888198213 
91 116 0 8 0.00149886833645 
92 116 0 8 0.00149609983495 
94 117 0 8 0.00149537679154 
11 34 0 8 0.00149453948933 
6 37 0 8 0.00149372925327 
5 22 0 8 0.00149358402554 
16 121 0 8 0.00149300537147 
77 91 0 8 0.00149288781088 
49 74 0 8 0.00149137883098 
5 36 0 8 0.00149121080931 
101 121 0 8 0.00149007513576 
48 72 0 8 0.0014895432707 
9 91 0 8 0.00148909490143 
35 70 0 8 0.00148499816062 
9 42 0 8 0.00148374654741 
101 122 0 8 0.00148311467816 
14 36 0 8 0.00148276124294 
84 114 0 8 0.00148223536205 
10 93 0 8 0.00148104707281 
97 115 0 8 0.00148094521522 
95 113 0 8 0.00148094506142 
36 63 0 8 0.00148074721845 
7 94 0 8 0.00147887877422 
33 84 0 8 0.00147878898857 
27 65 0 8 0.00147514821817 
8 94 0 8 0.00147233487429 
89 112 0 8 0.00146876647734 
43 97 0 8 0.00146863104982 
38 60 0 8 0.00146812942311 
35 48 0 8 0.00146787174814 
77 105 0 8 0.00146628823504 
9 92 0 8 0.00146544739106 
11 42 0 8 0.00146452038472 
63 87 0 8 0.00146366811431 
21 89 0 8 0.00146302869691 
48 73 0 8 0.00145933002715 
49 73 0 8 0.00145880740969 
54 79 0 8 0.00145288884435 
79 105 0 8 0.00145081076951 
40 53 0 8 0.0014486110908 
22 56 0 8 0.00144834154276 
35 50 0 8 0.00144816661158 
12 42 0 8 0.0014481113613 
70 91 0 8 0.0014457192179 
27 62 0 8 0.00144454189598 
83 109 0 8 0.00143950602192 
90 117 0 8 0.00143756063115 
94 118 0 8 0.00143715774659 
40 73 0 8 0.00143700707501 
71 89 0 8 0.00143699231056 
56 93 0 8 0.00143426852264 
35 56 0 8 0.00143408361705 
16 52 0 8 0.00143269634351 
75 108 0 8 0.00143092860404 
101 120 0 8 0.00142803903054 
23 61 0 8 0.00142594292526 
10 95 0 8 0.0014253832972 
78 101 0 8 0.00142499482152 
19 55 0 8 0.00142477550785 
8 76 0 8 0.00142410636124 
15 68 0 8 0.00142131277439 
35 77 0 8 0.00141976547432 
30 62 0 8 0.00141452348147 
95 118 0 8 0.00141432627983 
33 86 0 8 0.00141419876213 
78 111 0 8 0.00141359336967 
90 118 0 8 0.0014128205672 
24 96 0 8 0.00140989073162 
106 122 0 8 0.00140830812502 
87 109 0 8 0.0014042681394 
24 120 0 8 0.0014012208162 
38 50 0 8 0.00139739632594 
99 114 0 8 0.00139543885376 
82 114 0 8 0.00139451308717 
32 116 0 8 0.00139011880173 
3 85 0 8 0.00138995942676 
41 99 0 8 0.00138993908387 
12 60 0 8 0.00138717724726 
8 75 0 8 0.00138520087893 
66 87 0 8 0.00138512753763 
39 97 0 8 0.0013851113581 
33 60 0 8 0.0013845624705 
86 106 0 8 0.00138163927517 
13 34 0 8 0.0013812516066 
71 92 0 8 0.00137795335733 
91 111 0 8 0.00137748310961 
38 57 0 8 0.00137670716545 
93 113 0 8 0.00137631757073 
64 86 0 8 0.00137189831492 
33 50 0 8 0.00136805563485 
55 93 0 8 0.00136531383173 
39 51 0 8 0.00136287920813 
8 46 0 8 0.00136237808214 
38 51 0 8 0.00136177777822 
76 109 0 8 0.00136086110807 
46 76 0 8 0.00135788882397 
36 61 0 8 0.00135405386475 
8 43 0 8 0.00135355470504 
32 117 0 8 0.00135326409897 
47 74 0 8 0.00135238051001 
17 50 0 8 0.00135118938011 
97 113 0 8 0.00135074490613 
77 96 0 8 0.00134806122996 
88 102 0 8 0.00134772918008 
10 45 0 8 0.00134686199332 
67 82 0 8 0.00134655137928 
87 108 0 8 0.0013460295876 
25 95 0 8 0.00134547549779 
15 37 0 8 0.00134513043917 
76 106 0 8 0.00134479179747 
14 70 0 8 0.00134437871863 
32 86 0 8 0.00134414086222 
22 69 0 8 0.0013419724142 
102 121 0 8 0.00134136513213 
20 96 0 8 0.00133867109122 
93 120 0 8 0.00133665597998 
64 84 0 8 0.00133545047114 
43 94 0 8 0.0013317064628 
96 121 0 8 0.00133158729975 
13 41 0 8 0.00133146785672 
46 97 0 8 0.00132944696023 
46 78 0 8 0.00132891349903 
89 103 0 8 0.00132673750928 
103 122 0 8 0.00132485199948 
32 56 0 8 0.001324580263 
18 94 0 8 0.00132381471774 
13 43 0 8 0.00132275425853 
77 97 0 8 0.0013216042258 
15 70 0 8 0.0013143463411 
82 101 0 8 0.00131414251057 
2 68 0 8 0.00131336818598 
43 56 0 8 0.00131298643699 
44 78 0 8 0.00130621106542 
32 52 0 8 0.00130460196053 
34 48 0 8 0.0013033230399 
68 116 0 8 0.00129822230113 
13 71 0 8 0.00129740483739 
85 116 0 8 0.00129722875551 
98 113 0 8 0.00129577570071 
6 115 0 8 0.00129544891283 
76 102 0 8 0.00129414588446 
87 117 0 8 0.00129345074597 
33 51 0 8 0.001289355529 
95 121 0 8 0.00128855976776 
57 83 0 8 0.00128835163743 
14 40 0 8 0.00128727248554 
8 74 0 8 0.00128432258471 
69 81 0 8 0.00128228314585 
77 92 0 8 0.00128116299938 
41 79 0 8 0.00127748678339 
75 103 0 8 0.00127702064121 
42 56 0 8 0.00127619200327 
77 95 0 8 0.0012745867653 
35 80 0 8 0.0012730409172 
54 83 0 8 0.00126943916142 
8 81 0 8 0.0012677890991 
97 122 0 8 0.00126727791282 
40 95 0 8 0.00126640726495 
6 51 0 8 0.0012651628353 
2 83 0 8 0.00126455908383 
75 104 0 8 0.00126237376035 
1 27 0 8 0.00125773470058 
17 35 0 8 0.00125653725938 
93 121 0 8 0.00125594272783 
95 109 0 8 0.00125188599388 
62 120 0 8 0.00125177322492 
12 94 0 8 0.00125081861262 
79 98 0 8 0.00124778285732 
29 96 0 8 0.0012477138966 
31 61 0 8 0.00124482931218 
10 73 0 8 0.00124267200533 
65 122 0 8 0.00123914638769 
15 40 0 8 0.00123736532384 
40 76 0 8 0.00123149148948 
17 92 0 8 0.00123075174759 
98 122 0 8 0.00122956681014 
13 32 0 8 0.00122709654534 
61 100 0 8 0.00122536256425 
42 72 0 8 0.00122272464542 
59 90 0 8 0.00122181076176 
86 102 0 8 0.00122103732518 
10 96 0 8 0.00122021850098 
1 85 0 8 0.00121979565017 
56 116 0 8 0.00121777367859 
35 81 0 8 0.00121530722344 
1 68 0 8 0.00121505060731 
78 97 0 8 0.00121082236868 
12 119 0 8 0.00120958937597 
104 122 0 8 0.00120693458436 
44 104 0 8 0.0012048691259 
7 56 0 8 0.00120413271531 
36 115 0 8 0.00120080528283 
56 95 0 8 0.00119994992186 
72 114 0 8 0.00119966936204 
43 81 0 8 0.00119345617651 
91 121 0 8 0.00119135768774 
50 95 0 8 0.00119048455901 
5 50 0 8 0.00118646690435 
25 56 0 8 0.00118618833959 
42 120 0 8 0.00118299486786 
28 95 0 8 0.00117963114318 
21 50 0 8 0.0011762145749 
13 102 0 8 0.00117324141477 
74 107 0 8 0.00117321807525 
21 49 0 8 0.00116490845676 
2 82 0 8 0.001163016064 
107 121 0 8 0.00116235118532 
30 45 0 8 0.00115994853364 
12 72 0 8 0.00115844164475 
52 115 0 8 0.00115832045857 
45 118 0 8 0.00115662789384 
57 121 0 8 0.00115571452595 
72 111 0 8 0.001155510374 
42 115 0 8 0.0011523208981 
70 109 0 8 0.00114868449561 
27 112 0 8 0.00114794271906 
47 85 0 8 0.00114496258608 
77 116 0 8 0.00114248527251 
49 80 0 8 0.00114166533752 
81 94 0 8 0.00113407323367 
79 115 0 8 0.00113329341958 
13 77 0 8 0.00113200156804 
59 94 0 8 0.00113186067524 
18 71 0 8 0.00112982751883 
69 108 0 8 0.00112592025844 
8 121 0 8 0.0011257459524 
25 53 0 8 0.00112532259854 
52 105 0 8 0.00112409616186 
63 82 0 8 0.00112365091861 
35 91 0 8 0.00112346109328 
96 108 0 8 0.00112211886832 
2 54 0 8 0.00112202150122 
35 95 0 8 0.00112108727454 
76 88 0 8 0.00111968261865 
26 108 0 8 0.00111924726632 
55 85 0 8 0.00111634400843 
50 88 0 8 0.00111397447425 
1 58 0 8 0.0011120031234 
2 97 0 8 0.00110826406939 
10 80 0 8 0.00110692059095 
47 59 0 8 0.0011069147049 
13 86 0 8 0.0011023224609 
22 39 0 8 0.00109476470303 
32 81 0 8 0.00108872064479 
46 106 0 8 0.00108716191402 
61 75 0 8 0.00108511441176 
97 109 0 8 0.00108496753549 
67 80 0 8 0.00108259155095 
2 57 0 8 0.00107325091193 
32 44 0 8 0.00106591499396 
15 102 0 8 0.00106261745149 
8 102 0 8 0.00105735651779 
62 104 0 8 0.00104777373282 
40 106 0 8 0.00104644956417 
88 101 0 8 0.00103518155749 
109 121 0 8 0.00102812113653 
1 99 0 8 0.00102227339262 
67 121 0 8 0.000997133794144 
27 104 0 8 0.000980688882936 
1 114 0 8 0.000975710429241 
45 61 0 8 0.000968160240774 
48 64 0 8 0.000954739173313 
23 50 0 8 0.000945022986788 
15 111 0 8 0.000944808411991 
60 106 0 8 0.000838755384023 
76 121 0 8 0.000836449347732 
