35 52 0 8 0.00540011873902 
35 61 0 8 0.00509227566573 
35 50 0 8 0.00473663569944 
54 70 0 8 0.00465618556043 
31 52 0 8 0.00436648886215 
31 65 0 8 0.00423286539813 
11 24 0 8 0.00421797606764 
52 65 0 8 0.00421167869911 
11 25 0 8 0.0041907477994 
10 24 0 8 0.00414522778937 
27 66 0 8 0.00403347268346 
9 27 0 8 0.00387806985782 
11 23 0 8 0.00377933852784 
31 70 0 8 0.00374689721438 
9 26 0 8 0.00374017347788 
23 41 0 8 0.00373832451082 
10 23 0 8 0.00368311924954 
8 27 0 8 0.00366385664948 
23 38 0 8 0.0035951509728 
9 25 0 8 0.00356034064042 
25 65 0 8 0.00352809261891 
23 37 0 8 0.00346812450163 
8 25 0 8 0.00345544357161 
31 68 0 8 0.0034171430072 
10 25 0 8 0.00338068329661 
8 26 0 8 0.00336423621919 
25 37 0 8 0.00336020353083 
31 64 0 8 0.0033491055716 
15 49 0 8 0.00334151275464 
55 69 0 8 0.0033329314975 
10 22 0 8 0.00329826740883 
38 50 0 8 0.00329414179643 
12 51 0 8 0.00328555169716 
31 61 0 8 0.0032851625565 
12 52 0 8 0.00327340092876 
38 52 0 8 0.00322794374035 
9 24 0 8 0.00321479986101 
13 25 0 8 0.0032020351363 
12 24 0 8 0.00319256619295 
31 50 0 8 0.00316897365547 
29 65 0 8 0.00315606332962 
15 47 0 8 0.00314125696627 
7 27 0 8 0.00313410231732 
32 62 0 8 0.00312936596383 
48 67 0 8 0.00311745433837 
21 42 0 8 0.00311677462605 
15 45 0 8 0.0031144262164 
55 71 0 8 0.00310445458755 
11 53 0 8 0.00308586552923 
55 74 0 8 0.00307493087867 
23 51 0 8 0.00306113744011 
54 68 0 8 0.00305133542331 
30 65 0 8 0.00304990456331 
23 50 0 8 0.00304859212592 
32 61 0 8 0.00304582130435 
15 42 0 8 0.00302311344134 
11 52 0 8 0.00301968701688 
15 48 0 8 0.00301421051814 
12 50 0 8 0.00301339518635 
54 74 0 8 0.00301299260899 
11 27 0 8 0.0029941436045 
30 64 0 8 0.00297748387411 
21 41 0 8 0.00297285700576 
30 66 0 8 0.00295151398144 
32 64 0 8 0.0029445445239 
13 50 0 8 0.00292168205088 
31 59 0 8 0.00290476457053 
52 70 0 8 0.0028993974732 
10 52 0 8 0.00289225793034 
28 66 0 8 0.00288215905458 
52 64 0 8 0.00286681124731 
27 65 0 8 0.00285976454225 
13 54 0 8 0.00285297221224 
50 78 0 8 0.00285066330866 
29 41 0 8 0.00283995894626 
10 53 0 8 0.00283481212695 
8 24 0 8 0.00281673296705 
31 54 0 8 0.00281480333016 
54 76 0 8 0.0027762595944 
10 26 0 8 0.00277266865679 
14 51 0 8 0.00277000463266 
11 51 0 8 0.00276788495453 
10 27 0 8 0.00276600068497 
34 52 0 8 0.0027579669718 
11 26 0 8 0.00274996556646 
55 75 0 8 0.00274409041474 
29 64 0 8 0.00274346166091 
34 65 0 8 0.00274164116285 
31 60 0 8 0.00273745354025 
22 73 0 8 0.00273175254955 
32 67 0 8 0.00272927093709 
33 65 0 8 0.00272365228758 
35 65 0 8 0.00272307969539 
53 79 0 8 0.00270816948413 
9 54 0 8 0.00270799309937 
11 50 0 8 0.00269938984712 
13 38 0 8 0.00269862802874 
27 67 0 8 0.00269410499696 
10 75 0 8 0.0026903158486 
28 67 0 8 0.00268477469577 
12 25 0 8 0.0026815465775 
24 53 0 8 0.00267869378128 
14 50 0 8 0.00267805482023 
10 51 0 8 0.00267759902648 
35 59 0 8 0.00267643399807 
30 62 0 8 0.00266950213874 
32 65 0 8 0.00266882338524 
55 76 0 8 0.00266040405771 
34 54 0 8 0.00265664626955 
23 42 0 8 0.00265431074172 
9 52 0 8 0.00265144581482 
23 39 0 8 0.00264418234401 
21 38 0 8 0.00264414478382 
9 53 0 8 0.00264382019199 
8 75 0 8 0.0026435982479 
38 78 0 8 0.00264056538393 
14 53 0 8 0.00264035624224 
19 42 0 8 0.00263805888095 
9 28 0 8 0.00263553350433 
15 44 0 8 0.00263260402971 
18 43 0 8 0.00262987358789 
49 61 0 8 0.00262476101529 
9 75 0 8 0.00262224084267 
32 66 0 8 0.00262132537678 
52 76 0 8 0.00261971353476 
31 62 0 8 0.00261963016831 
19 44 0 8 0.00261833638531 
9 30 0 8 0.00261626633271 
20 51 0 8 0.00260804000633 
15 75 0 8 0.0026068990065 
9 76 0 8 0.00260507106712 
49 65 0 8 0.00259786738232 
51 76 0 8 0.00259741445457 
32 50 0 8 0.00258954442032 
6 27 0 8 0.00258942003746 
55 77 0 8 0.00258352488706 
54 73 0 8 0.00258207603641 
21 71 0 8 0.00257900473246 
19 45 0 8 0.00257413498747 
7 26 0 8 0.00257282150271 
25 52 0 8 0.00257253885258 
21 50 0 8 0.00257237829126 
11 54 0 8 0.00257150632941 
27 70 0 8 0.00256571755067 
13 35 0 8 0.00256328740346 
12 53 0 8 0.00256274891047 
27 68 0 8 0.00256267522709 
13 53 0 8 0.0025500849419 
15 73 0 8 0.00254885226366 
15 46 0 8 0.00254535653906 
31 58 0 8 0.00254232335842 
22 53 0 8 0.00253930137388 
23 53 0 8 0.00253483163208 
38 61 0 8 0.00252799140662 
20 44 0 8 0.00252248048213 
30 69 0 8 0.00252153536335 
35 51 0 8 0.00252024702971 
21 43 0 8 0.00251736223888 
51 65 0 8 0.0025121849033 
28 69 0 8 0.00250950040067 
54 75 0 8 0.00250763658968 
13 42 0 8 0.00250588533229 
58 74 0 8 0.00249584881609 
17 47 0 8 0.00249495898148 
21 44 0 8 0.00249154074054 
16 47 0 8 0.00248842561379 
8 28 0 8 0.00248645797373 
33 62 0 8 0.00248588222351 
55 68 0 8 0.00248548923252 
30 70 0 8 0.00248313626912 
52 68 0 8 0.00247969376064 
23 52 0 8 0.00247896203574 
14 48 0 8 0.00247564199137 
11 75 0 8 0.00247527566133 
13 49 0 8 0.00245757165692 
12 75 0 8 0.00245463556203 
13 37 0 8 0.00244797972921 
20 50 0 8 0.0024341720964 
48 65 0 8 0.00243169512763 
27 71 0 8 0.00243052521936 
17 54 0 8 0.00242965613891 
48 75 0 8 0.0024294822332 
38 55 0 8 0.00242812445265 
29 70 0 8 0.00242551905273 
38 74 0 8 0.00242327396796 
17 74 0 8 0.00242318823485 
33 64 0 8 0.00242243968988 
50 77 0 8 0.00241898946808 
25 70 0 8 0.00241814770054 
25 71 0 8 0.00241578237933 
22 51 0 8 0.00241316745796 
14 43 0 8 0.00240844763296 
57 69 0 8 0.00240815016423 
13 34 0 8 0.00240809301033 
16 51 0 8 0.00240773961362 
44 57 0 8 0.00240669821095 
16 53 0 8 0.00240005126629 
31 57 0 8 0.00239895385529 
50 80 0 8 0.00239687484239 
30 61 0 8 0.00239300055535 
13 52 0 8 0.00239203937438 
9 31 0 8 0.00239191100986 
48 68 0 8 0.00238983525014 
21 51 0 8 0.00238604593893 
29 42 0 8 0.00238476607177 
7 28 0 8 0.00238288329378 
15 41 0 8 0.00238136758021 
5 27 0 8 0.00237621790594 
20 43 0 8 0.00237506140676 
14 75 0 8 0.00237422654862 
16 74 0 8 0.0023719081984 
38 65 0 8 0.00237095420201 
49 62 0 8 0.00236923951685 
9 50 0 8 0.00236750688638 
38 66 0 8 0.00236741840086 
17 75 0 8 0.0023666334828 
27 54 0 8 0.00236097321504 
47 68 0 8 0.00235978066243 
12 54 0 8 0.00235795836355 
29 62 0 8 0.00235675777358 
13 44 0 8 0.00235462700407 
22 75 0 8 0.00235430519169 
28 60 0 8 0.0023527264399 
6 30 0 8 0.00235104425418 
57 75 0 8 0.00234683916239 
41 69 0 8 0.00234677046099 
51 79 0 8 0.002341995814 
23 75 0 8 0.00233829070568 
10 54 0 8 0.00233643645124 
35 47 0 8 0.00233265390383 
36 73 0 8 0.00233023940393 
15 74 0 8 0.00232928445998 
32 59 0 8 0.00232923505179 
16 55 0 8 0.00232785728942 
19 41 0 8 0.00232747911891 
21 40 0 8 0.00232308888892 
13 48 0 8 0.00232298576439 
35 53 0 8 0.00232146508871 
25 38 0 8 0.00232132590195 
59 73 0 8 0.0023202512169 
28 53 0 8 0.00231849066064 
8 51 0 8 0.00231736507711 
15 53 0 8 0.00231659325516 
49 64 0 8 0.00230532545926 
36 62 0 8 0.00230317573213 
40 70 0 8 0.00230032834549 
45 69 0 8 0.00229865302646 
48 70 0 8 0.00229781738108 
13 41 0 8 0.00229652547284 
36 50 0 8 0.00229040089701 
18 47 0 8 0.00228174718904 
26 41 0 8 0.00227991355511 
39 67 0 8 0.00227554767723 
60 73 0 8 0.00227448609276 
50 76 0 8 0.002270632703 
2 14 0 8 0.00226756999856 
25 73 0 8 0.0022671642034 
38 79 0 8 0.0022617777518 
24 43 0 8 0.00225954993278 
42 72 0 8 0.00225657500096 
28 61 0 8 0.00225252627488 
14 74 0 8 0.00225247070141 
18 38 0 8 0.00225205018315 
38 53 0 8 0.00224996123556 
44 68 0 8 0.00224971351494 
20 53 0 8 0.0022483990411 
48 63 0 8 0.00224787827267 
24 38 0 8 0.00224631801632 
32 48 0 8 0.00224533333614 
22 41 0 8 0.00223785240624 
38 68 0 8 0.00223621908583 
39 73 0 8 0.00223604628904 
56 77 0 8 0.00223563880272 
50 70 0 8 0.00222326262526 
18 51 0 8 0.00222300143923 
42 61 0 8 0.00222212375176 
17 42 0 8 0.00221892350738 
19 49 0 8 0.00221770671268 
38 77 0 8 0.00221632321811 
25 42 0 8 0.00221536356887 
51 63 0 8 0.00221411042847 
38 59 0 8 0.00221342137503 
47 65 0 8 0.00221236695988 
36 59 0 8 0.00220796271152 
21 70 0 8 0.00220795974373 
49 76 0 8 0.00220746906219 
45 57 0 8 0.00220186189762 
9 49 0 8 0.0021984378029 
36 67 0 8 0.00219544644354 
29 54 0 8 0.00218921312951 
8 53 0 8 0.0021813034469 
36 60 0 8 0.00218124549103 
28 41 0 8 0.00217662697344 
20 49 0 8 0.00217329520211 
46 73 0 8 0.00217125142211 
13 26 0 8 0.0021708552703 
12 46 0 8 0.0021686860439 
5 28 0 8 0.00216865258043 
22 50 0 8 0.00216601381681 
13 45 0 8 0.00216498243563 
21 72 0 8 0.00216382953698 
24 65 0 8 0.0021615740432 
8 49 0 8 0.00216149829862 
22 42 0 8 0.00216142167327 
28 59 0 8 0.00215941575381 
37 71 0 8 0.00215184637881 
53 65 0 8 0.00215158964879 
15 38 0 8 0.00215137418105 
14 54 0 8 0.0021433648906 
47 73 0 8 0.00214258871652 
11 35 0 8 0.00213776878667 
36 48 0 8 0.00213735252824 
44 56 0 8 0.00213722818645 
21 49 0 8 0.00213581884836 
18 74 0 8 0.00213283467131 
28 42 0 8 0.00213202949195 
16 56 0 8 0.00212763291076 
6 31 0 8 0.00212612301046 
19 71 0 8 0.00212452565195 
62 75 0 8 0.00212157829794 
41 57 0 8 0.00211427984247 
39 78 0 8 0.0021085613851 
7 49 0 8 0.0021040772032 
25 53 0 8 0.00210040827317 
32 46 0 8 0.00209904628444 
26 38 0 8 0.00209677571352 
27 42 0 8 0.00209412302143 
11 30 0 8 0.00208891247749 
24 37 0 8 0.00208628844049 
25 74 0 8 0.0020862620552 
9 70 0 8 0.00208121614135 
10 72 0 8 0.00207021496529 
19 57 0 8 0.00206705704985 
37 72 0 8 0.00206559280857 
13 27 0 8 0.00206496452453 
27 75 0 8 0.00206258753913 
40 63 0 8 0.00205807964716 
19 59 0 8 0.00205564223332 
1 14 0 8 0.00205309476435 
51 80 0 8 0.00203946613789 
23 65 0 8 0.00203590242269 
43 58 0 8 0.00203354177091 
7 45 0 8 0.00200705003899 
45 61 0 8 0.00199823536359 
39 51 0 8 0.00199038933015 
35 76 0 8 0.00198983736427 
61 77 0 8 0.00197472317613 
7 57 0 8 0.00196750827631 
63 75 0 8 0.0019579196574 
24 56 0 8 0.00194859759461 
7 79 0 8 0.00194686410762 
24 78 0 8 0.0019463598199 
25 59 0 8 0.0019455611304 
21 58 0 8 0.00194443308899 
64 76 0 8 0.00194174472304 
22 34 0 8 0.00194145706469 
30 46 0 8 0.00193700158695 
6 49 0 8 0.0019367453944 
13 59 0 8 0.00193674443381 
7 71 0 8 0.00193660705114 
16 39 0 8 0.00193323750922 
44 80 0 8 0.00192544267598 
16 34 0 8 0.00192485160325 
14 37 0 8 0.00192358355769 
14 66 0 8 0.00192004660904 
23 78 0 8 0.00191797393537 
21 33 0 8 0.00191479679032 
25 40 0 8 0.00188985914375 
42 54 0 8 0.0018830699478 
41 53 0 8 0.00188109818069 
20 68 0 8 0.00188105757032 
43 63 0 8 0.00187520550549 
44 79 0 8 0.00187498353091 
26 77 0 8 0.0018694432283 
8 46 0 8 0.0018617565183 
14 26 0 8 0.00185627410123 
16 29 0 8 0.00185315888372 
33 47 0 8 0.00185137817346 
20 61 0 8 0.00184681691295 
7 59 0 8 0.00183055617855 
22 62 0 8 0.0018295853942 
20 36 0 8 0.00182263647464 
16 30 0 8 0.00181266284999 
17 36 0 8 0.00180624259969 
30 74 0 8 0.00174622323762 
5 73 0 8 0.00172737830619 
9 61 0 8 0.00171764327732 
4 67 0 8 0.00170775917595 
40 80 0 8 0.00170478856118 
2 69 0 8 0.00169299903958 
16 78 0 8 0.00166694774796 
5 34 0 8 0.00166295348271 
5 62 0 8 0.00164076398963 
19 66 0 8 0.00164051657713 
11 62 0 8 0.00163622891152 
66 79 0 8 0.0016065557261 
3 49 0 8 0.0015910144825 
2 45 0 8 0.00155942859937 
3 80 0 8 0.0014588221981 
1 53 0 8 0.00142430003987 
