31 45 0 8 0.00447704559683 
31 46 0 8 0.00435077609474 
33 45 0 8 0.00433122053347 
10 22 0 8 0.00411791375027 
31 47 0 8 0.00376056490688 
68 101 0 8 0.00349620313405 
7 25 0 8 0.00347399070271 
10 93 0 8 0.0034127114263 
59 96 0 8 0.00341063649163 
10 95 0 8 0.00337303782766 
11 96 0 8 0.00334381545915 
32 46 0 8 0.00331882571136 
58 73 0 8 0.00325594624334 
1 33 0 8 0.00322941065057 
12 95 0 8 0.00319093399738 
31 44 0 8 0.00319065909314 
27 56 0 8 0.00316199782937 
61 96 0 8 0.00312591349429 
7 23 0 8 0.00308536857505 
11 59 0 8 0.00306321285047 
11 61 0 8 0.00302182243422 
32 45 0 8 0.00301810020501 
29 48 0 8 0.00296510559961 
7 94 0 8 0.00293836270871 
58 75 0 8 0.00291853574716 
9 29 0 8 0.00290267006795 
29 49 0 8 0.00287717563822 
29 50 0 8 0.00286853524024 
12 97 0 8 0.00284958310463 
5 27 0 8 0.00283634474895 
9 94 0 8 0.00282582310453 
32 44 0 8 0.00281016294317 
7 29 0 8 0.0027631205349 
30 49 0 8 0.00275503703848 
74 94 0 8 0.00273767830521 
28 49 0 8 0.00272954383672 
30 46 0 8 0.00272822095803 
31 48 0 8 0.00269645104353 
71 94 0 8 0.00268549292239 
32 47 0 8 0.00267661523704 
46 60 0 8 0.00265493109688 
30 47 0 8 0.00265014272768 
6 24 0 8 0.00264184528681 
33 46 0 8 0.00262314067432 
5 29 0 8 0.00260389173663 
10 96 0 8 0.00259548253623 
75 94 0 8 0.00257963791738 
9 96 0 8 0.00256427524259 
7 92 0 8 0.002553235735 
6 25 0 8 0.0025529289583 
29 56 0 8 0.0025319052344 
58 76 0 8 0.00252961612319 
70 96 0 8 0.00252625560674 
7 56 0 8 0.00252118188626 
9 95 0 8 0.00249275623383 
6 26 0 8 0.00248295658083 
1 35 0 8 0.00247666452283 
74 96 0 8 0.00246287038513 
57 75 0 8 0.00245934071649 
58 95 0 8 0.00242669009976 
27 50 0 8 0.0024206443505 
45 60 0 8 0.00241548311752 
8 24 0 8 0.00240813303121 
47 59 0 8 0.0024031176799 
8 27 0 8 0.00239947980031 
7 27 0 8 0.00239688475893 
77 94 0 8 0.00238955824562 
4 28 0 8 0.00238643854211 
61 94 0 8 0.00238087435626 
36 66 0 8 0.00237704363611 
75 96 0 8 0.00237116085626 
28 50 0 8 0.00236553431185 
8 25 0 8 0.00236496358803 
11 95 0 8 0.00235692911002 
8 21 0 8 0.0023526855201 
9 59 0 8 0.0023453490473 
30 48 0 8 0.00233616473465 
27 49 0 8 0.00233259918564 
9 23 0 8 0.00232303796709 
9 22 0 8 0.00231734909229 
7 28 0 8 0.00231553337302 
6 27 0 8 0.00229940315995 
29 96 0 8 0.00229335028214 
59 74 0 8 0.00228531257317 
13 61 0 8 0.00228154795859 
27 57 0 8 0.00227188556744 
27 94 0 8 0.00226966419379 
47 60 0 8 0.00226736265527 
8 94 0 8 0.00226644106405 
9 30 0 8 0.00226319529527 
9 24 0 8 0.00226063735157 
55 76 0 8 0.00225837328606 
76 95 0 8 0.00225762341694 
25 94 0 8 0.00225349733799 
7 95 0 8 0.00224693113054 
4 26 0 8 0.00224549801135 
56 77 0 8 0.00224324811923 
8 20 0 8 0.00224316870357 
17 64 0 8 0.00224307330782 
14 61 0 8 0.00223801322002 
6 23 0 8 0.00223150236811 
63 90 0 8 0.00222793112407 
8 96 0 8 0.00222676630762 
23 59 0 8 0.00222112434185 
31 83 0 8 0.00221877224744 
59 73 0 8 0.00221708044393 
55 72 0 8 0.00221544881239 
60 94 0 8 0.0022070080099 
8 23 0 8 0.00220490632274 
2 28 0 8 0.00220363566372 
45 58 0 8 0.00219871731452 
28 51 0 8 0.00219313332913 
76 94 0 8 0.00218704530419 
44 60 0 8 0.00218650834807 
11 94 0 8 0.002182986812 
60 96 0 8 0.00217912046492 
68 100 0 8 0.0021758031197 
27 48 0 8 0.00217206862404 
68 102 0 8 0.00216133317312 
34 46 0 8 0.00215518745803 
29 46 0 8 0.00215338135596 
8 26 0 8 0.0021526020054 
58 77 0 8 0.0021472945686 
10 56 0 8 0.00214720511607 
8 29 0 8 0.00214711977525 
28 97 0 8 0.00214622873578 
8 93 0 8 0.00214518152859 
5 28 0 8 0.00214232574052 
6 33 0 8 0.00214226444202 
46 59 0 8 0.00213687967424 
59 97 0 8 0.00213531474775 
11 29 0 8 0.00213287901039 
26 51 0 8 0.0021301081752 
60 95 0 8 0.0021253758381 
5 24 0 8 0.00212140203073 
29 47 0 8 0.00211362900248 
8 28 0 8 0.00211343102079 
57 76 0 8 0.00211031460277 
68 99 0 8 0.00210811366659 
55 78 0 8 0.00209780755504 
28 58 0 8 0.00209776002478 
7 96 0 8 0.00209735671224 
5 30 0 8 0.00209564511976 
11 23 0 8 0.00209197518604 
27 81 0 8 0.00209041417043 
9 52 0 8 0.00208431700269 
8 95 0 8 0.00208041504854 
77 91 0 8 0.00207938355875 
54 78 0 8 0.00207685440583 
29 89 0 8 0.00207592317717 
56 89 0 8 0.00207550484825 
58 96 0 8 0.00207280803309 
5 56 0 8 0.00206800563259 
10 94 0 8 0.00206559604253 
57 96 0 8 0.00204872306404 
27 51 0 8 0.00204731447813 
9 56 0 8 0.00204553241197 
59 94 0 8 0.00204545421995 
31 96 0 8 0.00204536432461 
12 61 0 8 0.00204032067697 
16 65 0 8 0.00203962609891 
6 91 0 8 0.00203849336029 
62 96 0 8 0.00203758739831 
66 88 0 8 0.00203621064495 
13 70 0 8 0.00202946404883 
75 89 0 8 0.00202666929046 
7 22 0 8 0.00202049053229 
65 89 0 8 0.00202031952944 
32 48 0 8 0.002017223871 
13 64 0 8 0.00201713771948 
9 26 0 8 0.00200924576051 
30 97 0 8 0.0020089889691 
30 96 0 8 0.00200689844174 
9 27 0 8 0.00200515259185 
62 94 0 8 0.00200343135459 
77 93 0 8 0.00200298294571 
6 93 0 8 0.00200147293359 
6 56 0 8 0.00200140398295 
15 64 0 8 0.00199330586083 
55 77 0 8 0.00199087557117 
30 51 0 8 0.00198875007841 
66 100 0 8 0.00198772535205 
12 94 0 8 0.00198751783523 
24 53 0 8 0.00198614752852 
11 62 0 8 0.00198577040438 
61 74 0 8 0.00198001795506 
72 97 0 8 0.00197963738963 
19 64 0 8 0.00197536156969 
8 55 0 8 0.00197495706635 
6 57 0 8 0.001972731108 
9 21 0 8 0.00197081444715 
70 97 0 8 0.00196946364462 
10 97 0 8 0.00196865233797 
14 59 0 8 0.00196690899969 
59 93 0 8 0.00196546985848 
20 61 0 8 0.00196539423935 
33 47 0 8 0.00196138730364 
29 94 0 8 0.00195951019343 
46 61 0 8 0.00195505937588 
8 91 0 8 0.00195498844012 
13 62 0 8 0.00195464847877 
27 92 0 8 0.00195219740627 
1 31 0 8 0.00195128545898 
56 92 0 8 0.00195110990405 
12 96 0 8 0.001948815318 
65 90 0 8 0.00194357263189 
17 65 0 8 0.00194281460258 
16 64 0 8 0.00194279358299 
77 92 0 8 0.00194260735475 
60 76 0 8 0.00194039396258 
74 92 0 8 0.001939503115 
11 92 0 8 0.00193921314461 
28 94 0 8 0.00193775745187 
64 89 0 8 0.00193225273445 
57 97 0 8 0.0019284581592 
9 31 0 8 0.00192715783402 
5 57 0 8 0.00192504146603 
18 65 0 8 0.00191902203548 
62 91 0 8 0.00191724985573 
69 86 0 8 0.00191405100901 
11 97 0 8 0.0019137569246 
36 95 0 8 0.00191356792535 
17 34 0 8 0.00191295683755 
37 65 0 8 0.00191064649775 
30 59 0 8 0.00191055983129 
64 90 0 8 0.00190876608651 
16 66 0 8 0.00189967868128 
60 73 0 8 0.00189846804701 
7 57 0 8 0.00189800188207 
7 75 0 8 0.00189752890054 
77 89 0 8 0.00189623938709 
27 79 0 8 0.00189591178616 
16 67 0 8 0.00189474861417 
23 76 0 8 0.00189269999189 
28 95 0 8 0.00188779616041 
33 48 0 8 0.00188714321222 
59 71 0 8 0.00188463622601 
7 33 0 8 0.00188122450194 
7 97 0 8 0.00187914383389 
25 81 0 8 0.00187726411839 
29 97 0 8 0.00187630036792 
57 72 0 8 0.00187595301717 
69 102 0 8 0.00187446095156 
37 67 0 8 0.0018739010504 
46 58 0 8 0.00187363653301 
34 95 0 8 0.00187323942217 
27 93 0 8 0.00187155504111 
12 70 0 8 0.00187000938253 
23 61 0 8 0.00186802933961 
53 79 0 8 0.00186474835562 
70 99 0 8 0.00186391873493 
18 60 0 8 0.00186363101714 
44 74 0 8 0.00185973951765 
34 94 0 8 0.00185298949069 
9 98 0 8 0.00185041070759 
28 93 0 8 0.00185014701753 
32 95 0 8 0.00185011652348 
76 90 0 8 0.00184962858005 
55 73 0 8 0.00184630959533 
6 22 0 8 0.00184561582161 
14 97 0 8 0.00184535402346 
9 53 0 8 0.0018444811161 
62 92 0 8 0.00184233357567 
41 63 0 8 0.00184227259382 
57 71 0 8 0.0018418649949 
26 76 0 8 0.0018401187405 
7 76 0 8 0.00183980725527 
32 94 0 8 0.00183819111825 
18 63 0 8 0.00182867779751 
36 67 0 8 0.00182852301808 
14 64 0 8 0.00182689845728 
6 97 0 8 0.00182561935737 
3 89 0 8 0.00182428102625 
10 27 0 8 0.00182268782333 
41 64 0 8 0.00182263300233 
57 92 0 8 0.00182190397438 
29 83 0 8 0.001821083952 
27 96 0 8 0.00182046560315 
27 74 0 8 0.00182032826579 
55 79 0 8 0.00181814169248 
3 34 0 8 0.00181778466873 
12 59 0 8 0.0018174461165 
53 90 0 8 0.00181538625367 
1 42 0 8 0.00181453869806 
44 73 0 8 0.00181062747142 
28 81 0 8 0.0018098684445 
2 27 0 8 0.00180880956973 
4 57 0 8 0.00180608501054 
58 71 0 8 0.00180558616655 
59 92 0 8 0.00179836343495 
5 59 0 8 0.00179563008333 
70 100 0 8 0.00179261042412 
5 23 0 8 0.0017917245107 
60 97 0 8 0.00179163944416 
32 62 0 8 0.00179012147189 
29 59 0 8 0.00179007387014 
1 45 0 8 0.00178731736523 
14 96 0 8 0.00178610576468 
36 68 0 8 0.00178132928956 
31 65 0 8 0.00177708011718 
14 99 0 8 0.00177604350832 
64 96 0 8 0.00177411404692 
29 55 0 8 0.00177409955869 
3 82 0 8 0.00177392410755 
6 94 0 8 0.00177361128445 
11 56 0 8 0.00177044675991 
5 34 0 8 0.0017699270624 
10 59 0 8 0.0017669947476 
25 56 0 8 0.00176534044945 
10 91 0 8 0.00176343526489 
30 72 0 8 0.00176286755729 
13 93 0 8 0.00176155315098 
33 49 0 8 0.00175740048807 
32 93 0 8 0.00175658582357 
56 88 0 8 0.00175429359664 
2 33 0 8 0.0017515094961 
52 75 0 8 0.00175014841851 
46 83 0 8 0.00175007006893 
25 79 0 8 0.00174928927576 
11 74 0 8 0.00174876850592 
2 40 0 8 0.00174784009647 
14 94 0 8 0.00174765001817 
28 80 0 8 0.00174760362252 
14 70 0 8 0.00174560957027 
56 96 0 8 0.00174540407783 
2 26 0 8 0.00174444020212 
27 47 0 8 0.00174441556252 
65 80 0 8 0.00174390979443 
28 83 0 8 0.00174206028146 
76 89 0 8 0.0017377097872 
17 60 0 8 0.00173762238453 
20 64 0 8 0.00173659200354 
14 91 0 8 0.00173456651791 
19 68 0 8 0.00173319667598 
27 90 0 8 0.00173198093699 
28 65 0 8 0.00173155783029 
16 59 0 8 0.00173017925373 
4 38 0 8 0.00172891142609 
28 66 0 8 0.00172812921567 
14 93 0 8 0.0017246540901 
11 30 0 8 0.00172202925323 
30 93 0 8 0.00172033405518 
12 92 0 8 0.00171925725408 
25 85 0 8 0.00171761798369 
50 81 0 8 0.00171577588902 
1 46 0 8 0.00171377857143 
43 67 0 8 0.00171284830742 
54 91 0 8 0.00171206875345 
47 61 0 8 0.00170907917244 
67 83 0 8 0.00170802479259 
36 79 0 8 0.0017073711037 
63 102 0 8 0.00170730938819 
41 60 0 8 0.00170667966983 
78 90 0 8 0.00170616427348 
26 91 0 8 0.00170403144185 
43 74 0 8 0.00170346084559 
53 92 0 8 0.0017010746962 
68 94 0 8 0.00169883112684 
54 94 0 8 0.00169748865475 
32 63 0 8 0.00169709915957 
9 74 0 8 0.00169565633789 
1 28 0 8 0.00169373430009 
45 66 0 8 0.00169346704928 
41 75 0 8 0.0016930145023 
30 58 0 8 0.00169075405173 
37 79 0 8 0.00168705487133 
36 100 0 8 0.0016860230789 
25 84 0 8 0.00168560296777 
21 58 0 8 0.00168325981082 
35 89 0 8 0.00168170776451 
47 93 0 8 0.00167759711452 
25 60 0 8 0.00167376712421 
11 38 0 8 0.00167284664592 
17 46 0 8 0.00167067894069 
65 83 0 8 0.00167059046567 
18 59 0 8 0.00166853450162 
32 52 0 8 0.00166449670705 
19 100 0 8 0.00166439831858 
25 86 0 8 0.00166392934142 
20 81 0 8 0.00166217179005 
5 97 0 8 0.00166009607362 
23 57 0 8 0.00165813720827 
32 59 0 8 0.00165798565505 
31 43 0 8 0.00165654839374 
11 27 0 8 0.00165640194166 
24 74 0 8 0.00165443207752 
52 93 0 8 0.00164658573669 
21 75 0 8 0.00164391992455 
73 86 0 8 0.0016435857492 
40 81 0 8 0.00164314172736 
69 84 0 8 0.00164110243231 
69 87 0 8 0.00163829015881 
66 82 0 8 0.00163668449672 
22 82 0 8 0.00163542649358 
34 88 0 8 0.00163505764996 
54 81 0 8 0.00163488225774 
43 95 0 8 0.00162397963869 
35 80 0 8 0.0016192321452 
34 82 0 8 0.0016191227781 
68 83 0 8 0.00161869119001 
30 82 0 8 0.00161846181912 
9 67 0 8 0.00161524383589 
20 57 0 8 0.00161410823382 
8 60 0 8 0.00161383140456 
67 80 0 8 0.00161297541698 
69 83 0 8 0.00161241179037 
18 34 0 8 0.00160863365923 
35 58 0 8 0.00159733772945 
35 96 0 8 0.0015964271579 
52 72 0 8 0.00159352790153 
24 90 0 8 0.00159251635679 
67 94 0 8 0.00159078546202 
22 93 0 8 0.00158900161821 
35 78 0 8 0.00158802000812 
64 87 0 8 0.00158687719179 
32 57 0 8 0.00158587564126 
66 84 0 8 0.00158407590737 
16 33 0 8 0.00158340831536 
4 90 0 8 0.00158302277875 
30 67 0 8 0.00158227661796 
51 72 0 8 0.00158116850699 
18 46 0 8 0.00157927625779 
38 61 0 8 0.00157669238336 
45 70 0 8 0.00157319243735 
5 92 0 8 0.00157222093122 
16 49 0 8 0.00157163229031 
16 30 0 8 0.00157144019315 
57 84 0 8 0.00156962149146 
40 97 0 8 0.00156891093473 
35 50 0 8 0.00156692242062 
14 38 0 8 0.00156589087196 
12 40 0 8 0.00156507792172 
17 47 0 8 0.00156417051442 
39 59 0 8 0.00155918119267 
2 25 0 8 0.00155809656252 
13 50 0 8 0.00155705446714 
18 76 0 8 0.00154900888441 
14 30 0 8 0.00154815558874 
71 88 0 8 0.00154627913195 
23 96 0 8 0.0015460080102 
70 90 0 8 0.00154599371278 
46 72 0 8 0.0015402317149 
47 74 0 8 0.00154018762271 
2 37 0 8 0.00153890707968 
47 80 0 8 0.00153705473542 
3 48 0 8 0.00153495426037 
15 78 0 8 0.00152642392761 
63 77 0 8 0.00152500371851 
41 72 0 8 0.00152422067031 
21 69 0 8 0.00152244582938 
45 97 0 8 0.00152236676848 
12 49 0 8 0.0015192788581 
6 69 0 8 0.00151453992235 
60 87 0 8 0.00151308602615 
46 65 0 8 0.00151147907889 
75 99 0 8 0.00151146501234 
57 82 0 8 0.00150579827495 
6 52 0 8 0.00150472805048 
33 68 0 8 0.00150426238228 
62 83 0 8 0.00150387116953 
18 100 0 8 0.00150304871239 
23 70 0 8 0.00150120997933 
60 80 0 8 0.00150080824227 
22 97 0 8 0.00149885800266 
21 93 0 8 0.00149839425382 
11 49 0 8 0.00149551200218 
30 43 0 8 0.0014892792519 
12 100 0 8 0.00148521129064 
18 83 0 8 0.00148386969624 
45 83 0 8 0.00147948067591 
25 67 0 8 0.00147023719505 
81 94 0 8 0.00146982473958 
3 88 0 8 0.0014688363545 
5 21 0 8 0.00146722074606 
35 102 0 8 0.00146516571265 
4 49 0 8 0.00146462606662 
41 57 0 8 0.00146247674719 
74 86 0 8 0.00146244557346 
81 93 0 8 0.00146224212587 
9 101 0 8 0.00145978001373 
57 69 0 8 0.00145974247762 
41 88 0 8 0.00145930500421 
16 29 0 8 0.00144719195876 
40 91 0 8 0.00144221139809 
67 79 0 8 0.00144040597223 
49 88 0 8 0.00143961287422 
14 83 0 8 0.00143883464175 
17 72 0 8 0.00143856932153 
13 75 0 8 0.00143631759821 
46 90 0 8 0.00143073621566 
50 92 0 8 0.00142928507534 
2 51 0 8 0.00142435075826 
64 78 0 8 0.00142392307323 
6 41 0 8 0.00141372955696 
22 40 0 8 0.0014049815702 
5 74 0 8 0.00140286833199 
53 99 0 8 0.00140270145002 
21 41 0 8 0.00138293753875 
16 40 0 8 0.00136818902829 
48 99 0 8 0.00136525714572 
16 85 0 8 0.00134614829414 
55 68 0 8 0.00134498702802 
32 102 0 8 0.00132070205183 
22 34 0 8 0.00129963727076 
83 100 0 8 0.00129911213503 
56 101 0 8 0.00129295684975 
21 47 0 8 0.00126862008878 
4 65 0 8 0.00125599264258 
41 101 0 8 0.00124019040978 
80 101 0 8 0.00120630651149 
