77 93 0 8 0.00393258697153 
66 101 0 8 0.00392274630241 
68 103 0 8 0.00379199970641 
31 106 0 8 0.00376097800852 
77 95 0 8 0.00365810935853 
61 107 0 8 0.00362204033468 
6 77 0 8 0.00349808682155 
79 91 0 8 0.00348010807011 
6 75 0 8 0.00346075484909 
72 96 0 8 0.00345963166327 
8 73 0 8 0.00330927176662 
8 75 0 8 0.00323364531833 
89 107 0 8 0.00322404792275 
76 94 0 8 0.00316649494528 
65 105 0 8 0.00306539683089 
28 62 0 8 0.00305910472984 
28 60 0 8 0.00304476349659 
78 92 0 8 0.00303808474415 
63 105 0 8 0.00301180510816 
34 76 0 8 0.00298648218013 
91 107 0 8 0.00295143636119 
62 104 0 8 0.00291972806926 
31 104 0 8 0.00291779021499 
87 109 0 8 0.00291440702518 
76 92 0 8 0.00291206616596 
75 95 0 8 0.00291172970659 
73 97 0 8 0.00291139453609 
89 109 0 8 0.00286665782585 
58 109 0 8 0.00282133919982 
10 73 0 8 0.00281653815411 
92 108 0 8 0.0027806369772 
75 97 0 8 0.00276547177214 
59 109 0 8 0.00275501340614 
91 105 0 8 0.00274077551488 
65 102 0 8 0.00268665874145 
60 108 0 8 0.00263552006815 
57 108 0 8 0.00262855114682 
79 93 0 8 0.00261776936324 
86 119 0 8 0.00259801619567 
85 121 0 8 0.00258112719717 
31 94 0 8 0.00253951125432 
93 105 0 8 0.00252538915559 
35 92 0 8 0.00247089926093 
59 107 0 8 0.00246772346739 
56 113 0 8 0.002425220927 
34 78 0 8 0.00241597902014 
74 94 0 8 0.00240995418327 
90 110 0 8 0.00240248449436 
11 30 0 8 0.00239979838729 
60 106 0 8 0.00239541359428 
21 67 0 8 0.00238951710511 
86 111 0 8 0.00238608024122 
78 90 0 8 0.00236871101209 
87 111 0 8 0.00233524555729 
31 92 0 8 0.00232912290809 
55 110 0 8 0.00232833974957 
14 29 0 8 0.00232304520063 
62 106 0 8 0.00231941501124 
24 64 0 8 0.00230472780472 
58 111 0 8 0.00229279814866 
31 108 0 8 0.00228801028718 
81 107 0 8 0.00227391801971 
58 87 0 8 0.00225381898243 
56 111 0 8 0.00223609460375 
86 121 0 8 0.00222279592573 
75 96 0 8 0.00220411825096 
67 117 0 8 0.00220238905926 
90 107 0 8 0.00219818522687 
72 98 0 8 0.00219058198814 
90 108 0 8 0.00217944260736 
74 96 0 8 0.00217017982426 
16 70 0 8 0.00214851853329 
76 93 0 8 0.00213320899721 
57 110 0 8 0.00212239554126 
9 74 0 8 0.00211609974865 
13 70 0 8 0.00211359120299 
53 112 0 8 0.0021013444866 
92 106 0 8 0.00209996372371 
73 96 0 8 0.00209618371893 
90 106 0 8 0.00209544095928 
12 33 0 8 0.00209130885004 
60 107 0 8 0.00208306222906 
72 97 0 8 0.00207468600492 
4 77 0 8 0.00206988994866 
64 104 0 8 0.00206706227785 
88 110 0 8 0.00205584066859 
61 106 0 8 0.00204370959046 
27 94 0 8 0.00204231198328 
7 37 0 8 0.00204131284951 
30 74 0 8 0.00203894686045 
5 78 0 8 0.00203742903863 
52 115 0 8 0.0020367416155 
74 95 0 8 0.00203242945704 
27 104 0 8 0.0020290442911 
15 30 0 8 0.00202579381489 
9 33 0 8 0.00202315738944 
10 37 0 8 0.00202076478785 
66 103 0 8 0.00201852791614 
31 62 0 8 0.00201627408544 
34 92 0 8 0.00200140063106 
27 68 0 8 0.00199923876253 
38 78 0 8 0.00199005578783 
9 30 0 8 0.00198833436288 
51 125 0 8 0.00196731608774 
91 106 0 8 0.00196616396412 
35 110 0 8 0.0019476340617 
54 113 0 8 0.0019403571233 
59 108 0 8 0.00192419373957 
77 92 0 8 0.00192291711354 
8 97 0 8 0.00191662751533 
57 109 0 8 0.00190541968118 
9 76 0 8 0.00190255877076 
35 57 0 8 0.00189872129481 
5 41 0 8 0.00189554330638 
61 105 0 8 0.00189180584598 
24 60 0 8 0.00188702630948 
23 64 0 8 0.00188344333273 
30 76 0 8 0.00188255969897 
21 64 0 8 0.00187801012461 
78 91 0 8 0.00187794138507 
15 29 0 8 0.0018770513648 
35 108 0 8 0.00187539067085 
67 103 0 8 0.00187471785299 
76 95 0 8 0.00185909890766 
11 74 0 8 0.00185138381901 
88 109 0 8 0.0018503288568 
88 108 0 8 0.00184945020106 
55 112 0 8 0.00184772330475 
56 110 0 8 0.00184375701343 
66 102 0 8 0.00184124765317 
6 78 0 8 0.00183172861776 
12 29 0 8 0.00183009680315 
74 97 0 8 0.00182968711583 
27 64 0 8 0.00182501655169 
65 103 0 8 0.00181497378661 
64 103 0 8 0.00181429183298 
10 71 0 8 0.00181135240375 
77 94 0 8 0.00180035129701 
32 57 0 8 0.00179287019538 
66 96 0 8 0.00178908332926 
89 108 0 8 0.00178708418682 
63 104 0 8 0.00178554622768 
59 106 0 8 0.00178298480929 
54 112 0 8 0.00176985920415 
92 105 0 8 0.00176703419906 
78 93 0 8 0.00176590177938 
75 94 0 8 0.00176580584137 
9 34 0 8 0.00176395200304 
7 76 0 8 0.0017569621066 
30 94 0 8 0.00175383604036 
65 101 0 8 0.00175283912413 
38 90 0 8 0.00174742377661 
73 98 0 8 0.00173309331836 
79 92 0 8 0.00173111048722 
58 108 0 8 0.00172724308451 
55 113 0 8 0.00172505914473 
21 69 0 8 0.00172460426954 
87 110 0 8 0.00172250664913 
89 106 0 8 0.00171570608459 
86 109 0 8 0.00171456604734 
13 32 0 8 0.00171450341697 
27 67 0 8 0.00171179157925 
58 110 0 8 0.00170705885621 
60 109 0 8 0.00170430923656 
66 99 0 8 0.00170291488487 
28 108 0 8 0.00170210956035 
57 111 0 8 0.0016937548182 
68 96 0 8 0.0016935270533 
22 68 0 8 0.0016929103849 
7 78 0 8 0.00169271805249 
92 104 0 8 0.0016904498744 
4 79 0 8 0.00168996427551 
8 76 0 8 0.00168984346256 
56 108 0 8 0.00168938450283 
60 105 0 8 0.00168901085858 
52 120 0 8 0.00168710166178 
92 107 0 8 0.00168615570386 
91 104 0 8 0.00168543177888 
12 30 0 8 0.00168315026604 
55 111 0 8 0.00166505879128 
72 103 0 8 0.00165487404194 
13 30 0 8 0.00165036426094 
62 105 0 8 0.00164649691418 
35 78 0 8 0.00164369005851 
35 90 0 8 0.00164173837821 
6 76 0 8 0.00163948508381 
87 108 0 8 0.00163800793222 
69 96 0 8 0.00163523461489 
90 109 0 8 0.00162656597294 
65 104 0 8 0.00162543529075 
74 103 0 8 0.001622856795 
86 112 0 8 0.00161880970667 
74 98 0 8 0.00161748523876 
88 107 0 8 0.00161740686508 
7 34 0 8 0.00161117876892 
88 122 0 8 0.00160801409981 
28 57 0 8 0.00160746269091 
56 112 0 8 0.00160730770835 
63 103 0 8 0.00160591171779 
83 127 0 8 0.00160461650982 
19 56 0 8 0.00160270372996 
24 62 0 8 0.0015982109374 
53 113 0 8 0.00159664876687 
56 109 0 8 0.00159496655465 
5 77 0 8 0.00158983426107 
38 80 0 8 0.0015889776057 
66 100 0 8 0.0015889565341 
55 122 0 8 0.00158815184439 
23 67 0 8 0.00158742987638 
58 107 0 8 0.00158340699833 
67 96 0 8 0.00158247334866 
65 100 0 8 0.00158163597561 
72 99 0 8 0.00158074755687 
89 110 0 8 0.00157940815007 
28 64 0 8 0.0015778834391 
60 90 0 8 0.00157745475901 
60 104 0 8 0.00157696354395 
8 74 0 8 0.00157621664032 
14 70 0 8 0.00157551108471 
75 100 0 8 0.00157458241777 
14 26 0 8 0.00157363068457 
17 64 0 8 0.00157337256045 
86 110 0 8 0.00157299280253 
75 93 0 8 0.00156919225939 
19 67 0 8 0.00156911809706 
59 89 0 8 0.00156843605154 
10 33 0 8 0.00156792684782 
88 111 0 8 0.00156129084814 
64 102 0 8 0.00156080725235 
59 110 0 8 0.00155462959216 
31 76 0 8 0.00155445315071 
16 71 0 8 0.00155344791898 
28 59 0 8 0.00155329565619 
10 40 0 8 0.0015513944102 
11 72 0 8 0.00154648931772 
63 106 0 8 0.00154504146359 
90 105 0 8 0.00154380755478 
24 67 0 8 0.00154299506265 
61 108 0 8 0.00154263117493 
22 64 0 8 0.00154147147027 
75 98 0 8 0.00153787031401 
13 71 0 8 0.00153461348173 
86 122 0 8 0.00153417492345 
57 106 0 8 0.00153135385566 
61 104 0 8 0.00153100463094 
57 88 0 8 0.00152674144377 
32 110 0 8 0.00152589192852 
87 119 0 8 0.00152228000179 
7 33 0 8 0.00151883977045 
54 111 0 8 0.00151771314725 
66 104 0 8 0.00151731028351 
11 28 0 8 0.00151448338293 
11 68 0 8 0.00151427061338 
69 99 0 8 0.00151255562996 
31 60 0 8 0.00151171327711 
87 112 0 8 0.00151084939088 
40 71 0 8 0.00150981829424 
24 106 0 8 0.00150724566652 
12 70 0 8 0.0015054227437 
10 70 0 8 0.00150409006132 
14 33 0 8 0.00149726095954 
53 120 0 8 0.00149621789073 
25 64 0 8 0.00149400884599 
84 122 0 8 0.00148866314999 
73 99 0 8 0.00148536033722 
73 100 0 8 0.001484296572 
22 67 0 8 0.00148053547353 
32 108 0 8 0.00147831355966 
55 108 0 8 0.0014749983 
89 105 0 8 0.00147348530622 
55 90 0 8 0.00147227902825 
85 122 0 8 0.001465856724 
30 92 0 8 0.00145907142159 
8 77 0 8 0.00145495927558 
67 102 0 8 0.00145331958011 
58 86 0 8 0.00145188579306 
67 104 0 8 0.00144972205419 
11 73 0 8 0.00144931968568 
55 88 0 8 0.00144620503707 
56 88 0 8 0.00144586817511 
23 62 0 8 0.00144430604095 
84 127 0 8 0.00143941520934 
16 69 0 8 0.00143528046822 
69 97 0 8 0.00143466161257 
12 34 0 8 0.00143219900948 
13 29 0 8 0.00143189771628 
11 27 0 8 0.00143129912496 
15 70 0 8 0.00142829115266 
11 62 0 8 0.00142813650343 
63 102 0 8 0.00142798742491 
91 108 0 8 0.00142773293187 
34 94 0 8 0.00142691978379 
110 126 0 8 0.00142562361181 
6 79 0 8 0.00142284481513 
27 62 0 8 0.00142023663576 
69 98 0 8 0.00142009765213 
37 78 0 8 0.00141968091807 
12 26 0 8 0.00141761276518 
54 110 0 8 0.00141639978305 
72 100 0 8 0.00140800954153 
63 107 0 8 0.00140627880809 
5 34 0 8 0.0014044638132 
24 108 0 8 0.0014023309358 
72 101 0 8 0.00140152603135 
11 33 0 8 0.00139913796194 
53 123 0 8 0.00139806839956 
39 55 0 8 0.00139706651698 
7 38 0 8 0.00139421499887 
20 69 0 8 0.00139354937889 
86 113 0 8 0.00139337969322 
38 92 0 8 0.00139300761665 
14 30 0 8 0.00138692742855 
59 105 0 8 0.00138672892225 
69 103 0 8 0.00138655526821 
10 34 0 8 0.00138395308478 
68 94 0 8 0.00138272545057 
13 64 0 8 0.00138119408014 
17 57 0 8 0.00138042950952 
10 30 0 8 0.00138030404203 
84 121 0 8 0.00137965773242 
61 109 0 8 0.00137801198117 
58 106 0 8 0.00137728182338 
31 57 0 8 0.00137623640266 
85 119 0 8 0.00137480218376 
13 36 0 8 0.00137468977811 
61 91 0 8 0.00137220947605 
65 93 0 8 0.00137131500247 
60 92 0 8 0.00137086180173 
20 70 0 8 0.00136954576777 
19 70 0 8 0.00136854848787 
53 114 0 8 0.00136814880381 
55 109 0 8 0.00136763494408 
86 127 0 8 0.00136686013711 
112 126 0 8 0.00136528432727 
58 88 0 8 0.00136501744061 
75 99 0 8 0.00136499925241 
88 112 0 8 0.00135895566503 
24 57 0 8 0.00135667682288 
68 104 0 8 0.00135616598075 
62 103 0 8 0.00135490660863 
83 122 0 8 0.00135398299955 
58 89 0 8 0.00135334004371 
7 41 0 8 0.00135234595742 
22 122 0 8 0.00135146164696 
9 94 0 8 0.00135009643051 
23 123 0 8 0.00134870531705 
9 22 0 8 0.00134684177697 
66 98 0 8 0.00134575633869 
25 67 0 8 0.00134488068451 
16 29 0 8 0.00134416691537 
36 57 0 8 0.00134360689362 
11 34 0 8 0.00133963799082 
67 99 0 8 0.00133915513953 
61 89 0 8 0.00133803566218 
21 68 0 8 0.0013379255738 
35 55 0 8 0.00133683992986 
13 62 0 8 0.00133177349704 
57 90 0 8 0.00133118966526 
12 73 0 8 0.00132820272335 
62 92 0 8 0.00132469463668 
51 126 0 8 0.00132461136925 
32 60 0 8 0.00132386833238 
25 60 0 8 0.00132321571666 
85 109 0 8 0.00131767358777 
8 98 0 8 0.00131332577533 
13 26 0 8 0.00131069216951 
30 68 0 8 0.00130942456178 
22 62 0 8 0.00130902265384 
22 63 0 8 0.00130665966239 
87 107 0 8 0.00130508806525 
66 97 0 8 0.00130494937354 
64 94 0 8 0.00130394976779 
5 37 0 8 0.0013007896604 
51 120 0 8 0.00129889311545 
87 122 0 8 0.00129717474485 
16 64 0 8 0.00129511731208 
82 107 0 8 0.0012949378976 
84 111 0 8 0.00129320383673 
34 77 0 8 0.00129270680871 
11 61 0 8 0.00129124920208 
39 90 0 8 0.00129094985201 
55 119 0 8 0.00128806146647 
65 95 0 8 0.00128741156213 
51 123 0 8 0.00128549841729 
12 31 0 8 0.00128261990491 
85 127 0 8 0.00128139987281 
53 111 0 8 0.00128077592016 
11 26 0 8 0.00128068764323 
17 65 0 8 0.00127884641818 
58 119 0 8 0.00127853223982 
62 94 0 8 0.00127655804789 
54 88 0 8 0.00127407076382 
19 57 0 8 0.0012737857851 
13 31 0 8 0.00127310385097 
16 62 0 8 0.00127162563122 
63 92 0 8 0.00126723741816 
21 62 0 8 0.00126062261449 
15 62 0 8 0.00125953850448 
17 67 0 8 0.0012589991626 
115 132 0 8 0.00125826679605 
92 110 0 8 0.00125814262052 
54 119 0 8 0.00125757251502 
86 114 0 8 0.00125727216054 
38 110 0 8 0.00125660168059 
88 106 0 8 0.00125502305176 
18 62 0 8 0.00125471886443 
50 125 0 8 0.0012540142424 
52 114 0 8 0.00125314307365 
18 63 0 8 0.00125216927443 
66 95 0 8 0.00125116649983 
63 93 0 8 0.00124960575761 
86 118 0 8 0.00124932965132 
15 71 0 8 0.00124889137383 
15 64 0 8 0.00124859069187 
47 71 0 8 0.00124840435869 
18 64 0 8 0.00124693165684 
48 125 0 8 0.00124546460736 
9 96 0 8 0.00124539850569 
88 127 0 8 0.00124426629357 
54 116 0 8 0.00124423827593 
16 63 0 8 0.00124402624852 
30 110 0 8 0.0012433417244 
18 70 0 8 0.00124331509451 
16 30 0 8 0.00124074177867 
9 28 0 8 0.00123992661339 
22 104 0 8 0.00123817755872 
47 70 0 8 0.00123646821632 
32 55 0 8 0.00123580494256 
84 112 0 8 0.00123514614576 
56 86 0 8 0.00123379820342 
13 57 0 8 0.00123364342117 
36 110 0 8 0.00123153444205 
49 120 0 8 0.00123136037363 
23 60 0 8 0.00123126947988 
14 61 0 8 0.00123028283898 
65 99 0 8 0.00122886319618 
8 99 0 8 0.00122808699388 
61 92 0 8 0.00122799296545 
64 100 0 8 0.00122579490715 
53 126 0 8 0.00122515476585 
56 117 0 8 0.0012242521025 
31 68 0 8 0.00122406335952 
58 85 0 8 0.00122318236954 
12 61 0 8 0.00122311497488 
67 94 0 8 0.00122210624722 
53 122 0 8 0.00122191712038 
4 132 0 8 0.00121870362453 
9 32 0 8 0.00121718027526 
59 90 0 8 0.00121676550198 
48 121 0 8 0.00121664991678 
85 124 0 8 0.00121557473852 
11 69 0 8 0.00121390929511 
11 64 0 8 0.00121331692498 
22 69 0 8 0.00121182646117 
14 31 0 8 0.00121108178598 
90 111 0 8 0.00120966485724 
12 28 0 8 0.00120945138522 
22 94 0 8 0.00120782118504 
59 88 0 8 0.00120636473124 
10 61 0 8 0.00120428435422 
18 56 0 8 0.0011982745934 
33 92 0 8 0.00119826518001 
34 104 0 8 0.00119556184768 
17 59 0 8 0.0011955040362 
35 56 0 8 0.00119510851432 
77 100 0 8 0.00119458214377 
115 131 0 8 0.00119364514553 
62 93 0 8 0.00119347843847 
21 56 0 8 0.0011920525737 
60 89 0 8 0.00119171676792 
9 35 0 8 0.00118890806063 
14 59 0 8 0.0011883116075 
51 124 0 8 0.00118373332642 
87 127 0 8 0.0011837073116 
12 59 0 8 0.00118336396452 
110 122 0 8 0.00118175728587 
56 85 0 8 0.00118153121287 
20 57 0 8 0.0011794082034 
49 121 0 8 0.00117779526463 
5 42 0 8 0.00117682695146 
9 68 0 8 0.0011766367005 
93 106 0 8 0.00117511208186 
53 72 0 8 0.00117415375189 
12 58 0 8 0.00117394364647 
60 91 0 8 0.0011723508926 
32 62 0 8 0.00117071149266 
73 102 0 8 0.00117061078472 
45 70 0 8 0.0011692158705 
42 73 0 8 0.00116848188396 
63 94 0 8 0.00116791031174 
52 122 0 8 0.00116597217102 
31 103 0 8 0.00116535915307 
42 129 0 8 0.00116528187861 
11 76 0 8 0.00116210861118 
24 94 0 8 0.00116165985821 
66 94 0 8 0.00115815490884 
15 57 0 8 0.00115570683312 
88 123 0 8 0.00115553253412 
11 57 0 8 0.00115543555134 
15 36 0 8 0.00115514506814 
38 55 0 8 0.00115492744838 
49 123 0 8 0.00115434132697 
54 121 0 8 0.00115317802861 
75 103 0 8 0.00115289564851 
46 70 0 8 0.0011519495515 
41 132 0 8 0.0011495987756 
16 106 0 8 0.00114850584168 
110 127 0 8 0.00114813263391 
47 126 0 8 0.00114709659365 
6 37 0 8 0.00114477078778 
52 118 0 8 0.00114456287535 
13 35 0 8 0.00114381921196 
52 113 0 8 0.00114141984655 
55 126 0 8 0.00113966652282 
69 117 0 8 0.00113927475338 
79 95 0 8 0.00113777062303 
39 88 0 8 0.00113614173825 
14 56 0 8 0.00113396569644 
23 56 0 8 0.00113365812153 
54 109 0 8 0.00113169477497 
82 109 0 8 0.00113072079766 
20 71 0 8 0.00113058808321 
19 54 0 8 0.00112865625212 
81 105 0 8 0.00112847533468 
3 132 0 8 0.00112608944932 
42 132 0 8 0.00112603490268 
76 104 0 8 0.00112293749425 
51 117 0 8 0.00112119670244 
22 102 0 8 0.00112096108659 
2 118 0 8 0.00112045764353 
61 81 0 8 0.00111972211469 
11 23 0 8 0.00111295149989 
3 41 0 8 0.00111147995244 
9 78 0 8 0.00111074320631 
83 115 0 8 0.00110730742767 
47 69 0 8 0.00110623647582 
58 84 0 8 0.0011055630183 
9 61 0 8 0.00110176934805 
99 125 0 8 0.00110083419297 
11 67 0 8 0.00109934382657 
12 57 0 8 0.001099137511 
53 110 0 8 0.00109908551011 
17 32 0 8 0.00109901030822 
7 100 0 8 0.00109896760455 
50 116 0 8 0.00109815464212 
6 41 0 8 0.00109733238797 
114 132 0 8 0.00109662918265 
17 37 0 8 0.0010953346708 
9 25 0 8 0.00109145213856 
66 115 0 8 0.00108903086692 
43 132 0 8 0.00108894575513 
37 73 0 8 0.00108874356296 
83 130 0 8 0.00108762460919 
39 54 0 8 0.00108736496122 
16 36 0 8 0.00108100022223 
27 71 0 8 0.00108094423045 
55 68 0 8 0.00108083651038 
16 28 0 8 0.00107941694668 
18 36 0 8 0.00107900279124 
13 25 0 8 0.00107793076211 
4 127 0 8 0.00107667918601 
49 128 0 8 0.00107425817401 
39 130 0 8 0.00107368557919 
76 103 0 8 0.00106671795429 
19 36 0 8 0.00106525408302 
74 104 0 8 0.00106386994754 
80 108 0 8 0.00106339362154 
9 59 0 8 0.00106176386223 
39 58 0 8 0.00105719173215 
111 126 0 8 0.00105637283895 
11 24 0 8 0.00105534285953 
15 35 0 8 0.00104850892763 
107 125 0 8 0.00104728256295 
23 36 0 8 0.00104675005831 
33 70 0 8 0.00104472499933 
48 113 0 8 0.0010414669676 
9 111 0 8 0.0010408816308 
57 122 0 8 0.00104003803977 
7 56 0 8 0.00103725270903 
41 77 0 8 0.00103592331678 
45 127 0 8 0.00103539343803 
7 58 0 8 0.00103080168451 
47 130 0 8 0.00102794997164 
30 57 0 8 0.0010269933103 
47 131 0 8 0.00102084928626 
91 103 0 8 0.00101974087647 
78 108 0 8 0.00101952084216 
77 102 0 8 0.00101728067197 
7 70 0 8 0.00101409970636 
83 131 0 8 0.00101193202687 
6 130 0 8 0.00100955635119 
7 94 0 8 0.00100918095344 
105 120 0 8 0.00100893770858 
10 41 0 8 0.00100803501515 
115 128 0 8 0.00100352283315 
12 24 0 8 0.00100306775973 
79 97 0 8 0.00100121902614 
39 106 0 8 0.00100112662759 
67 92 0 8 0.000994917106276 
101 121 0 8 0.000994661208862 
82 112 0 8 0.000990768366669 
38 70 0 8 0.000988681708277 
116 132 0 8 0.000986386818806 
53 129 0 8 0.000983124741843 
38 130 0 8 0.000981308368949 
44 123 0 8 0.000977685472155 
52 128 0 8 0.000975735930186 
48 132 0 8 0.000975352419044 
5 43 0 8 0.00097274636799 
54 67 0 8 0.000970756459285 
51 83 0 8 0.000968336101579 
88 130 0 8 0.00096458586193 
9 23 0 8 0.000961698013847 
6 56 0 8 0.000958149584343 
10 22 0 8 0.000957806394698 
9 56 0 8 0.000954820110221 
11 104 0 8 0.000953678305243 
42 89 0 8 0.000953399316077 
49 83 0 8 0.000951110077221 
18 39 0 8 0.000946520917792 
42 56 0 8 0.00094523515125 
42 55 0 8 0.000939493378079 
64 80 0 8 0.000935885096672 
51 132 0 8 0.000934063276028 
65 109 0 8 0.000932748688936 
4 121 0 8 0.000929061940172 
43 124 0 8 0.000925683888009 
21 117 0 8 0.000917378212243 
49 85 0 8 0.000915435335578 
11 53 0 8 0.000908515904816 
82 129 0 8 0.000904896121452 
44 88 0 8 0.000900560703785 
5 48 0 8 0.0008954809821 
42 80 0 8 0.000883438152072 
67 113 0 8 0.000881041761321 
61 79 0 8 0.000879608206896 
5 69 0 8 0.000875441567469 
20 34 0 8 0.000873428431183 
32 84 0 8 0.000872057840106 
54 107 0 8 0.000869330193565 
6 65 0 8 0.000858537898809 
5 111 0 8 0.000856611273668 
19 38 0 8 0.000856470538412 
24 78 0 8 0.000841159918852 
46 110 0 8 0.000839109720711 
2 99 0 8 0.000813976558574 
79 125 0 8 0.000813191143705 
58 80 0 8 0.000812953514917 
3 49 0 8 0.000812482545192 
57 70 0 8 0.000808916137848 
24 36 0 8 0.000800919156279 
30 122 0 8 0.000796673837337 
5 55 0 8 0.000795477986222 
100 116 0 8 0.00079114096632 
49 80 0 8 0.000775968444103 
41 115 0 8 0.000775146925848 
95 132 0 8 0.000770066605116 
61 124 0 8 0.000766931673387 
54 97 0 8 0.000762117345856 
13 86 0 8 0.000697930997513 
