35 59 0 8 0.00349859371359 
69 94 0 8 0.00325850492503 
40 64 0 8 0.00315955589676 
34 58 0 8 0.00306690982911 
38 62 0 8 0.00298246622269 
37 61 0 8 0.0029612062408 
43 65 0 8 0.00289853434149 
16 37 0 8 0.00261732315289 
71 94 0 8 0.00259264678999 
39 61 0 8 0.00253232226262 
39 64 0 8 0.00252157166039 
42 65 0 8 0.00249337112168 
36 60 0 8 0.00248238005556 
42 66 0 8 0.00247335521527 
39 63 0 8 0.0024304998318 
34 56 0 8 0.00242256992764 
43 67 0 8 0.00241601703824 
68 96 0 8 0.00239420552151 
14 37 0 8 0.00239255770899 
41 65 0 8 0.00238547615654 
17 40 0 8 0.00236842444598 
38 60 0 8 0.00235413903897 
77 92 0 8 0.00233418771941 
44 68 0 8 0.00231052433248 
36 57 0 8 0.00224850908868 
12 35 0 8 0.00224077193924 
43 66 0 8 0.00221652821166 
32 56 0 8 0.00220966989371 
33 56 0 8 0.00220415642716 
13 33 0 8 0.00220095486706 
92 105 0 8 0.00217802719209 
38 61 0 8 0.00216912244216 
43 62 0 8 0.00216691664179 
37 59 0 8 0.00215926607667 
70 94 0 8 0.00215474013781 
12 37 0 8 0.00213598736263 
39 59 0 8 0.00213530879251 
33 54 0 8 0.00212801995528 
67 92 0 8 0.00211766084862 
15 38 0 8 0.00211650359439 
25 51 0 8 0.00210756134378 
90 103 0 8 0.00210098582863 
73 92 0 8 0.00209437169972 
13 36 0 8 0.00208176810209 
33 57 0 8 0.00207346361456 
76 94 0 8 0.00206338271934 
36 59 0 8 0.00204938646285 
15 33 0 8 0.00204156987872 
31 56 0 8 0.00203651974694 
3 19 0 8 0.0020329873081 
11 34 0 8 0.00202995412811 
36 51 0 8 0.00202320711275 
36 54 0 8 0.00201617198737 
35 58 0 8 0.00201349644995 
90 106 0 8 0.00200970219975 
21 44 0 8 0.00200746570667 
70 93 0 8 0.00200559069177 
69 97 0 8 0.00200126700081 
39 65 0 8 0.00199699106577 
38 63 0 8 0.00199634977895 
77 93 0 8 0.00199568865028 
31 54 0 8 0.00199440100521 
16 39 0 8 0.0019943482509 
5 18 0 8 0.00199357902904 
29 54 0 8 0.00198671223615 
40 65 0 8 0.00198411597413 
40 63 0 8 0.00198408292721 
25 50 0 8 0.00198254740638 
77 89 0 8 0.00197847952484 
29 51 0 8 0.00197562611966 
17 37 0 8 0.00197476282924 
48 61 0 8 0.00197064190099 
12 33 0 8 0.00196698160217 
31 55 0 8 0.00196606656735 
35 61 0 8 0.00196386551619 
44 67 0 8 0.00195035584481 
88 104 0 8 0.00194940844686 
14 35 0 8 0.00194848420668 
68 92 0 8 0.00194816498706 
90 102 0 8 0.00194756726053 
36 61 0 8 0.00194343681175 
46 71 0 8 0.00194338686159 
37 60 0 8 0.00194336244777 
74 92 0 8 0.00194161447771 
46 67 0 8 0.00193683052985 
34 57 0 8 0.00193680890104 
45 69 0 8 0.00193675295 
67 94 0 8 0.00193479471691 
24 47 0 8 0.00192946412996 
37 58 0 8 0.00192440557437 
25 48 0 8 0.00192266763661 
44 65 0 8 0.00192094433829 
70 85 0 8 0.0019154681171 
27 47 0 8 0.00191434743729 
38 65 0 8 0.00191318563616 
34 59 0 8 0.00191216205861 
9 23 0 8 0.00190987225716 
39 62 0 8 0.00190842614164 
63 88 0 8 0.00190669484989 
11 33 0 8 0.00190394126703 
100 113 0 8 0.00190312618687 
15 30 0 8 0.00190153543992 
73 105 0 8 0.00189705020584 
41 64 0 8 0.00189703315517 
89 104 0 8 0.00189547780326 
74 93 0 8 0.00189391419813 
6 22 0 8 0.00188692803055 
87 107 0 8 0.0018862875596 
27 49 0 8 0.00188277833921 
28 118 0 8 0.00188268605514 
81 93 0 8 0.00188187699992 
25 43 0 8 0.00187838802857 
13 34 0 8 0.00187783497028 
23 44 0 8 0.00187737369899 
89 106 0 8 0.00187491759516 
8 30 0 8 0.00187383406705 
23 47 0 8 0.00187294923543 
74 95 0 8 0.00187250766186 
45 68 0 8 0.00187149832576 
67 85 0 8 0.00187145007825 
16 40 0 8 0.00186945370237 
45 67 0 8 0.0018665415411 
21 42 0 8 0.00186550815902 
45 71 0 8 0.00186474059445 
90 104 0 8 0.00185894737241 
23 45 0 8 0.00185822604242 
43 60 0 8 0.00185694330759 
36 58 0 8 0.00185447142302 
17 35 0 8 0.0018536029764 
34 55 0 8 0.00185179231581 
40 59 0 8 0.00185114106805 
28 53 0 8 0.00185101938209 
28 47 0 8 0.0018477164208 
91 104 0 8 0.0018462654309 
35 60 0 8 0.00184210646905 
10 33 0 8 0.00184113244882 
17 39 0 8 0.00184048801248 
25 38 0 8 0.00183899568199 
45 61 0 8 0.00183521897348 
39 58 0 8 0.00183488882642 
42 62 0 8 0.00183432064926 
43 64 0 8 0.00183425024836 
49 75 0 8 0.00183223088722 
6 25 0 8 0.00182843521795 
42 64 0 8 0.00182758920246 
44 63 0 8 0.00182738346958 
18 33 0 8 0.00182606777678 
80 92 0 8 0.00182524737826 
22 46 0 8 0.00182491204634 
99 111 0 8 0.00182203265211 
51 75 0 8 0.00182173112256 
12 24 0 8 0.00182104516165 
70 97 0 8 0.00181668302844 
27 53 0 8 0.00181656484584 
68 94 0 8 0.00181537439879 
73 93 0 8 0.00181168564207 
88 106 0 8 0.00181037831807 
44 66 0 8 0.00180735807966 
44 64 0 8 0.00180703195151 
36 65 0 8 0.00180623626923 
99 112 0 8 0.00180579266514 
7 22 0 8 0.00180466442038 
91 103 0 8 0.00180394970536 
8 22 0 8 0.00180219504979 
10 27 0 8 0.00180199677757 
40 61 0 8 0.00179871453747 
27 52 0 8 0.00179782020243 
27 50 0 8 0.00179682115289 
6 26 0 8 0.00179283056638 
41 62 0 8 0.00179192940214 
22 45 0 8 0.00179096476773 
48 75 0 8 0.00179070457393 
38 57 0 8 0.00178805817376 
50 73 0 8 0.00178684888556 
5 22 0 8 0.00178670363995 
15 36 0 8 0.00178489968789 
91 106 0 8 0.00178429883577 
4 118 0 8 0.00178399174438 
14 36 0 8 0.00178231587038 
92 104 0 8 0.00177984534188 
46 62 0 8 0.00177980901967 
13 29 0 8 0.00177945486384 
44 69 0 8 0.00177894716558 
51 73 0 8 0.00177889108982 
29 98 0 8 0.00177557819426 
12 34 0 8 0.00177512711487 
43 71 0 8 0.00177379982905 
80 105 0 8 0.00177301240839 
36 62 0 8 0.0017729791257 
37 62 0 8 0.00176959816355 
43 63 0 8 0.00176856327338 
17 63 0 8 0.00176848175972 
46 65 0 8 0.00176824926562 
11 28 0 8 0.00176758144024 
69 93 0 8 0.00176635794549 
25 47 0 8 0.00176421850311 
8 26 0 8 0.00176328466664 
41 60 0 8 0.001762988023 
52 75 0 8 0.00176181647133 
29 50 0 8 0.00176143949421 
45 66 0 8 0.00176015663911 
22 44 0 8 0.00175857089712 
87 104 0 8 0.00175834169097 
6 21 0 8 0.00175694991738 
42 61 0 8 0.00175376354073 
32 54 0 8 0.00175114607559 
72 96 0 8 0.00175086812842 
90 105 0 8 0.00175077381683 
89 105 0 8 0.0017501553373 
14 38 0 8 0.00174898131046 
11 31 0 8 0.00174763205147 
28 50 0 8 0.00174517801805 
97 113 0 8 0.00174509941176 
24 45 0 8 0.00174412389436 
100 112 0 8 0.00174374623661 
11 32 0 8 0.001741825536 
81 105 0 8 0.001741772345 
19 41 0 8 0.00174174771022 
24 44 0 8 0.00173997826485 
5 19 0 8 0.0017364027623 
45 70 0 8 0.00173624611447 
95 108 0 8 0.00173602215977 
31 53 0 8 0.00173551274991 
88 107 0 8 0.00173490670029 
70 91 0 8 0.0017347382818 
6 18 0 8 0.00173249555355 
87 106 0 8 0.00173219364101 
39 66 0 8 0.00173152224986 
30 53 0 8 0.00172891775767 
13 25 0 8 0.001727542429 
34 54 0 8 0.00172704427091 
7 23 0 8 0.00172636169032 
77 105 0 8 0.00172415923315 
11 27 0 8 0.00172396877764 
80 104 0 8 0.00172375257448 
70 96 0 8 0.0017212454645 
26 53 0 8 0.00171998734848 
16 38 0 8 0.00171894086624 
65 80 0 8 0.00171884081243 
69 96 0 8 0.00171751345886 
92 106 0 8 0.00171706918201 
25 46 0 8 0.00171652655 
70 84 0 8 0.00171522964484 
70 92 0 8 0.00171510155241 
15 29 0 8 0.00171331496957 
12 31 0 8 0.00171298229709 
95 113 0 8 0.00171109079893 
65 83 0 8 0.00171036811562 
76 105 0 8 0.00170884771121 
76 92 0 8 0.00170828997241 
68 84 0 8 0.00170750727414 
29 53 0 8 0.00170675806789 
90 107 0 8 0.00170530130474 
22 43 0 8 0.00170477286787 
15 32 0 8 0.00170446650291 
77 97 0 8 0.00170436123762 
7 26 0 8 0.00170414300421 
51 76 0 8 0.0017033348975 
46 60 0 8 0.00170220567669 
38 64 0 8 0.00170103347938 
13 38 0 8 0.00169938912701 
35 57 0 8 0.00169935630512 
7 21 0 8 0.00169921683589 
77 94 0 8 0.00169845320156 
45 114 0 8 0.00169803387227 
7 19 0 8 0.00169777661506 
46 74 0 8 0.00169677745211 
84 106 0 8 0.00169607831428 
42 68 0 8 0.00169524153984 
18 41 0 8 0.00169500684241 
15 62 0 8 0.00169436618738 
99 113 0 8 0.00169281857698 
44 71 0 8 0.00169256158967 
46 69 0 8 0.00169022898077 
11 23 0 8 0.00168787021563 
19 42 0 8 0.0016876595202 
11 35 0 8 0.00168736885025 
10 23 0 8 0.00168654661167 
44 62 0 8 0.00168604047401 
8 28 0 8 0.00168479260586 
22 47 0 8 0.00168233038786 
12 36 0 8 0.00168182210826 
26 50 0 8 0.00168060266426 
98 114 0 8 0.00168046278275 
6 20 0 8 0.00168012632475 
26 52 0 8 0.00168011445509 
37 63 0 8 0.00168002427832 
78 93 0 8 0.00167984639225 
74 105 0 8 0.00167931930778 
24 46 0 8 0.00167742850079 
4 119 0 8 0.0016765907018 
77 104 0 8 0.00167612027372 
87 102 0 8 0.00167321924404 
44 98 0 8 0.0016728037512 
49 73 0 8 0.00167108954513 
16 35 0 8 0.00167034134149 
45 72 0 8 0.00166902598279 
47 72 0 8 0.00166860537068 
40 66 0 8 0.00166415656384 
16 32 0 8 0.00166235725944 
7 107 0 8 0.00166175253599 
44 61 0 8 0.0016614475709 
38 54 0 8 0.00166014600225 
89 103 0 8 0.00165915706443 
21 43 0 8 0.00165514521928 
72 90 0 8 0.0016530050963 
5 21 0 8 0.00164930434486 
4 22 0 8 0.00164918768547 
74 96 0 8 0.00164777613004 
9 31 0 8 0.00164771078443 
7 27 0 8 0.00164752829012 
68 95 0 8 0.00164735993715 
44 93 0 8 0.00164600177827 
48 110 0 8 0.00164547299159 
45 60 0 8 0.00164389261542 
48 63 0 8 0.00164023471741 
72 91 0 8 0.00163900660648 
70 86 0 8 0.00163892874745 
75 101 0 8 0.00163639694277 
46 99 0 8 0.00163450480171 
79 94 0 8 0.00163417144327 
27 46 0 8 0.00162971003176 
71 97 0 8 0.00162925288397 
66 83 0 8 0.00162639496504 
77 91 0 8 0.00162454685286 
70 89 0 8 0.00162390442045 
62 79 0 8 0.00162383353545 
27 48 0 8 0.00162275991959 
51 79 0 8 0.0016214622467 
20 43 0 8 0.00161805802203 
60 80 0 8 0.00161781126583 
67 95 0 8 0.00161743098704 
61 80 0 8 0.00161715331214 
94 114 0 8 0.00161642837599 
86 107 0 8 0.00161241364091 
78 95 0 8 0.00161210546236 
8 62 0 8 0.00161199775992 
93 105 0 8 0.00161102665325 
78 98 0 8 0.00160978371343 
23 43 0 8 0.00160535051272 
11 43 0 8 0.00160334243472 
13 57 0 8 0.00160318906363 
10 34 0 8 0.00160269827236 
95 112 0 8 0.00160204691838 
62 80 0 8 0.00160044039289 
10 28 0 8 0.00159882033395 
10 22 0 8 0.00159842336603 
7 112 0 8 0.00159838637759 
11 58 0 8 0.00159352183711 
8 29 0 8 0.00159340686474 
11 39 0 8 0.00159257979442 
20 41 0 8 0.00158837583479 
37 56 0 8 0.00158747146116 
20 44 0 8 0.00158533275959 
37 65 0 8 0.00158463161238 
10 31 0 8 0.00158270550913 
22 48 0 8 0.00158269819729 
44 72 0 8 0.00158244733539 
22 95 0 8 0.00158163137385 
65 82 0 8 0.00158064326543 
26 98 0 8 0.00157988479346 
38 66 0 8 0.00157869380935 
9 21 0 8 0.0015777367163 
72 98 0 8 0.00157771963739 
94 108 0 8 0.00157726592326 
69 84 0 8 0.00157659508959 
81 106 0 8 0.00157590941161 
62 89 0 8 0.00157516936853 
81 107 0 8 0.00157237213199 
96 108 0 8 0.00157142679266 
70 113 0 8 0.00157129639014 
54 79 0 8 0.00157003037484 
61 79 0 8 0.00156961427641 
81 104 0 8 0.001568654702 
88 102 0 8 0.00156489246753 
72 106 0 8 0.00156438118413 
11 29 0 8 0.00156272326732 
97 115 0 8 0.00156220721463 
69 82 0 8 0.00155865173281 
16 41 0 8 0.00155813477293 
86 106 0 8 0.00155743626725 
31 57 0 8 0.00155712586764 
5 23 0 8 0.00155686623062 
19 31 0 8 0.001555784789 
60 73 0 8 0.00155417182951 
81 101 0 8 0.00155284105517 
78 91 0 8 0.00155187433708 
65 94 0 8 0.00155116939915 
23 49 0 8 0.00155105489976 
23 50 0 8 0.00155016805733 
8 46 0 8 0.00154987520927 
88 101 0 8 0.00154953722183 
61 88 0 8 0.00154818740759 
16 31 0 8 0.00154610138543 
46 75 0 8 0.00154366108079 
5 17 0 8 0.00154321193317 
5 27 0 8 0.00154205917032 
43 100 0 8 0.00154167455273 
93 107 0 8 0.00154137034113 
60 76 0 8 0.00153968698271 
18 32 0 8 0.00153941561485 
63 86 0 8 0.00153371721997 
12 40 0 8 0.00153364900279 
69 86 0 8 0.0015327170312 
45 93 0 8 0.00153181532596 
73 100 0 8 0.00152656091927 
89 110 0 8 0.00152568872157 
6 30 0 8 0.00152375394693 
30 55 0 8 0.00152344077267 
21 47 0 8 0.00152311081655 
74 110 0 8 0.00152262466676 
65 79 0 8 0.00152102746421 
60 79 0 8 0.0015200392662 
101 114 0 8 0.00151960392075 
45 96 0 8 0.00151846241129 
12 25 0 8 0.00151797738736 
23 51 0 8 0.00151668970382 
44 59 0 8 0.0015158613417 
80 93 0 8 0.00151537233903 
15 60 0 8 0.00151431466211 
45 73 0 8 0.00151206929213 
28 46 0 8 0.00151105523857 
49 67 0 8 0.00151024259563 
8 43 0 8 0.00151008211181 
84 102 0 8 0.00150592361622 
97 116 0 8 0.0015031474827 
11 44 0 8 0.00150303627268 
65 86 0 8 0.00150244077058 
96 116 0 8 0.00150176825972 
45 59 0 8 0.00150156734612 
94 107 0 8 0.00150095259168 
17 30 0 8 0.00150077336197 
4 18 0 8 0.00150020143917 
3 115 0 8 0.00149958082659 
57 100 0 8 0.00149946474403 
68 90 0 8 0.00149813456594 
62 76 0 8 0.00149808301101 
64 94 0 8 0.00149523826897 
9 43 0 8 0.00149394359338 
49 61 0 8 0.00149373449841 
26 54 0 8 0.00149344756146 
8 20 0 8 0.00149242231679 
39 56 0 8 0.00149169532389 
48 69 0 8 0.00149082635035 
93 108 0 8 0.00148808250132 
76 88 0 8 0.00148723789446 
8 38 0 8 0.00148604664218 
8 41 0 8 0.00148499839042 
18 30 0 8 0.00148497423606 
20 46 0 8 0.00148447885767 
36 53 0 8 0.00148327289043 
82 107 0 8 0.00148230223567 
75 105 0 8 0.00148204956743 
84 101 0 8 0.0014818669989 
48 68 0 8 0.0014806804164 
43 73 0 8 0.00148058895639 
74 112 0 8 0.00147984134334 
67 113 0 8 0.00147816424019 
81 95 0 8 0.00147727169065 
70 114 0 8 0.00147104841654 
34 52 0 8 0.00146998430945 
8 47 0 8 0.00146860325439 
68 98 0 8 0.00146845421812 
25 54 0 8 0.00146713975429 
80 95 0 8 0.00146662050012 
98 110 0 8 0.00146513178281 
48 60 0 8 0.00146391241465 
44 101 0 8 0.00145992216253 
80 108 0 8 0.00145735719507 
31 49 0 8 0.00145643770709 
7 37 0 8 0.00145550583616 
20 33 0 8 0.00145442961719 
13 26 0 8 0.00145200033444 
21 96 0 8 0.00145017543751 
87 109 0 8 0.00144965326523 
9 45 0 8 0.00144825981741 
6 31 0 8 0.0014478557297 
1 22 0 8 0.00144667429577 
81 97 0 8 0.00144645010134 
50 92 0 8 0.00144476947144 
51 71 0 8 0.00144246700376 
50 62 0 8 0.0014413993521 
43 57 0 8 0.00144054532471 
23 52 0 8 0.00144047634209 
21 52 0 8 0.0014390752142 
23 40 0 8 0.00143855885131 
67 89 0 8 0.00143850346676 
25 41 0 8 0.00143836570244 
82 101 0 8 0.00143533389299 
102 115 0 8 0.00143402271924 
64 110 0 8 0.00143314594193 
70 82 0 8 0.00143031090446 
30 47 0 8 0.00142946385796 
68 80 0 8 0.00142899043817 
15 28 0 8 0.00142835355377 
61 86 0 8 0.00142834021523 
79 95 0 8 0.00142667931304 
24 40 0 8 0.00142247152554 
102 114 0 8 0.00141915762783 
29 57 0 8 0.00141875140217 
55 111 0 8 0.00141648663477 
46 76 0 8 0.00141570923017 
30 100 0 8 0.00141088915771 
69 102 0 8 0.00140832256616 
3 27 0 8 0.00140812617751 
2 19 0 8 0.00140808496007 
83 103 0 8 0.00140783885476 
43 116 0 8 0.00140532700984 
71 107 0 8 0.00140524468041 
30 45 0 8 0.00140275669927 
27 55 0 8 0.00140069491933 
26 39 0 8 0.00139990546743 
57 99 0 8 0.00139607694033 
73 113 0 8 0.00139470130857 
2 21 0 8 0.00139331311778 
8 50 0 8 0.00139018077085 
76 109 0 8 0.00138809409705 
64 114 0 8 0.00138772477835 
46 108 0 8 0.00138724628131 
8 105 0 8 0.00138618594184 
72 84 0 8 0.0013816207186 
28 72 0 8 0.00137992435924 
1 24 0 8 0.00137735037128 
87 111 0 8 0.00137557093686 
59 87 0 8 0.00137522908335 
49 62 0 8 0.00137271343945 
67 115 0 8 0.00137249059311 
32 45 0 8 0.00137192164024 
21 51 0 8 0.001370107026 
66 78 0 8 0.00136515901641 
6 41 0 8 0.00136458060396 
24 119 0 8 0.00136444983068 
26 38 0 8 0.0013639856905 
64 77 0 8 0.0013637984949 
57 95 0 8 0.00136272831291 
60 100 0 8 0.00136222650953 
6 38 0 8 0.00136186649693 
54 92 0 8 0.0013611804261 
72 104 0 8 0.00135716469247 
49 98 0 8 0.00134482559979 
36 50 0 8 0.00134224614201 
60 74 0 8 0.00134133471649 
51 69 0 8 0.00133607441774 
20 60 0 8 0.00133568930941 
13 46 0 8 0.00133555597416 
52 78 0 8 0.00133499238183 
23 38 0 8 0.00132836670181 
38 51 0 8 0.00132551501335 
35 48 0 8 0.00132319017167 
22 80 0 8 0.0013206921659 
55 107 0 8 0.00131935933438 
46 77 0 8 0.0013187769255 
48 77 0 8 0.00131840958181 
60 108 0 8 0.00131802947598 
74 86 0 8 0.00131501488655 
54 67 0 8 0.00130387770659 
33 47 0 8 0.00128813823888 
99 118 0 8 0.00128774677105 
88 118 0 8 0.00128253964479 
68 103 0 8 0.00128149129892 
88 119 0 8 0.00128141833344 
44 107 0 8 0.00127543509038 
5 49 0 8 0.00127452486828 
39 92 0 8 0.00125966576214 
40 52 0 8 0.00124830536751 
6 53 0 8 0.00124764505444 
5 36 0 8 0.00123166831386 
11 53 0 8 0.00123068060205 
77 114 0 8 0.00122857730959 
23 35 0 8 0.00122605181727 
48 82 0 8 0.00122543111058 
29 42 0 8 0.00121506859696 
84 96 0 8 0.00121000786832 
59 78 0 8 0.00120357276796 
56 68 0 8 0.00120009312772 
1 29 0 8 0.00119881942168 
49 88 0 8 0.00118722408021 
2 15 0 8 0.00118318616714 
3 46 0 8 0.0011751170041 
81 115 0 8 0.00115876466802 
46 83 0 8 0.00115001213691 
3 34 0 8 0.00113899215578 
34 117 0 8 0.00113400857215 
1 31 0 8 0.00111994997395 
36 90 0 8 0.00111244069875 
72 118 0 8 0.00110191354656 
11 117 0 8 0.0010935055324 
2 14 0 8 0.00108270109525 
52 119 0 8 0.00107226330223 
31 105 0 8 0.00105734971095 
2 67 0 8 0.00105511590791 
104 119 0 8 0.0010160075062 
13 71 0 8 0.000983005813634 
9 91 0 8 0.000956044425897 
17 105 0 8 0.00084403333961 
