9 37 0 8 0.00354797956478 
9 38 0 8 0.00341572912703 
8 37 0 8 0.00326756603345 
17 36 0 8 0.00320798777798 
73 89 0 8 0.00297446220645 
7 36 0 8 0.00296425964982 
7 35 0 8 0.00289626289281 
7 37 0 8 0.00288737215759 
11 38 0 8 0.00286339201542 
10 39 0 8 0.00285107999829 
25 89 0 8 0.00278892436202 
15 41 0 8 0.00277633066213 
57 70 0 8 0.00276487109229 
8 56 0 8 0.00274305160077 
8 38 0 8 0.00273016245271 
54 69 0 8 0.00272926158441 
9 36 0 8 0.00272681945279 
17 38 0 8 0.00272636891618 
9 56 0 8 0.00271245597931 
8 36 0 8 0.00270487122556 
7 31 0 8 0.00270139139491 
10 57 0 8 0.00269742114148 
10 55 0 8 0.00268971501885 
8 58 0 8 0.00268467890935 
9 58 0 8 0.00264879490628 
53 68 0 8 0.00264612962014 
56 90 0 8 0.00262500433435 
22 36 0 8 0.00261287369167 
53 94 0 8 0.00260928908723 
10 37 0 8 0.00260752017871 
10 56 0 8 0.00256235146868 
76 89 0 8 0.0025585769689 
7 92 0 8 0.00255599071033 
76 93 0 8 0.00255114877123 
9 54 0 8 0.00254362159952 
7 56 0 8 0.00251946648864 
25 56 0 8 0.00251531004646 
55 72 0 8 0.00251343464471 
7 29 0 8 0.00251234097137 
19 39 0 8 0.00251072268182 
57 72 0 8 0.00250478175352 
6 35 0 8 0.00249254514077 
55 70 0 8 0.00248546862633 
36 57 0 8 0.00248268250423 
8 57 0 8 0.00246841600319 
8 59 0 8 0.00246159578214 
8 31 0 8 0.00246131093863 
14 38 0 8 0.00245820274707 
11 57 0 8 0.00245588115766 
56 93 0 8 0.00244775127455 
55 94 0 8 0.00244460886296 
74 89 0 8 0.00243296067101 
58 90 0 8 0.00243273245831 
54 71 0 8 0.00242888202021 
25 88 0 8 0.0024187048324 
5 58 0 8 0.00241810617529 
22 38 0 8 0.0024180376669 
11 39 0 8 0.00241153724062 
58 87 0 8 0.00241052573001 
5 31 0 8 0.00240057541249 
57 73 0 8 0.00237544830688 
8 39 0 8 0.00237025695568 
76 90 0 8 0.00236821278521 
5 36 0 8 0.00236792918204 
8 73 0 8 0.00236754017957 
8 71 0 8 0.00236081541346 
8 29 0 8 0.00235626066938 
18 39 0 8 0.00235592093446 
10 41 0 8 0.00235522554332 
14 40 0 8 0.002347206413 
12 40 0 8 0.00234009444291 
6 31 0 8 0.00233621017686 
6 37 0 8 0.00233315022172 
11 55 0 8 0.0023318070731 
21 88 0 8 0.00233089070809 
37 58 0 8 0.00232244316889 
55 69 0 8 0.00231849082595 
6 57 0 8 0.00231763346593 
17 40 0 8 0.00231500512828 
9 55 0 8 0.00231491568656 
10 58 0 8 0.00230094011544 
55 71 0 8 0.00229497030308 
9 40 0 8 0.00229429438536 
7 58 0 8 0.00229062089695 
17 39 0 8 0.00229012286348 
9 39 0 8 0.00228268615418 
57 71 0 8 0.00227959207983 
9 57 0 8 0.0022782036163 
11 54 0 8 0.00227756168855 
56 72 0 8 0.00226684512315 
58 71 0 8 0.00226506513028 
9 80 0 8 0.00226488563374 
8 93 0 8 0.00226462950818 
11 93 0 8 0.00226278811867 
11 37 0 8 0.00226089071865 
75 89 0 8 0.00224629991989 
14 68 0 8 0.00224424253349 
58 91 0 8 0.002243366764 
52 66 0 8 0.00224194699251 
36 56 0 8 0.00222656128181 
52 67 0 8 0.00222604807121 
8 54 0 8 0.00222595884792 
58 88 0 8 0.00222503423269 
15 39 0 8 0.00221708349036 
15 44 0 8 0.00221568546996 
36 58 0 8 0.00221543373844 
36 55 0 8 0.00221099432166 
73 92 0 8 0.00220976361976 
8 89 0 8 0.00220900832247 
7 88 0 8 0.00220898732178 
37 94 0 8 0.00220298217691 
9 89 0 8 0.0022022871168 
29 93 0 8 0.00220069642092 
38 58 0 8 0.00219761970031 
71 89 0 8 0.00219365171736 
18 40 0 8 0.00218799548816 
12 38 0 8 0.00218618497646 
16 39 0 8 0.00218442542288 
6 55 0 8 0.00218133888033 
11 58 0 8 0.00218108698266 
15 38 0 8 0.00218019029152 
54 95 0 8 0.00217793219666 
51 66 0 8 0.00217771788545 
10 79 0 8 0.00217305211207 
56 94 0 8 0.0021706611112 
37 56 0 8 0.0021696167665 
7 54 0 8 0.00216690594548 
11 76 0 8 0.00216308614343 
53 95 0 8 0.00216285149358 
7 28 0 8 0.00216261845543 
6 28 0 8 0.00215828728848 
11 56 0 8 0.00215443447492 
38 57 0 8 0.00215204864983 
8 76 0 8 0.00215021794308 
10 38 0 8 0.00214939022645 
8 72 0 8 0.00214773364753 
14 37 0 8 0.00214450354431 
6 30 0 8 0.00214416812626 
33 58 0 8 0.00214361126558 
8 74 0 8 0.0021424382642 
18 38 0 8 0.00213775129701 
11 40 0 8 0.00213585881375 
25 58 0 8 0.00213478429251 
6 36 0 8 0.00213283072383 
25 59 0 8 0.00213269807448 
10 93 0 8 0.00213194764926 
13 38 0 8 0.00213071283269 
21 92 0 8 0.00212673847059 
9 93 0 8 0.00212630883712 
58 72 0 8 0.00212478229098 
29 55 0 8 0.00212400476789 
25 90 0 8 0.00211843091453 
29 89 0 8 0.00211813673446 
56 71 0 8 0.00211688386296 
22 58 0 8 0.00211585587796 
6 29 0 8 0.00211510707413 
60 83 0 8 0.00211504374486 
8 55 0 8 0.00211416566298 
28 76 0 8 0.00210771531574 
10 40 0 8 0.00210042121118 
25 92 0 8 0.00209884800146 
11 41 0 8 0.00209582547212 
9 59 0 8 0.00209355908247 
6 58 0 8 0.00209330454122 
12 52 0 8 0.00209300236315 
10 70 0 8 0.00209275628694 
28 93 0 8 0.00208974210137 
25 60 0 8 0.002087461763 
30 52 0 8 0.00208693655645 
9 76 0 8 0.00208581979065 
10 44 0 8 0.00208221671084 
9 29 0 8 0.00208155475446 
10 36 0 8 0.00208076462554 
10 35 0 8 0.00207725611341 
12 55 0 8 0.00206427817255 
10 76 0 8 0.00206375230352 
8 79 0 8 0.00206016736303 
7 89 0 8 0.00205990732709 
14 41 0 8 0.00205195391063 
17 37 0 8 0.00205157816561 
12 41 0 8 0.0020486269559 
11 36 0 8 0.00204541180459 
56 87 0 8 0.00204482506838 
7 25 0 8 0.00204205032982 
8 90 0 8 0.00204199167706 
16 44 0 8 0.00204010183887 
7 93 0 8 0.00204010056627 
11 44 0 8 0.00203776234919 
37 57 0 8 0.00203409357027 
52 65 0 8 0.00203380396601 
7 76 0 8 0.00203305253311 
9 81 0 8 0.0020317270582 
7 55 0 8 0.00203130948841 
53 97 0 8 0.00202689185959 
56 88 0 8 0.00202417341507 
7 34 0 8 0.00202374968797 
6 59 0 8 0.0020227632505 
11 47 0 8 0.00202235279474 
7 30 0 8 0.00201557058404 
52 70 0 8 0.00201527635854 
55 93 0 8 0.00201494279575 
59 74 0 8 0.0020114808954 
10 89 0 8 0.00200960491062 
44 72 0 8 0.00200335391576 
22 72 0 8 0.00199869541222 
10 85 0 8 0.0019958136726 
22 73 0 8 0.00199408095748 
6 54 0 8 0.0019937743302 
7 96 0 8 0.00199298203359 
53 70 0 8 0.00199250261187 
15 37 0 8 0.00199101452513 
35 55 0 8 0.00199072565252 
10 73 0 8 0.00198749727179 
14 36 0 8 0.00198582142976 
14 43 0 8 0.00198566377994 
46 70 0 8 0.00198501422441 
31 57 0 8 0.00198467216363 
8 35 0 8 0.00197923099396 
6 34 0 8 0.00197906207886 
17 41 0 8 0.00197838538419 
29 90 0 8 0.00197832016515 
25 86 0 8 0.00197739880974 
55 68 0 8 0.00197709765908 
58 93 0 8 0.00197405791095 
10 53 0 8 0.00197099963349 
12 50 0 8 0.00196925801335 
24 58 0 8 0.00196747812785 
58 94 0 8 0.00196723285463 
29 71 0 8 0.00196716232702 
57 69 0 8 0.0019660034993 
29 96 0 8 0.0019656318709 
18 41 0 8 0.00196327023729 
30 96 0 8 0.00196136004776 
14 44 0 8 0.00195894893431 
25 85 0 8 0.00195845068331 
56 92 0 8 0.00195516156901 
15 47 0 8 0.00194516009251 
10 90 0 8 0.00194452744079 
59 94 0 8 0.00194281711332 
12 51 0 8 0.00194247038959 
28 90 0 8 0.00194179658015 
31 60 0 8 0.00194115405231 
60 88 0 8 0.0019400767593 
9 77 0 8 0.00193837877293 
15 92 0 8 0.00193748690165 
7 24 0 8 0.00193642986867 
5 28 0 8 0.00193604887624 
35 57 0 8 0.00193524308017 
21 89 0 8 0.0019338556533 
56 74 0 8 0.00193164942985 
6 53 0 8 0.00193058157521 
58 85 0 8 0.00192551137262 
5 37 0 8 0.00192437064778 
39 56 0 8 0.00192148588568 
48 68 0 8 0.00191996155488 
9 22 0 8 0.00191954356708 
54 93 0 8 0.00191823817585 
73 88 0 8 0.00191811324904 
10 86 0 8 0.00191728393161 
9 79 0 8 0.00191573444414 
16 68 0 8 0.0019124982416 
54 68 0 8 0.00191002792711 
11 59 0 8 0.00190940343132 
54 74 0 8 0.00190914557208 
30 71 0 8 0.00190786972896 
12 43 0 8 0.00190611375584 
35 68 0 8 0.00190439680285 
58 73 0 8 0.00190346602162 
32 55 0 8 0.00190212980238 
32 72 0 8 0.00190160786824 
9 86 0 8 0.00189992349029 
31 69 0 8 0.00189561860483 
6 61 0 8 0.00189362812024 
37 53 0 8 0.00189343919778 
28 92 0 8 0.0018913765974 
7 91 0 8 0.00189120475253 
14 53 0 8 0.00188392612126 
10 29 0 8 0.0018837571279 
8 44 0 8 0.00188195890164 
13 43 0 8 0.00187954349327 
6 60 0 8 0.00187924076153 
31 71 0 8 0.00187832446089 
15 58 0 8 0.0018757947068 
9 71 0 8 0.00187440953576 
33 57 0 8 0.00187393368977 
7 53 0 8 0.00187234393267 
37 55 0 8 0.00187146375446 
25 77 0 8 0.00186719231481 
21 39 0 8 0.0018657222687 
6 56 0 8 0.00186256419371 
33 61 0 8 0.00186121011073 
25 38 0 8 0.00186105601979 
11 53 0 8 0.00186057315056 
5 90 0 8 0.00185064313921 
49 67 0 8 0.00185024020929 
15 88 0 8 0.00184943432309 
33 60 0 8 0.00184907498443 
25 75 0 8 0.00184510135501 
37 82 0 8 0.00184315884598 
29 53 0 8 0.00184260724977 
50 67 0 8 0.00184066291489 
52 68 0 8 0.00183970757604 
8 60 0 8 0.00183923276075 
58 86 0 8 0.00183897160163 
22 89 0 8 0.00183169730146 
13 47 0 8 0.00183033407914 
10 82 0 8 0.00183018367908 
15 53 0 8 0.00182597932097 
10 78 0 8 0.0018258643605 
49 95 0 8 0.00182457753149 
55 67 0 8 0.00182376810581 
24 80 0 8 0.00182369957359 
17 33 0 8 0.00182361024416 
59 71 0 8 0.00181964617611 
16 66 0 8 0.00181958723826 
73 85 0 8 0.00181780285043 
5 29 0 8 0.00181757981897 
37 91 0 8 0.00181717623384 
7 72 0 8 0.00181639899992 
11 70 0 8 0.00181602498247 
12 53 0 8 0.00181548436417 
13 53 0 8 0.00181421800375 
19 40 0 8 0.0018116276574 
60 84 0 8 0.00181054142643 
9 44 0 8 0.00181003179934 
30 69 0 8 0.00180866950699 
29 70 0 8 0.00180853435997 
8 61 0 8 0.00180818821844 
8 53 0 8 0.00180497720332 
29 52 0 8 0.00180477522095 
54 66 0 8 0.00180476804084 
7 87 0 8 0.00180058999129 
7 94 0 8 0.0018004415203 
29 57 0 8 0.00179786580709 
7 97 0 8 0.00179641927744 
60 72 0 8 0.00179625214383 
49 68 0 8 0.00179259384954 
26 71 0 8 0.00178882213129 
50 95 0 8 0.00178347750015 
10 51 0 8 0.00178253945369 
30 50 0 8 0.00178233916505 
21 45 0 8 0.0017823223087 
16 43 0 8 0.00178088706668 
11 75 0 8 0.00178036849469 
29 75 0 8 0.00177990932996 
6 75 0 8 0.00177835092058 
34 61 0 8 0.00177721126133 
10 69 0 8 0.00177444908211 
15 45 0 8 0.0017733448023 
6 93 0 8 0.0017697427485 
28 71 0 8 0.00176854404792 
38 91 0 8 0.00176851584467 
7 47 0 8 0.00176567894764 
25 43 0 8 0.00176491737398 
5 34 0 8 0.00176345584682 
71 88 0 8 0.00176035842936 
6 97 0 8 0.00175749991151 
7 85 0 8 0.00175447795658 
54 73 0 8 0.00175266308387 
7 71 0 8 0.00175058885119 
18 44 0 8 0.00174911633922 
21 77 0 8 0.00174848614482 
33 69 0 8 0.00174218491753 
32 65 0 8 0.00174193165863 
29 91 0 8 0.00174158295499 
8 82 0 8 0.00174101058519 
36 68 0 8 0.00173942521537 
10 68 0 8 0.00173779286426 
37 86 0 8 0.00173614164901 
12 92 0 8 0.00173582654458 
5 95 0 8 0.00173437194623 
47 92 0 8 0.00172761658149 
38 95 0 8 0.001723634644 
31 59 0 8 0.00171981644844 
52 64 0 8 0.00171950094202 
5 59 0 8 0.00171715512021 
28 96 0 8 0.00171552807748 
6 72 0 8 0.00171546432104 
12 47 0 8 0.00171326549854 
12 48 0 8 0.0017091635739 
33 54 0 8 0.00170901789996 
18 65 0 8 0.00170897850269 
71 90 0 8 0.00170679415302 
5 87 0 8 0.00170553231823 
14 66 0 8 0.00170445836777 
25 68 0 8 0.00169776679388 
63 75 0 8 0.00169518720051 
24 91 0 8 0.00169369547404 
21 74 0 8 0.00168989793554 
51 96 0 8 0.00168987072261 
22 75 0 8 0.00168613475026 
15 68 0 8 0.0016858524308 
10 47 0 8 0.00168241387142 
8 26 0 8 0.00168040850518 
53 65 0 8 0.00167609237912 
13 61 0 8 0.00167487367341 
28 69 0 8 0.00167370130737 
14 46 0 8 0.00167283167107 
18 72 0 8 0.00166389164319 
58 76 0 8 0.00166370635216 
35 94 0 8 0.00166240609014 
21 80 0 8 0.00166010859947 
22 37 0 8 0.00165897455046 
6 40 0 8 0.00165680435995 
23 38 0 8 0.00165354169661 
5 96 0 8 0.00164467057188 
25 79 0 8 0.00164189291148 
12 83 0 8 0.00164172692632 
11 96 0 8 0.00164163442309 
61 84 0 8 0.0016401963779 
12 61 0 8 0.00163751360067 
47 68 0 8 0.00163595241978 
7 22 0 8 0.00163479276121 
28 50 0 8 0.00163440085366 
17 66 0 8 0.00163364669826 
24 95 0 8 0.00163251777076 
44 70 0 8 0.00163196901532 
14 49 0 8 0.00162539730322 
5 60 0 8 0.00162515486719 
6 24 0 8 0.00162083531847 
14 85 0 8 0.00162067959068 
6 69 0 8 0.00161586942512 
41 75 0 8 0.00161456130436 
15 59 0 8 0.00161350349029 
16 53 0 8 0.00161122012588 
7 21 0 8 0.00161015901633 
17 72 0 8 0.00160991675031 
15 96 0 8 0.00160939087109 
16 67 0 8 0.00160474680262 
8 66 0 8 0.00160449075185 
5 73 0 8 0.00160395085135 
16 72 0 8 0.00160379666062 
26 55 0 8 0.00160357705917 
37 69 0 8 0.00160244901878 
6 47 0 8 0.00160168962129 
37 68 0 8 0.0016003521413 
15 56 0 8 0.00160028346174 
13 82 0 8 0.00159942608778 
48 66 0 8 0.00159750378921 
35 62 0 8 0.00159670355722 
64 80 0 8 0.00159264014186 
23 39 0 8 0.00158777001474 
59 76 0 8 0.00158654695853 
16 64 0 8 0.00158056209102 
31 74 0 8 0.00157836371036 
15 54 0 8 0.00157783407934 
18 84 0 8 0.00157750070049 
63 87 0 8 0.00157680193257 
8 84 0 8 0.00157671306132 
29 66 0 8 0.001574294528 
8 64 0 8 0.00157333759412 
42 75 0 8 0.00156972231962 
18 85 0 8 0.00156943231431 
27 73 0 8 0.00156733488111 
47 88 0 8 0.00156726417972 
64 83 0 8 0.00156218891839 
5 83 0 8 0.00156041020037 
51 86 0 8 0.00155914934454 
25 39 0 8 0.00155587660519 
66 93 0 8 0.00155186512707 
37 64 0 8 0.00155073228106 
65 94 0 8 0.00154616414358 
5 71 0 8 0.001537493473 
29 85 0 8 0.00153597690503 
24 85 0 8 0.00153240734565 
25 47 0 8 0.0015292917642 
6 68 0 8 0.00152725854424 
30 97 0 8 0.00152487849885 
6 63 0 8 0.00151952236451 
41 79 0 8 0.00151524245326 
5 53 0 8 0.00151315518685 
81 101 0 8 0.00150771005459 
27 60 0 8 0.00150687008758 
39 75 0 8 0.00150168956677 
19 76 0 8 0.00149710791599 
36 92 0 8 0.0014923548692 
35 97 0 8 0.00148861604317 
15 74 0 8 0.00148821263156 
65 90 0 8 0.00148218927086 
13 95 0 8 0.00147839069979 
64 97 0 8 0.00146286842356 
57 84 0 8 0.00146062356733 
47 97 0 8 0.00145696870367 
4 87 0 8 0.00145078012278 
19 34 0 8 0.00145069245237 
24 54 0 8 0.00143962580415 
39 52 0 8 0.00143278626158 
37 51 0 8 0.00141878853504 
11 25 0 8 0.00141557172112 
11 97 0 8 0.00140680794701 
62 77 0 8 0.00140569185025 
4 52 0 8 0.00140516747312 
16 60 0 8 0.00140392123843 
5 99 0 8 0.00139960388019 
67 80 0 8 0.00139492698557 
37 71 0 8 0.00139037645597 
51 101 0 8 0.00139003456885 
28 47 0 8 0.00138550259026 
1 96 0 8 0.00137609570264 
45 88 0 8 0.00135824766233 
49 62 0 8 0.00133769609351 
23 95 0 8 0.0013314633021 
75 102 0 8 0.00128897855058 
29 42 0 8 0.00126268865347 
44 59 0 8 0.0012545983974 
47 80 0 8 0.00124348915855 
45 77 0 8 0.00122759764785 
61 101 0 8 0.00121535220986 
44 101 0 8 0.00119707836576 
46 59 0 8 0.00114992908207 
