47 61 0 8 0.00631533544627 
49 64 0 8 0.00612260209443 
21 42 0 8 0.00564032701706 
10 34 0 8 0.00456435348224 
16 41 0 8 0.00450246157904 
13 34 0 8 0.00445810111997 
43 63 0 8 0.00441713049567 
43 66 0 8 0.00434130715438 
20 40 0 8 0.0041833940089 
16 40 0 8 0.00418141911744 
48 64 0 8 0.004076366685 
46 63 0 8 0.00396183330311 
44 61 0 8 0.00390895086674 
10 41 0 8 0.00389283069341 
10 36 0 8 0.00388076352616 
49 67 0 8 0.00380226739918 
13 33 0 8 0.0037733557728 
33 47 0 8 0.00374943917705 
21 65 0 8 0.0037424825957 
33 61 0 8 0.00374040347774 
22 38 0 8 0.00373828113469 
37 70 0 8 0.00372912768284 
46 66 0 8 0.00372816975017 
22 35 0 8 0.00371300084167 
30 44 0 8 0.0036806539762 
24 45 0 8 0.00367166682075 
10 33 0 8 0.00365266666904 
21 64 0 8 0.00364854842698 
11 40 0 8 0.00359046283694 
13 31 0 8 0.00357526841378 
10 39 0 8 0.00357306127412 
21 40 0 8 0.00353393661454 
22 43 0 8 0.00351191260422 
13 32 0 8 0.00345398885035 
19 38 0 8 0.00344258301917 
20 41 0 8 0.00337494912682 
48 62 0 8 0.00334405804544 
28 44 0 8 0.00333910237023 
24 44 0 8 0.00331422410891 
37 69 0 8 0.00328970493243 
35 63 0 8 0.00327159920585 
36 61 0 8 0.00325947250269 
50 62 0 8 0.00325341351699 
38 63 0 8 0.00323640809653 
13 41 0 8 0.00321244422567 
25 45 0 8 0.00320511662829 
16 32 0 8 0.00319393553999 
47 62 0 8 0.00319254001725 
37 62 0 8 0.00319242053932 
37 60 0 8 0.00316535430875 
49 68 0 8 0.00314228745104 
13 36 0 8 0.0031387241176 
42 63 0 8 0.0031117990223 
22 63 0 8 0.00310669338817 
42 62 0 8 0.00310125020133 
28 43 0 8 0.00307570101254 
47 63 0 8 0.00306889134725 
9 28 0 8 0.00306231276465 
36 60 0 8 0.00305243993089 
11 41 0 8 0.00304625545959 
37 67 0 8 0.00304114618908 
22 47 0 8 0.00303324020595 
25 44 0 8 0.00302937008015 
5 54 0 8 0.00301593797644 
22 46 0 8 0.00301099269089 
35 61 0 8 0.00300251216988 
15 41 0 8 0.00300078799911 
47 64 0 8 0.00297812491783 
51 71 0 8 0.00296213143055 
38 66 0 8 0.00296200763416 
23 49 0 8 0.00294990789827 
29 44 0 8 0.00294831652301 
40 65 0 8 0.00294251470874 
45 62 0 8 0.00294035352347 
46 62 0 8 0.00293699503708 
51 69 0 8 0.0029328501192 
31 44 0 8 0.00292552824784 
24 65 0 8 0.00292496848762 
27 45 0 8 0.00292315022051 
30 45 0 8 0.00292129563696 
34 61 0 8 0.00291614944351 
47 66 0 8 0.00291379905534 
9 55 0 8 0.00291182471354 
19 43 0 8 0.00291076309087 
26 45 0 8 0.00290216533866 
25 65 0 8 0.00289250367961 
41 62 0 8 0.00289008781618 
8 53 0 8 0.00288465883217 
49 62 0 8 0.0028746452927 
47 67 0 8 0.00287423046415 
19 35 0 8 0.00287341627681 
48 63 0 8 0.00287288676124 
14 71 0 8 0.00286933031665 
50 67 0 8 0.00286542361401 
17 64 0 8 0.00286355266327 
18 65 0 8 0.00286345968138 
24 43 0 8 0.00285848347617 
48 67 0 8 0.00285214006172 
45 64 0 8 0.00284747083284 
35 66 0 8 0.00284465823872 
26 47 0 8 0.00283979004681 
45 61 0 8 0.00283781678481 
40 55 0 8 0.00283649587898 
17 32 0 8 0.00281036999724 
10 32 0 8 0.00280323839624 
51 68 0 8 0.00279746149037 
9 52 0 8 0.00278919041866 
51 70 0 8 0.00278597305802 
48 69 0 8 0.00278352174254 
2 69 0 8 0.0027768057322 
13 39 0 8 0.00277182183971 
26 44 0 8 0.00277080512694 
42 61 0 8 0.00276794565695 
10 38 0 8 0.00276733382897 
9 41 0 8 0.00276428815799 
17 41 0 8 0.00276233878147 
42 67 0 8 0.00275533619522 
27 44 0 8 0.0027523191752 
8 28 0 8 0.00275199780129 
26 43 0 8 0.00274915757388 
19 46 0 8 0.00274477084022 
23 44 0 8 0.00274424729582 
37 55 0 8 0.0027305895343 
5 28 0 8 0.00272958388639 
8 29 0 8 0.00272575296536 
11 28 0 8 0.00271753796984 
5 68 0 8 0.00271725516441 
6 29 0 8 0.00271480501721 
49 73 0 8 0.00271404707131 
23 50 0 8 0.00271124330791 
17 39 0 8 0.00270836682634 
35 62 0 8 0.00270587339363 
28 41 0 8 0.00270413961982 
7 37 0 8 0.00269983638907 
36 62 0 8 0.00269956912995 
17 42 0 8 0.00269800500388 
23 42 0 8 0.00269558653616 
9 50 0 8 0.00269543321463 
13 35 0 8 0.00269341347794 
21 46 0 8 0.00269314194728 
48 68 0 8 0.00269305630512 
42 64 0 8 0.00268941150875 
37 53 0 8 0.00268448703881 
24 68 0 8 0.0026841510487 
16 34 0 8 0.00268262032312 
43 67 0 8 0.00268163447287 
25 68 0 8 0.00268098218097 
52 72 0 8 0.00267890444236 
5 57 0 8 0.00267659309471 
50 65 0 8 0.00267454229286 
7 28 0 8 0.00267275569625 
48 61 0 8 0.00267094354007 
5 29 0 8 0.00267021150304 
21 45 0 8 0.0026688775411 
19 63 0 8 0.00266160985039 
10 26 0 8 0.0026609026386 
45 69 0 8 0.00266063802491 
12 29 0 8 0.00265505362961 
22 66 0 8 0.00265502911622 
19 47 0 8 0.00264997567741 
21 47 0 8 0.00264952137951 
27 46 0 8 0.00264480052587 
41 61 0 8 0.00263827055274 
28 46 0 8 0.00263823541457 
17 68 0 8 0.00263626738721 
12 41 0 8 0.00263420665045 
24 46 0 8 0.00263064954046 
42 66 0 8 0.00262776047453 
51 67 0 8 0.00262621083551 
5 55 0 8 0.00262538073148 
8 52 0 8 0.00262241750921 
40 64 0 8 0.0026224038028 
40 67 0 8 0.00262209690363 
11 46 0 8 0.00261355922918 
2 73 0 8 0.00260842667617 
13 61 0 8 0.00260257613191 
12 43 0 8 0.00260207973882 
41 66 0 8 0.00260141079214 
27 58 0 8 0.00259483840425 
37 54 0 8 0.00259478882363 
28 42 0 8 0.00259298944567 
9 54 0 8 0.00258689114274 
15 58 0 8 0.00258519656048 
20 37 0 8 0.00258109981383 
54 69 0 8 0.00257986188849 
29 45 0 8 0.00257771964208 
29 65 0 8 0.00257742165512 
12 45 0 8 0.00257726198936 
11 44 0 8 0.00257499367173 
21 68 0 8 0.00257255874617 
22 61 0 8 0.00257199426182 
23 72 0 8 0.00256855315309 
23 37 0 8 0.00256822658222 
30 43 0 8 0.0025593720104 
1 68 0 8 0.00255756313821 
24 48 0 8 0.00255376793285 
11 29 0 8 0.0025526584349 
19 32 0 8 0.00255261171549 
21 67 0 8 0.00255126479448 
15 47 0 8 0.00254756041141 
8 45 0 8 0.00254716750614 
46 70 0 8 0.0025403963626 
8 27 0 8 0.00253705106479 
10 43 0 8 0.00253383434143 
52 69 0 8 0.00253194773914 
22 41 0 8 0.00252982972565 
16 48 0 8 0.00252981502097 
30 65 0 8 0.00252910123623 
6 23 0 8 0.00252758992808 
20 44 0 8 0.00252651480466 
24 58 0 8 0.00252496948149 
23 64 0 8 0.00252136706742 
25 58 0 8 0.0025190507671 
35 47 0 8 0.00251437060151 
24 57 0 8 0.00251316595257 
17 65 0 8 0.00251154985071 
37 59 0 8 0.00250911739783 
31 43 0 8 0.00250368537474 
23 40 0 8 0.00250247063255 
28 57 0 8 0.0024986898868 
16 55 0 8 0.00249624731721 
4 57 0 8 0.00249395964832 
41 53 0 8 0.00249232383804 
19 36 0 8 0.00249091373177 
28 65 0 8 0.00248962892016 
9 44 0 8 0.00248926067186 
8 48 0 8 0.00248572033958 
8 24 0 8 0.00248470451468 
7 56 0 8 0.00248448348358 
12 50 0 8 0.00248189238664 
28 62 0 8 0.00248186238214 
9 46 0 8 0.00248046565714 
21 37 0 8 0.00248027472624 
15 45 0 8 0.00247771430131 
16 45 0 8 0.00247135350283 
28 60 0 8 0.00246975915376 
27 62 0 8 0.00246682454432 
30 42 0 8 0.00246527592259 
9 73 0 8 0.00246322242701 
21 50 0 8 0.00246321318863 
19 61 0 8 0.00245536048954 
28 59 0 8 0.00245307075901 
18 68 0 8 0.00245194196179 
4 37 0 8 0.00245077654578 
15 64 0 8 0.00244709159055 
18 32 0 8 0.00244359597296 
10 45 0 8 0.00244144444387 
32 44 0 8 0.00244124453786 
37 64 0 8 0.00243895419278 
41 60 0 8 0.00243877135687 
19 45 0 8 0.00243702114594 
52 64 0 8 0.00243508386181 
27 48 0 8 0.00242582825789 
11 48 0 8 0.00241558030955 
17 71 0 8 0.00241517345376 
29 58 0 8 0.00241425338279 
55 69 0 8 0.00241025349259 
5 37 0 8 0.002409091375 
34 47 0 8 0.0024073413763 
9 25 0 8 0.00240059043061 
29 41 0 8 0.00239951703648 
32 63 0 8 0.00239843532848 
4 56 0 8 0.00239469274937 
4 74 0 8 0.00239425352101 
11 50 0 8 0.00239288241444 
23 58 0 8 0.00239223131976 
49 71 0 8 0.00239216570097 
37 52 0 8 0.00238881521406 
15 30 0 8 0.00238352642483 
11 26 0 8 0.00238076497201 
22 50 0 8 0.00237847254064 
25 59 0 8 0.00237835728634 
21 51 0 8 0.00237798111052 
24 67 0 8 0.00237796971483 
22 36 0 8 0.00237074024897 
57 72 0 8 0.00236714348671 
1 72 0 8 0.00236522163401 
30 67 0 8 0.0023612788909 
8 23 0 8 0.00235689927033 
14 64 0 8 0.00234893694162 
6 51 0 8 0.00234826344231 
35 49 0 8 0.00234823789047 
23 52 0 8 0.00234736898255 
5 67 0 8 0.0023468518012 
5 73 0 8 0.00234619925337 
32 47 0 8 0.00234320101174 
31 61 0 8 0.00233999892501 
54 71 0 8 0.00233662370472 
17 30 0 8 0.00233399120307 
8 57 0 8 0.00233312314092 
19 66 0 8 0.00233190583475 
36 49 0 8 0.00232950777434 
17 58 0 8 0.00232914415603 
51 72 0 8 0.00232671025056 
39 51 0 8 0.00232164165904 
32 66 0 8 0.0023169674752 
18 60 0 8 0.00231693920741 
18 49 0 8 0.00231679257923 
26 63 0 8 0.00231085397274 
25 72 0 8 0.00230969474537 
28 51 0 8 0.00230967383551 
27 56 0 8 0.00230871496993 
32 46 0 8 0.00230787582435 
54 72 0 8 0.00230758905111 
4 28 0 8 0.00230690873748 
7 51 0 8 0.00230360608195 
13 62 0 8 0.00229674773522 
22 34 0 8 0.00228974028527 
23 56 0 8 0.0022876163916 
54 67 0 8 0.00228445853763 
3 54 0 8 0.00227991509638 
29 51 0 8 0.00227852172867 
12 64 0 8 0.00227705710743 
16 56 0 8 0.00227526408769 
8 73 0 8 0.00227452122381 
37 51 0 8 0.0022743704708 
37 49 0 8 0.0022737267431 
15 60 0 8 0.00227346289774 
3 25 0 8 0.00227327296967 
51 74 0 8 0.00226500351275 
28 70 0 8 0.0022644335682 
6 71 0 8 0.00225933652068 
27 73 0 8 0.00225882065674 
2 65 0 8 0.00225377053333 
6 44 0 8 0.00224503924255 
6 31 0 8 0.00224435065439 
19 31 0 8 0.00223570879964 
20 59 0 8 0.00222801380158 
33 49 0 8 0.00222691079364 
24 55 0 8 0.00222454893622 
8 69 0 8 0.00222098537736 
7 74 0 8 0.00220855061994 
29 70 0 8 0.00220769811004 
8 64 0 8 0.002206099199 
1 57 0 8 0.00220506617007 
26 39 0 8 0.00220097432704 
32 53 0 8 0.00219460202117 
2 57 0 8 0.00219292066211 
2 24 0 8 0.00219206560491 
15 55 0 8 0.00218976233135 
1 25 0 8 0.00218726254319 
32 54 0 8 0.0021850256693 
52 74 0 8 0.00217942329341 
1 70 0 8 0.00217835755219 
20 32 0 8 0.00217403644182 
23 55 0 8 0.00217269155106 
11 60 0 8 0.00217131736077 
18 55 0 8 0.00216915822172 
40 53 0 8 0.00216675098129 
45 58 0 8 0.00215167143618 
13 27 0 8 0.00214850257014 
11 55 0 8 0.00214430694483 
56 70 0 8 0.00214157234497 
55 73 0 8 0.0021336827354 
14 54 0 8 0.00212362963866 
58 71 0 8 0.00208503289116 
3 18 0 8 0.00206252458747 
1 23 0 8 0.00204618558034 
44 71 0 8 0.00204152712708 
59 72 0 8 0.00203458237524 
23 73 0 8 0.0020201586669 
1 18 0 8 0.00197992683174 
8 20 0 8 0.00196807743947 
60 72 0 8 0.0019629754013 
1 55 0 8 0.00190310024864 
60 73 0 8 0.0019021778711 
29 72 0 8 0.00184271433594 
2 40 0 8 0.00179268280803 
1 48 0 8 0.00174284793547 
18 74 0 8 0.00164444641336 
